-22.8095 8.623 820.425
-22.8731 8.69638 818.489
-22.7836 8.71937 816.59
-22.5207 8.74712 814.625
-22.1047 8.77759 812.47
-21.4378 8.82117 810.205
-20.5821 8.86074 808.064
-19.639 8.88924 805.996
-18.5694 8.92377 804.174
-17.4758 8.9546 802.604

-21.9455 8.63288 819.922
-21.9749 8.70574 818.049
-21.8567 8.72796 816.214
-21.5682 8.7549 814.321
-21.1313 8.78441 812.241
-20.4476 8.82684 810.065
-19.5835 8.8652 808.012
-18.6394 8.89269 806.024
-17.575 8.92609 804.28
-16.4913 8.95586 802.78

-21.0815 8.64276 819.418
-21.0768 8.7151 817.609
-20.9299 8.73654 815.839
-20.6157 8.76268 814.016
-20.1579 8.79123 812.012
-19.4575 8.83251 809.925
-18.5849 8.86967 807.959
-17.6398 8.89615 806.052
-16.5807 8.92841 804.386
-15.5069 8.95712 802.956

-20.2175 8.65265 818.915
-20.1786 8.72447 817.17
-20.003 8.74513 815.464
-19.6633 8.77047 813.711
-19.1845 8.79805 811.783
-18.4673 8.83818 809.785
-17.5862 8.87414 807.907
-16.6402 8.8996 806.08
-15.5863 8.93073 804.492
-14.5225 8.95838 803.131

-19.3534 8.66253 818.411
-19.2804 8.73383 816.73
-19.0762 8.75371 815.088
-18.7108 8.77825 813.407
-18.2111 8.80487 811.554
-17.4772 8.84385 809.646
-16.5876 8.8786 807.855
-15.6406 8.90306 806.108
-14.5919 8.93305 804.597
-13.5381 8.95963 803.307

-18.4894 8.67241 817.908
-18.3822 8.7432 816.291
-18.1493 8.7623 814.713
-17.7584 8.78603 813.102
-17.2377 8.81169 811.325
-16.487 8.84952 809.506
-15.589 8.88307 807.803
-14.641 8.90651 806.136
-13.5975 8.93536 804.703
-12.5536 8.96089 803.483

-17.6254 8.68229 817.405
-17.4841 8.75256 815.851
-17.2225 8.77088 814.338
-16.8059 8.79382 812.798
-16.2643 8.81851 811.096
-15.4969 8.85519 809.366
-14.5903 8.88754 807.751
-13.6414 8.90996 806.164
-12.6032 8.93768 804.809
-11.5692 8.96215 803.659

-16.7614 8.69218 816.901
-16.5859 8.76193 815.412
-16.2957 8.77947 813.962
-15.8535 8.8016 812.493
-15.2908 8.82534 810.867
-14.5067 8.86086 809.226
-13.5917 8.892 807.698
-12.6418 8.91342 806.192
-11.6088 8.94 804.915
-10.5848 8.96341 803.835

-15.8974 8.70206 816.398
-15.6877 8.77129 814.972
-15.3688 8.78805 813.587
-14.901 8.80938 812.189
-14.3174 8.83216 810.638
-13.5166 8.86652 809.086
-12.5931 8.89647 807.646
-11.6422 8.91687 806.22
-10.6144 8.94232 805.021
-9.60036 8.96467 804.01

-22.8192 9.62295 820.428
-22.8821 9.69633 818.491
-22.7918 9.71934 816.592
-22.5281 9.74709 814.628
-22.1112 9.77756 812.472
-21.4432 9.82116 810.207
-20.5866 9.86073 808.064
-19.6425 9.88923 805.999
-18.5721 9.92376 804.177
-17.4777 9.95459 802.608

-21.9551 9.63283 819.925
-21.9839 9.7057 818.052
-21.8649 9.72792 816.217
-21.5756 9.75487 814.323
-21.1378 9.78438 812.243
-20.4531 9.82683 810.067
-19.5879 9.86519 808.012
-18.6429 9.89268 806.027
-17.5777 9.92608 804.283
-16.4933 9.95585 802.784

-21.0911 9.64271 819.421
-21.0858 9.71506 817.612
-20.9381 9.73651 815.842
-20.6231 9.76265 814.018
-20.1644 9.7912 812.014
-19.4629 9.83249 809.927
-18.5893 9.86966 807.96
-17.6433 9.89614 806.055
-16.5834 9.9284 804.389
-15.5089 9.95711 802.959

-20.2271 9.65259 818.918
-20.1876 9.72442 817.173
-20.0112 9.74509 815.466
-19.6707 9.77044 813.714
-19.191 9.79803 811.785
-18.4728 9.83816 809.787
-17.5907 9.87413 807.908
-16.6437 9.89959 806.083
-15.589 9.93072 804.495
-14.5244 9.95837 803.135

-19.3631 9.66248 818.415
-19.2894 9.73379 816.733
-19.0844 9.75368 815.091
-18.7182 9.77822 813.409
-18.2176 9.80485 811.556
-17.4826 9.84383 809.647
-16.592 9.87859 807.855
-15.6441 9.90305 806.111
-14.5946 9.93304 804.601
-13.54 9.95963 803.311

-18.4991 9.67236 817.911
-18.3913 9.74315 816.294
-18.1575 9.76226 814.716
-17.7658 9.786 813.105
-17.2442 9.81167 811.327
-16.4925 9.8495 809.508
-15.5934 9.88306 807.803
-14.6445 9.9065 806.139
-13.6002 9.93535 804.707
-12.5556 9.96089 803.487

-17.635 9.68224 817.408
-17.4931 9.75252 815.854
-17.2307 9.77084 814.34
-16.8133 9.79379 812.8
-16.2708 9.81849 811.098
-15.5023 9.85517 809.368
-14.5948 9.88753 807.751
-13.6449 9.90995 806.167
-12.6059 9.93767 804.813
-11.5712 9.96214 803.663

-16.771 9.69213 816.904
-16.5949 9.76188 815.415
-16.3039 9.77943 813.965
-15.8609 9.80157 812.496
-15.2973 9.82531 810.87
-14.5122 9.86084 809.228
-13.5962 9.89199 807.699
-12.6453 9.91341 806.195
-11.6115 9.93999 804.919
-10.5867 9.9634 803.838

-15.907 9.70201 816.401
-15.6967 9.77125 814.975
-15.377 9.78801 813.589
-14.9084 9.80935 812.191
-14.3239 9.83213 810.641
-13.522 9.86651 809.088
-12.5975 9.89646 807.647
-11.6457 9.91686 806.223
-10.6171 9.94231 805.024
-9.60232 9.96466 804.014

-22.8288 10.6229 820.431
-22.8911 10.6963 818.494
-22.7999 10.7193 816.595
-22.5355 10.7471 814.63
-22.1177 10.7775 812.474
-21.4487 10.8211 810.209
-20.591 10.8607 808.065
-19.6461 10.8892 806.002
-18.5748 10.9238 804.181
-17.4797 10.9546 802.612

-21.9648 10.6328 819.928
-21.993 10.7057 818.055
-21.8731 10.7279 816.22
-21.583 10.7548 814.325
-21.1443 10.7844 812.246
-20.4585 10.8268 810.069
-19.5924 10.8652 808.013
-18.6465 10.8927 806.03
-17.5804 10.9261 804.287
-16.4952 10.9558 802.787

-21.1008 10.6427 819.424
-21.0948 10.715 817.615
-20.9463 10.7365 815.844
-20.6305 10.7626 814.021
-20.1709 10.7912 812.017
-19.4684 10.8325 809.929
-18.5937 10.8696 807.96
-17.6469 10.8961 806.058
-16.5861 10.9284 804.393
-15.5108 10.9571 802.963

-20.2367 10.6525 818.921
-20.1966 10.7244 817.176
-20.0194 10.7451 815.469
-19.6781 10.7704 813.716
-19.1975 10.798 811.788
-18.4782 10.8381 809.789
-17.5951 10.8741 807.908
-16.6472 10.8996 806.086
-15.5917 10.9307 804.498
-14.5264 10.9584 803.139

-19.3727 10.6624 818.418
-19.2984 10.7337 816.736
-19.0926 10.7536 815.094
-18.7256 10.7782 813.412
-18.2241 10.8048 811.559
-17.4881 10.8438 809.649
-16.5965 10.8786 807.856
-15.6476 10.903 806.114
-14.5973 10.933 804.604
-13.542 10.9596 803.315

-18.5087 10.6723 817.914
-18.4003 10.7431 816.297
-18.1657 10.7622 814.718
-17.7732 10.786 813.107
-17.2507 10.8116 811.33
-16.4979 10.8495 809.509
-15.5979 10.883 807.804
-14.648 10.9065 806.142
-13.6029 10.9353 804.71
-12.5576 10.9609 803.491

-17.6447 10.6822 817.411
-17.5021 10.7525 815.857
-17.2389 10.7708 814.343
-16.8207 10.7938 812.803
-16.2772 10.8185 811.101
-15.5078 10.8552 809.37
-14.5992 10.8875 807.752
-13.6484 10.9099 806.17
-12.6086 10.9377 804.816
-11.5731 10.9621 803.666

-16.7807 10.6921 816.908
-16.6039 10.7618 815.417
-16.3121 10.7794 813.967
-15.8683 10.8015 812.498
-15.3038 10.8253 810.872
-14.5176 10.8608 809.23
-13.6006 10.892 807.699
-12.6488 10.9134 806.198
-11.6142 10.94 804.922
-10.5887 10.9634 803.842

-15.9166 10.702 816.404
-15.7058 10.7712 814.978
-15.3852 10.788 813.592
-14.9158 10.8093 812.193
-14.3304 10.8321 810.643
-13.5275 10.8665 809.09
-12.602 10.8964 807.647
-11.6492 10.9169 806.226
-10.6198 10.9423 805.028
-9.60428 10.9647 804.018

-22.8385 11.6228 820.434
-22.9001 11.6962 818.497
-22.8081 11.7193 816.598
-22.5429 11.747 814.632
-22.1242 11.7775 812.477
-21.4541 11.8211 810.211
-20.5954 11.8607 808.065
-19.6496 11.8892 806.004
-18.5775 11.9237 804.184
-17.4816 11.9546 802.615

-21.9744 11.6327 819.931
-22.002 11.7056 818.058
-21.8813 11.7278 816.222
-21.5904 11.7548 814.328
-21.1508 11.7843 812.248
-20.464 11.8268 810.071
-19.5968 11.8652 808.013
-18.65 11.8927 806.032
-17.5831 11.9261 804.29
-16.4972 11.9558 802.791

-21.1104 11.6426 819.427
-21.1038 11.715 817.618
-20.9545 11.7364 815.847
-20.6379 11.7626 814.023
-20.1774 11.7912 812.019
-19.4738 11.8325 809.931
-18.5982 11.8696 807.961
-17.6504 11.8961 806.06
-16.5888 11.9284 804.396
-15.5128 11.9571 802.967

-20.2464 11.6525 818.924
-20.2056 11.7243 817.179
-20.0276 11.745 815.471
-19.6855 11.7704 813.719
-19.204 11.798 811.79
-18.4837 11.8381 809.791
-17.5996 11.8741 807.909
-16.6508 11.8996 806.088
-15.5944 11.9307 804.502
-14.5284 11.9583 803.143

-19.3824 11.6624 818.421
-19.3075 11.7337 816.739
-19.1008 11.7536 815.096
-18.733 11.7782 813.414
-18.2306 11.8048 811.561
-17.4935 11.8438 809.651
-16.6009 11.8786 807.857
-15.6512 11.903 806.116
-14.6 11.933 804.608
-13.5439 11.9596 803.319

-18.5184 11.6723 817.917
-18.4093 11.7431 816.299
-18.1739 11.7622 814.721
-17.7806 11.7859 813.11
-17.2571 11.8116 811.332
-16.5034 11.8495 809.511
-15.6023 11.883 807.804
-14.6516 11.9065 806.144
-13.6056 11.9353 804.714
-12.5595 11.9609 803.494

-17.6543 11.6821 817.414
-17.5111 11.7524 815.86
-17.2471 11.7708 814.345
-16.8281 11.7937 812.805
-16.2837 11.8184 811.103
-15.5133 11.8551 809.371
-14.6037 11.8875 807.752
-13.652 11.9099 806.172
-12.6113 11.9377 804.82
-11.5751 11.9621 803.67

-16.7903 11.692 816.911
-16.6129 11.7618 815.42
-16.3203 11.7794 813.97
-15.8757 11.8015 812.5
-15.3103 11.8253 810.874
-14.5231 11.8608 809.231
-13.6051 11.892 807.7
-12.6524 11.9134 806.2
-11.6169 11.94 804.925
-10.5907 11.9634 803.846

-15.9263 11.7019 816.407
-15.7148 11.7712 814.981
-15.3934 11.7879 813.595
-14.9232 11.8093 812.196
-14.3369 11.8321 810.645
-13.533 11.8665 809.092
-12.6064 11.8964 807.648
-11.6528 11.9168 806.228
-10.6225 11.9423 805.031
-9.60624 11.9646 804.022

-22.8481 12.6228 820.437
-22.9092 12.6962 818.5
-22.8163 12.7192 816.6
-22.5503 12.747 814.635
-22.1307 12.7775 812.479
-21.4596 12.8211 810.213
-20.5999 12.8607 808.066
-19.6531 12.8892 806.007
-18.5802 12.9237 804.188
-17.4836 12.9546 802.619

-21.9841 12.6327 819.934
-22.011 12.7056 818.061
-21.8895 12.7278 816.225
-21.5978 12.7548 814.33
-21.1573 12.7843 812.25
-20.4694 12.8268 810.073
-19.6013 12.8652 808.014
-18.6535 12.8927 806.035
-17.5858 12.9261 804.294
-16.4992 12.9558 802.795

-21.1201 12.6426 819.431
-21.1128 12.7149 817.621
-20.9627 12.7364 815.849
-20.6453 12.7626 814.026
-20.1839 12.7911 812.021
-19.4793 12.8324 809.933
-18.6026 12.8696 807.961
-17.6539 12.8961 806.063
-16.5915 12.9284 804.399
-15.5147 12.9571 802.971

-20.256 12.6524 818.927
-20.2146 12.7243 817.181
-20.0358 12.745 815.474
-19.6929 12.7703 813.721
-19.2105 12.798 811.792
-18.4892 12.8381 809.793
-17.604 12.8741 807.909
-16.6543 12.8996 806.091
-15.5971 12.9307 804.505
-14.5303 12.9583 803.147

-19.392 12.6623 818.424
-19.3165 12.7337 816.742
-19.109 12.7536 815.099
-18.7404 12.7781 813.417
-18.2371 12.8048 811.563
-17.499 12.8438 809.653
-16.6054 12.8786 807.857
-15.6547 12.903 806.119
-14.6027 12.933 804.611
-13.5459 12.9596 803.322

-18.528 12.6722 817.92
-18.4183 12.743 816.302
-18.1821 12.7621 814.723
-17.788 12.7859 813.112
-17.2636 12.8116 811.334
-16.5089 12.8495 809.513
-15.6068 12.883 807.805
-14.6551 12.9065 806.147
-13.6083 12.9353 804.717
-12.5615 12.9609 803.498

-17.664 12.6821 817.417
-17.5201 12.7524 815.863
-17.2553 12.7707 814.348
-16.8355 12.7937 812.807
-16.2902 12.8184 811.105
-15.5187 12.8551 809.373
-14.6081 12.8875 807.753
-13.6555 12.9099 806.175
-12.614 12.9376 804.823
-11.577 12.9621 803.674

-16.8 12.692 816.914
-16.622 12.7617 815.423
-16.3285 12.7793 813.973
-15.8831 12.8015 812.503
-15.3168 12.8252 810.876
-14.5286 12.8608 809.233
-13.6095 12.892 807.701
-12.6559 12.9134 806.203
-11.6196 12.94 804.929
-10.5926 12.9634 803.85

-15.9359 12.7019 816.41
-15.7238 12.7711 814.984
-15.4016 12.7879 813.597
-14.9306 12.8093 812.198
-14.3434 12.8321 810.647
-13.5384 12.8665 809.093
-12.6109 12.8964 807.648
-11.6563 12.9168 806.231
-10.6252 12.9423 805.035
-9.6082 12.9646 804.026

-22.8577 13.6227 820.44
-22.9182 13.6962 818.503
-22.8245 13.7192 816.603
-22.5577 13.747 814.637
-22.1372 13.7775 812.481
-21.4651 13.8211 810.215
-20.6043 13.8607 808.066
-19.6567 13.8892 806.01
-18.5829 13.9237 804.191
-17.4855 13.9546 802.623

-21.9937 13.6326 819.937
-22.02 13.7055 818.063
-21.8977 13.7278 816.227
-21.6052 13.7547 814.333
-21.1638 13.7843 812.252
-20.4749 13.8268 810.075
-19.6057 13.8652 808.014
-18.6571 13.8926 806.038
-17.5885 13.926 804.297
-16.5011 13.9558 802.799

-21.1297 13.6425 819.434
-21.1218 13.7149 817.624
-20.9709 13.7364 815.852
-20.6528 13.7625 814.028
-20.1904 13.7911 812.023
-19.4848 13.8324 809.935
-18.6071 13.8696 807.962
-17.6575 13.8961 806.066
-16.5942 13.9284 804.403
-15.5167 13.9571 802.975

-20.2657 13.6524 818.93
-20.2236 13.7242 817.184
-20.044 13.7449 815.477
-19.7003 13.7703 813.724
-19.217 13.7979 811.794
-18.4946 13.8381 809.795
-17.6084 13.8741 807.91
-16.6579 13.8996 806.094
-15.5998 13.9307 804.509
-14.5323 13.9583 803.15

-19.4017 13.6623 818.427
-19.3255 13.7336 816.745
-19.1172 13.7535 815.101
-18.7478 13.7781 813.419
-18.2435 13.8048 811.565
-17.5045 13.8438 809.655
-16.6098 13.8786 807.858
-15.6583 13.903 806.122
-14.6054 13.933 804.615
-13.5479 13.9596 803.326

-18.5376 13.6722 817.924
-18.4273 13.743 816.305
-18.1903 13.7621 814.726
-17.7954 13.7859 813.114
-17.2701 13.8116 811.336
-16.5143 13.8494 809.515
-15.6112 13.883 807.805
-14.6586 13.9065 806.15
-13.611 13.9353 804.721
-12.5634 13.9608 803.502

-17.6736 13.682 817.42
-17.5291 13.7523 815.866
-17.2635 13.7707 814.351
-16.8429 13.7937 812.81
-16.2967 13.8184 811.107
-15.5242 13.8551 809.375
-14.6126 13.8875 807.753
-13.659 13.9099 806.178
-12.6167 13.9376 804.826
-11.579 13.9621 803.678

-16.8096 13.6919 816.917
-16.631 13.7617 815.426
-16.3367 13.7793 813.975
-15.8905 13.8014 812.505
-15.3233 13.8252 810.878
-14.534 13.8608 809.235
-13.6139 13.892 807.701
-12.6594 13.9134 806.206
-11.6223 13.94 804.932
-10.5946 13.9634 803.854

-15.9456 13.7018 816.413
-15.7328 13.7711 814.987
-15.4098 13.7879 813.6
-14.938 13.8092 812.201
-14.3499 13.832 810.649
-13.5439 13.8664 809.095
-12.6153 13.8964 807.649
-11.6598 13.9168 806.234
-10.6279 13.9423 805.038
-9.61016 13.9646 804.029

-22.8674 14.6227 820.443
-22.9272 14.6961 818.506
-22.8327 14.7192 816.605
-22.5651 14.7469 814.64
-22.1437 14.7774 812.483
-21.4705 14.8211 810.216
-20.6088 14.8607 808.067
-19.6602 14.8892 806.013
-18.5856 14.9237 804.194
-17.4875 14.9545 802.627

-22.0034 14.6326 819.94
-22.029 14.7055 818.066
-21.9059 14.7277 816.23
-21.6126 14.7547 814.335
-21.1703 14.7843 812.254
-20.4804 14.8267 810.077
-19.6101 14.8651 808.015
-18.6606 14.8926 806.041
-17.5912 14.926 804.3
-16.5031 14.9558 802.803

-21.1394 14.6425 819.437
-21.1308 14.7148 817.627
-20.9791 14.7363 815.855
-20.6602 14.7625 814.031
-20.1969 14.7911 812.025
-19.4902 14.8324 809.937
-18.6115 14.8696 807.963
-17.661 14.8961 806.069
-16.5969 14.9284 804.406
-15.5187 14.9571 802.978

-20.2753 14.6523 818.933
-20.2327 14.7242 817.187
-20.0522 14.7449 815.479
-19.7077 14.7703 813.726
-19.2234 14.7979 811.796
-18.5001 14.8381 809.797
-17.6129 14.8741 807.91
-16.6614 14.8995 806.097
-15.6025 14.9307 804.512
-14.5342 14.9583 803.154

-19.4113 14.6622 818.43
-19.3345 14.7336 816.748
-19.1254 14.7535 815.104
-18.7552 14.7781 813.421
-18.25 14.8047 811.567
-17.5099 14.8437 809.657
-16.6143 14.8785 807.858
-15.6618 14.903 806.125
-14.6081 14.933 804.618
-13.5498 14.9596 803.33

-18.5473 14.6721 817.927
-18.4363 14.7429 816.308
-18.1985 14.7621 814.729
-17.8028 14.7859 813.117
-17.2766 14.8116 811.338
-16.5198 14.8494 809.517
-15.6156 14.883 807.806
-14.6622 14.9064 806.153
-13.6137 14.9353 804.724
-12.5654 14.9608 803.506

-17.6833 14.682 817.423
-17.5381 14.7523 815.869
-17.2717 14.7707 814.353
-16.8503 14.7936 812.812
-16.3032 14.8184 811.109
-15.5296 14.8551 809.377
-14.617 14.8875 807.754
-13.6626 14.9099 806.181
-12.6194 14.9376 804.83
-11.581 14.9621 803.682

-16.8192 14.6919 816.92
-16.64 14.7617 815.429
-16.3449 14.7792 813.978
-15.8979 14.8014 812.508
-15.3298 14.8252 810.88
-14.5395 14.8608 809.237
-13.6184 14.8919 807.702
-12.663 14.9134 806.209
-11.625 14.9399 804.936
-10.5965 14.9634 803.857

-15.9552 14.7018 816.417
-15.7418 14.771 814.99
-15.418 14.7878 813.603
-14.9454 14.8092 812.203
-14.3564 14.832 810.651
-13.5493 14.8664 809.097
-12.6198 14.8964 807.649
-11.6634 14.9168 806.237
-10.6306 14.9423 805.042
-9.61212 14.9646 804.033

-22.877 15.6226 820.446
-22.9362 15.6961 818.509
-22.8409 15.7191 816.608
-22.5725 15.7469 814.642
-22.1502 15.7774 812.485
-21.476 15.8211 810.218
-20.6132 15.8607 808.068
-19.6637 15.8892 806.016
-18.5883 15.9237 804.198
-17.4895 15.9545 802.631

-22.013 15.6325 819.943
-22.038 15.7054 818.069
-21.9141 15.7277 816.233
-21.62 15.7547 814.337
-21.1768 15.7842 812.256
-20.4858 15.8267 810.078
-19.6146 15.8651 808.015
-18.6641 15.8926 806.044
-17.5939 15.926 804.304
-16.505 15.9558 802.806

-21.149 15.6424 819.44
-21.1398 15.7148 817.63
-20.9873 15.7363 815.857
-20.6676 15.7625 814.033
-20.2034 15.7911 812.027
-19.4957 15.8324 809.939
-18.616 15.8696 807.963
-17.6645 15.8961 806.072
-16.5996 15.9283 804.41
-15.5206 15.9571 802.982

-20.285 15.6523 818.936
-20.2417 15.7242 817.19
-20.0604 15.7449 815.482
-19.7151 15.7703 813.728
-19.2299 15.7979 811.799
-18.5055 15.8381 809.799
-17.6173 15.8741 807.911
-16.6649 15.8995 806.1
-15.6052 15.9307 804.516
-14.5362 15.9583 803.158

-19.421 15.6622 818.433
-19.3435 15.7335 816.751
-19.1336 15.7535 815.107
-18.7626 15.778 813.424
-18.2565 15.8047 811.57
-17.5154 15.8437 809.659
-16.6187 15.8785 807.859
-15.6653 15.903 806.128
-14.6108 15.933 804.622
-13.5518 15.9596 803.334

-18.5569 15.6721 817.93
-18.4453 15.7429 816.311
-18.2067 15.762 814.731
-17.8102 15.7858 813.119
-17.2831 15.8115 811.341
-16.5252 15.8494 809.519
-15.6201 15.883 807.807
-14.6657 15.9064 806.156
-13.6164 15.9353 804.727
-12.5673 15.9608 803.51

-17.6929 15.6819 817.426
-17.5472 15.7522 815.871
-17.2799 15.7706 814.356
-16.8577 15.7936 812.815
-16.3097 15.8183 811.112
-15.5351 15.8551 809.379
-14.6215 15.8875 807.754
-13.6661 15.9099 806.184
-12.6221 15.9376 804.833
-11.5829 15.9621 803.685

-16.8289 15.6918 816.923
-16.649 15.7616 815.432
-16.3531 15.7792 813.981
-15.9053 15.8014 812.51
-15.3363 15.8252 810.883
-14.5449 15.8607 809.239
-13.6228 15.8919 807.702
-12.6665 15.9133 806.212
-11.6277 15.9399 804.939
-10.5985 15.9633 803.861

-15.9649 15.7017 816.42
-15.7508 15.771 814.992
-15.4262 15.7878 813.605
-14.9528 15.8092 812.206
-14.3629 15.832 810.654
-13.5548 15.8664 809.099
-12.6242 15.8964 807.65
-11.6669 15.9168 806.24
-10.6333 15.9423 805.045
-9.61408 15.9646 804.037

-22.8867 16.6226 820.45
-22.9452 16.696 818.512
-22.8491 16.7191 816.611
-22.5799 16.7469 814.644
-22.1567 16.7774 812.488
-21.4814 16.821 810.22
-20.6177 16.8607 808.068
-19.6673 16.8892 806.018
-18.591 16.9237 804.201
-17.4914 16.9545 802.634

-22.0227 16.6325 819.946
-22.047 16.7054 818.072
-21.9223 16.7277 816.235
-21.6274 16.7547 814.34
-21.1833 16.7842 812.259
-20.4913 16.8267 810.08
-19.619 16.8651 808.016
-18.6677 16.8926 806.046
-17.5966 16.926 804.307
-16.507 16.9558 802.81

-21.1586 16.6424 819.443
-21.1489 16.7147 817.633
-20.9955 16.7362 815.86
-20.675 16.7624 814.035
-20.2098 16.791 812.03
-19.5011 16.8324 809.94
-18.6204 16.8696 807.964
-17.6681 16.8961 806.074
-16.6023 16.9283 804.413
-15.5226 16.957 802.986

-20.2946 16.6522 818.939
-20.2507 16.7241 817.193
-20.0686 16.7448 815.485
-19.7225 16.7702 813.731
-19.2364 16.7979 811.801
-18.511 16.838 809.801
-17.6218 16.8741 807.911
-16.6685 16.8995 806.102
-15.6079 16.9307 804.519
-14.5382 16.9583 803.162

-19.4306 16.6621 818.436
-19.3525 16.7335 816.753
-19.1418 16.7534 815.109
-18.77 16.778 813.426
-18.263 16.8047 811.572
-17.5208 16.8437 809.661
-16.6232 16.8785 807.859
-15.6689 16.903 806.13
-14.6135 16.933 804.625
-13.5537 16.9596 803.338

-18.5666 16.672 817.933
-18.4543 16.7428 816.314
-18.2149 16.762 814.734
-17.8176 16.7858 813.122
-17.2896 16.8115 811.343
-16.5307 16.8494 809.521
-15.6245 16.883 807.807
-14.6693 16.9064 806.158
-13.6191 16.9353 804.731
-12.5693 16.9608 803.513

-17.7026 16.6819 817.429
-17.5562 16.7522 815.874
-17.2881 16.7706 814.359
-16.8651 16.7936 812.817
-16.3162 16.8183 811.114
-15.5405 16.8551 809.381
-14.6259 16.8875 807.755
-13.6696 16.9099 806.186
-12.6248 16.9376 804.837
-11.5849 16.9621 803.689

-16.8385 16.6918 816.926
-16.658 16.7616 815.435
-16.3613 16.7792 813.983
-15.9127 16.8014 812.512
-15.3428 16.8251 810.885
-14.5504 16.8607 809.241
-13.6273 16.8919 807.703
-12.67 16.9133 806.214
-11.6304 16.9399 804.943
-10.6005 16.9633 803.865

-15.9745 16.7016 816.423
-15.7598 16.7709 814.995
-15.4344 16.7878 813.608
-14.9602 16.8091 812.208
-14.3694 16.832 810.656
-13.5603 16.8664 809.101
-12.6286 16.8964 807.65
-11.6704 16.9168 806.242
-10.636 16.9422 805.049
-9.61603 16.9646 804.041

