-5.00783 -10.4769 141.342
-5.0905 -10.4728 141.411
-5.3489 -10.4702 141.663
-5.60335 -10.4665 141.954
-5.84209 -10.4634 142.258
-6.07261 -10.4612 142.609
-6.27905 -10.4608 143.012
-6.42918 -10.4605 143.362
-6.57374 -10.4608 143.791
-6.66643 -10.4614 144.155

-4.05278 -10.5197 141.635
-4.12909 -10.5153 141.683
-4.37072 -10.5124 141.867
-4.6127 -10.5083 142.083
-4.84443 -10.5045 142.313
-5.07379 -10.5016 142.582
-5.28615 -10.5002 142.9
-5.44742 -10.4989 143.176
-5.61202 -10.4978 143.52
-5.72735 -10.4972 143.813

-3.09773 -10.5625 141.929
-3.16767 -10.5578 141.955
-3.39253 -10.5546 142.07
-3.62205 -10.55 142.213
-3.84677 -10.5457 142.368
-4.07497 -10.542 142.556
-4.29325 -10.5396 142.788
-4.46567 -10.5372 142.99
-4.6503 -10.5348 143.248
-4.78827 -10.5329 143.471

-2.14268 -10.6053 142.222
-2.20626 -10.6002 142.227
-2.41434 -10.5968 142.274
-2.6314 -10.5917 142.343
-2.84911 -10.5868 142.422
-3.07614 -10.5825 142.529
-3.30035 -10.579 142.676
-3.48391 -10.5756 142.803
-3.68858 -10.5718 142.977
-3.84919 -10.5687 143.129

-1.18763 -10.6482 142.515
-1.24484 -10.6427 142.498
-1.43616 -10.639 142.477
-1.64076 -10.6335 142.473
-1.85146 -10.6279 142.477
-2.07732 -10.6229 142.502
-2.30745 -10.6184 142.564
-2.50216 -10.614 142.617
-2.72686 -10.6088 142.705
-2.91011 -10.6044 142.787

-0.232578 -10.691 142.809
-0.283431 -10.6852 142.77
-0.457971 -10.6812 142.68
-0.650107 -10.6752 142.603
-0.853797 -10.6691 142.532
-1.07849 -10.6633 142.475
-1.31455 -10.6578 142.451
-1.5204 -10.6524 142.431
-1.76514 -10.6457 142.434
-1.97102 -10.6402 142.445

0.722471 -10.7338 143.102
0.677983 -10.7277 143.042
0.520215 -10.7234 142.884
0.340541 -10.7169 142.733
0.143861 -10.7102 142.586
-0.0796664 -10.7037 142.448
-0.321644 -10.6972 142.339
-0.538645 -10.6907 142.245
-0.803418 -10.6827 142.162
-1.03194 -10.676 142.104

1.67752 -10.7766 143.395
1.6394 -10.7702 143.314
1.4984 -10.7655 143.087
1.33119 -10.7586 142.863
1.14152 -10.7513 142.641
0.919158 -10.7441 142.422
0.671257 -10.7366 142.227
0.443111 -10.7291 142.058
0.158301 -10.7197 141.891
-0.0928619 -10.7117 141.762

2.63257 -10.8194 143.689
2.60081 -10.8127 143.586
2.47659 -10.8077 143.291
2.32184 -10.8004 142.993
2.13918 -10.7925 142.696
1.91798 -10.7845 142.395
1.66416 -10.776 142.115
1.42487 -10.7675 141.872
1.12002 -10.7567 141.619
0.846219 -10.7475 141.42

-4.96164 -9.47795 141.338
-5.04489 -9.47382 141.406
-5.3044 -9.47126 141.657
-5.56018 -9.4675 141.945
-5.80032 -9.46431 142.248
-6.03248 -9.46209 142.599
-6.24062 -9.46158 143.002
-6.39241 -9.46124 143.35
-6.53902 -9.46151 143.778
-6.63341 -9.46203 144.141

-4.00659 -9.52077 141.631
-4.08348 -9.51631 141.678
-4.32621 -9.51344 141.86
-4.56954 -9.50923 142.075
-4.80266 -9.50544 142.302
-5.03365 -9.5025 142.572
-5.24772 -9.50099 142.889
-5.41066 -9.49961 143.164
-5.5773 -9.4985 143.507
-5.69433 -9.4978 143.799

-3.05154 -9.56359 141.924
-3.12207 -9.55881 141.95
-3.34803 -9.55563 142.063
-3.57889 -9.55096 142.205
-3.805 -9.54658 142.357
-4.03483 -9.54291 142.545
-4.25482 -9.54039 142.777
-4.4289 -9.53798 142.977
-4.61558 -9.53548 143.235
-4.75525 -9.53356 143.457

-2.09649 -9.60641 142.218
-2.16065 -9.6013 142.221
-2.36984 -9.59781 142.267
-2.58824 -9.59269 142.335
-2.80734 -9.58772 142.412
-3.036 -9.58331 142.518
-3.26192 -9.57979 142.665
-3.44715 -9.57635 142.791
-3.65386 -9.57246 142.963
-3.81617 -9.56932 143.115

-1.14144 -9.64923 142.511
-1.19924 -9.64379 142.493
-1.39165 -9.64 142.47
-1.59759 -9.63442 142.465
-1.80968 -9.62885 142.466
-2.03718 -9.62372 142.492
-2.26902 -9.61919 142.553
-2.46539 -9.61473 142.605
-2.69214 -9.60945 142.692
-2.87709 -9.60508 142.773

-0.186387 -9.69205 142.804
-0.237827 -9.68628 142.765
-0.413468 -9.68218 142.674
-0.606944 -9.67615 142.595
-0.812025 -9.66999 142.521
-1.03835 -9.66413 142.465
-1.27612 -9.6586 142.44
-1.48364 -9.6531 142.419
-1.73042 -9.64643 142.42
-1.93801 -9.64084 142.432

0.768663 -9.73488 143.098
0.723587 -9.72877 143.037
0.564719 -9.72437 142.877
0.383704 -9.71788 142.725
0.185633 -9.71113 142.576
-0.0395277 -9.70453 142.438
-0.283216 -9.698 142.328
-0.501881 -9.69147 142.233
-0.768702 -9.68342 142.149
-0.998926 -9.6766 142.09

1.72371 -9.7777 143.391
1.685 -9.77126 143.309
1.54291 -9.76655 143.08
1.37435 -9.75961 142.855
1.18329 -9.75226 142.63
0.959297 -9.74494 142.411
0.709685 -9.7374 142.216
0.479874 -9.72985 142.046
0.193017 -9.7204 141.877
-0.059845 -9.71237 141.748

2.67876 -9.82052 143.684
2.64641 -9.81375 143.58
2.52109 -9.80874 143.284
2.365 -9.80134 142.985
2.18095 -9.7934 142.685
1.95812 -9.78535 142.384
1.70259 -9.7768 142.104
1.46163 -9.76822 141.86
1.15474 -9.75739 141.606
0.879236 -9.74813 141.406

-4.91544 -8.47902 141.333
-4.99929 -8.47488 141.401
-5.2599 -8.47227 141.65
-5.51702 -8.46847 141.937
-5.75854 -8.46524 142.237
-5.99234 -8.46295 142.588
-6.2022 -8.46238 142.991
-6.35565 -8.46199 143.338
-6.5043 -8.4622 143.765
-6.6004 -8.46267 144.127

-3.96039 -8.52185 141.626
-4.03788 -8.51737 141.673
-4.28171 -8.51446 141.853
-4.52637 -8.5102 142.067
-4.76088 -8.50637 142.292
-4.99351 -8.50336 142.561
-5.20929 -8.50178 142.879
-5.37389 -8.50036 143.152
-5.54258 -8.49919 143.493
-5.66132 -8.49844 143.785

-3.00534 -8.56467 141.92
-3.07646 -8.55986 141.945
-3.30352 -8.55664 142.057
-3.53573 -8.55193 142.197
-3.76323 -8.54751 142.347
-3.99469 -8.54377 142.535
-4.21639 -8.54119 142.766
-4.39214 -8.53873 142.965
-4.58086 -8.53617 143.222
-4.72223 -8.5342 143.443

-2.05029 -8.60749 142.213
-2.11505 -8.60235 142.216
-2.32534 -8.59883 142.26
-2.54508 -8.59366 142.327
-2.76557 -8.58865 142.401
-2.99586 -8.58417 142.508
-3.22349 -8.58059 142.654
-3.41038 -8.5771 142.779
-3.61915 -8.57315 142.95
-3.78315 -8.56996 143.101

-1.09524 -8.65031 142.506
-1.15364 -8.64484 142.488
-1.34715 -8.64101 142.463
-1.55443 -8.63538 142.457
-1.76791 -8.62978 142.456
-1.99704 -8.62458 142.481
-2.23059 -8.61999 142.542
-2.42863 -8.61548 142.593
-2.65743 -8.61014 142.679
-2.84407 -8.60572 142.76

-0.140195 -8.69313 142.8
-0.192223 -8.68733 142.76
-0.368964 -8.6832 142.667
-0.563782 -8.67711 142.587
-0.770252 -8.67092 142.511
-0.998214 -8.66499 142.454
-1.23769 -8.65939 142.43
-1.44687 -8.65385 142.407
-1.69571 -8.64712 142.407
-1.90499 -8.64148 142.418

0.814855 -8.73595 143.093
0.76919 -8.72982 143.032
0.609223 -8.72538 142.87
0.426867 -8.71884 142.717
0.227406 -8.71206 142.565
0.000610913 -8.70539 142.428
-0.244788 -8.6988 142.317
-0.465118 -8.69222 142.22
-0.733986 -8.68411 142.136
-0.965909 -8.67725 142.076

1.7699 -8.77878 143.386
1.7306 -8.77232 143.304
1.58741 -8.76757 143.074
1.41751 -8.76057 142.846
1.22506 -8.75319 142.62
0.999436 -8.7458 142.401
0.748113 -8.7382 142.205
0.516637 -8.73059 142.034
0.227734 -8.72109 141.864
-0.0268282 -8.71301 141.734

2.72495 -8.8216 143.68
2.69202 -8.81481 143.575
2.5656 -8.80975 143.277
2.40816 -8.8023 142.976
2.22272 -8.79433 142.674
1.99826 -8.78621 142.374
1.74101 -8.7776 142.093
1.49839 -8.76897 141.848
1.18945 -8.75808 141.593
0.912253 -8.74877 141.392

-4.86925 -7.4801 141.328
-4.95369 -7.47593 141.396
-5.21539 -7.47329 141.643
-5.47386 -7.46943 141.929
-5.71677 -7.46617 142.227
-5.9522 -7.46382 142.578
-6.16377 -7.46318 142.98
-6.31889 -7.46274 143.326
-6.46959 -7.46289 143.752
-6.56738 -7.46332 144.113

-3.9142 -7.52292 141.622
-3.99227 -7.51842 141.668
-4.23721 -7.51547 141.846
-4.48321 -7.51116 142.059
-4.71911 -7.5073 142.281
-4.95337 -7.50422 142.551
-5.17087 -7.50258 142.868
-5.33713 -7.50111 143.14
-5.50787 -7.49988 143.48
-5.6283 -7.49908 143.771

-2.95915 -7.56575 141.915
-3.03086 -7.56091 141.939
-3.25902 -7.55766 142.05
-3.49256 -7.55289 142.189
-3.72145 -7.54844 142.336
-3.95455 -7.54463 142.524
-4.17797 -7.54198 142.755
-4.35538 -7.53948 142.953
-4.54615 -7.53686 143.209
-4.68922 -7.53484 143.429

-2.0041 -7.60857 142.208
-2.06945 -7.6034 142.211
-2.28083 -7.59984 142.253
-2.50191 -7.59462 142.319
-2.7238 -7.58957 142.391
-2.95572 -7.58503 142.497
-3.18506 -7.58139 142.643
-3.37362 -7.57785 142.767
-3.58443 -7.57384 142.937
-3.75014 -7.5706 143.088

-1.04905 -7.65139 142.502
-1.10803 -7.6459 142.483
-1.30265 -7.64203 142.457
-1.51127 -7.63635 142.448
-1.72614 -7.63071 142.445
-1.9569 -7.62544 142.471
-2.19216 -7.62079 142.531
-2.39187 -7.61623 142.581
-2.62271 -7.61083 142.666
-2.81105 -7.60636 142.746

-0.0940031 -7.69421 142.795
-0.146619 -7.68839 142.755
-0.32446 -7.68421 142.66
-0.520619 -7.67808 142.578
-0.728479 -7.67185 142.5
-0.958075 -7.66585 142.444
-1.19926 -7.66019 142.419
-1.41011 -7.6546 142.395
-1.66099 -7.64781 142.394
-1.87197 -7.64212 142.404

0.861047 -7.73703 143.088
0.814794 -7.73088 143.027
0.653727 -7.7264 142.863
0.470029 -7.71981 142.708
0.269179 -7.71298 142.555
0.0407496 -7.70625 142.417
-0.20636 -7.69959 142.307
-0.428355 -7.69297 142.208
-0.69927 -7.6848 142.123
-0.932893 -7.67789 142.062

1.8161 -7.77985 143.382
1.77621 -7.77337 143.298
1.63191 -7.76858 143.067
1.46068 -7.76154 142.838
1.26684 -7.75412 142.609
1.03957 -7.74666 142.39
0.786542 -7.739 142.194
0.553401 -7.73134 142.022
0.26245 -7.72178 141.851
0.0061887 -7.71365 141.72

2.77115 -7.82267 143.675
2.73762 -7.81586 143.57
2.6101 -7.81077 143.27
2.45133 -7.80327 142.968
2.2645 -7.79526 142.664
2.0384 -7.78707 142.363
1.77944 -7.7784 142.082
1.53516 -7.76972 141.836
1.22417 -7.75876 141.58
0.94527 -7.74941 141.378

-4.82306 -6.48118 141.324
-4.90808 -6.47698 141.391
-5.17089 -6.4743 141.636
-5.4307 -6.4704 141.921
-5.675 -6.46709 142.216
-5.91206 -6.46468 142.567
-6.12534 -6.46398 142.969
-6.28212 -6.46349 143.314
-6.43487 -6.46358 143.739
-6.53436 -6.46396 144.099

-3.86801 -6.524 141.617
-3.94667 -6.51948 141.662
-4.1927 -6.51649 141.84
-4.44005 -6.51213 142.051
-4.67734 -6.50823 142.271
-4.91323 -6.50508 142.54
-5.13244 -6.50338 142.857
-5.30037 -6.50186 143.127
-5.47315 -6.50056 143.467
-5.59528 -6.49972 143.757

-2.91296 -6.56682 141.911
-2.98526 -6.56197 141.934
-3.21452 -6.55867 142.043
-3.4494 -6.55386 142.18
-3.67968 -6.54937 142.325
-3.91441 -6.54549 142.514
-4.13954 -6.54278 142.745
-4.31861 -6.54023 142.941
-4.51143 -6.53755 143.196
-4.6562 -6.53548 143.415

-1.95791 -6.60964 142.204
-2.02384 -6.60446 142.206
-2.23633 -6.60086 142.246
-2.45875 -6.59559 142.31
-2.68202 -6.5905 142.38
-2.91559 -6.5859 142.487
-3.14664 -6.58218 142.632
-3.33686 -6.5786 142.755
-3.54971 -6.57453 142.924
-3.71712 -6.57124 143.074

-1.00286 -6.65247 142.497
-1.06243 -6.64695 142.478
-1.25814 -6.64304 142.45
-1.4681 -6.63732 142.44
-1.68436 -6.63164 142.435
-1.91676 -6.6263 142.46
-2.15373 -6.62159 142.52
-2.3551 -6.61697 142.569
-2.58799 -6.61152 142.652
-2.77804 -6.607 142.732

-0.0478113 -6.69529 142.791
-0.101016 -6.68944 142.75
-0.279956 -6.68523 142.653
-0.477456 -6.67905 142.57
-0.686706 -6.67278 142.489
-0.917936 -6.66671 142.433
-1.16083 -6.66099 142.408
-1.37335 -6.65535 142.382
-1.62627 -6.6485 142.381
-1.83896 -6.64277 142.39

0.907238 -6.73811 143.084
0.860398 -6.73193 143.021
0.69823 -6.72741 142.857
0.513192 -6.72078 142.7
0.310952 -6.71391 142.544
0.0808882 -6.70712 142.407
-0.167932 -6.70039 142.296
-0.391591 -6.69372 142.196
-0.664554 -6.68549 142.109
-0.899876 -6.67853 142.048

1.86229 -6.78093 143.377
1.82181 -6.77442 143.293
1.67642 -6.7696 143.06
1.50384 -6.76251 142.83
1.30861 -6.75505 142.599
1.07971 -6.74752 142.38
0.82497 -6.73979 142.184
0.590164 -6.73209 142.01
0.297166 -6.72247 141.838
0.0392056 -6.71429 141.706

2.81734 -6.82375 143.671
2.78323 -6.81691 143.565
2.6546 -6.81178 143.263
2.49449 -6.80423 142.96
2.30627 -6.79619 142.653
2.07854 -6.78793 142.353
1.81787 -6.7792 142.071
1.57192 -6.77046 141.824
1.25889 -6.75945 141.566
0.978287 -6.75005 141.365

-4.77687 -5.48226 141.319
-4.86248 -5.47804 141.385
-5.12639 -5.47532 141.629
-5.38753 -5.47136 141.912
-5.63322 -5.46802 142.206
-5.87192 -5.46554 142.557
-6.08691 -5.46477 142.958
-6.24536 -5.46423 143.302
-6.40016 -5.46427 143.725
-6.50135 -5.4646 144.085

-3.82182 -5.52508 141.613
-3.90107 -5.52053 141.657
-4.1482 -5.5175 141.833
-4.39689 -5.51309 142.042
-4.63557 -5.50916 142.26
-4.8731 -5.50594 142.53
-5.09401 -5.50418 142.846
-5.2636 -5.50261 143.115
-5.43844 -5.50125 143.454
-5.56226 -5.50036 143.743

-2.86677 -5.5679 141.906
-2.93965 -5.56302 141.929
-3.17001 -5.55969 142.036
-3.40624 -5.55482 142.172
-3.63791 -5.5503 142.315
-3.87427 -5.54635 142.503
-4.10111 -5.54358 142.734
-4.28185 -5.54098 142.929
-4.47672 -5.53824 143.182
-4.62318 -5.53612 143.402

-1.91172 -5.61072 142.199
-1.97824 -5.60551 142.201
-2.19183 -5.60187 142.239
-2.41559 -5.59655 142.302
-2.64025 -5.59143 142.37
-2.87545 -5.58676 142.476
-3.10821 -5.58298 142.622
-3.30009 -5.57935 142.743
-3.515 -5.57522 142.911
-3.6841 -5.57188 143.06

-0.956669 -5.65354 142.493
-1.01683 -5.648 142.473
-1.21364 -5.64406 142.443
-1.42494 -5.63828 142.432
-1.64259 -5.63257 142.424
-1.87662 -5.62716 142.45
-2.11531 -5.62238 142.509
-2.31834 -5.61772 142.557
-2.55328 -5.61221 142.639
-2.74502 -5.60765 142.718

-0.00161959 -5.69637 142.786
-0.055412 -5.69049 142.744
-0.235452 -5.68624 142.646
-0.434293 -5.68001 142.562
-0.644934 -5.67371 142.479
-0.877798 -5.66757 142.423
-1.1224 -5.66179 142.397
-1.33658 -5.6561 142.37
-1.59156 -5.64919 142.368
-1.80594 -5.64341 142.376

0.95343 -5.73919 143.079
0.906002 -5.73298 143.016
0.742734 -5.72843 142.85
0.556355 -5.72174 142.692
0.352725 -5.71484 142.534
0.121027 -5.70798 142.396
-0.129503 -5.70119 142.285
-0.354828 -5.69447 142.184
-0.629838 -5.68618 142.096
-0.866859 -5.67917 142.034

1.90848 -5.78201 143.373
1.86742 -5.77548 143.288
1.72092 -5.77061 143.053
1.547 -5.76347 142.822
1.35038 -5.75598 142.588
1.11985 -5.74838 142.369
0.863398 -5.74059 142.173
0.626927 -5.73284 141.998
0.331882 -5.72316 141.825
0.0722224 -5.71493 141.693

2.86353 -5.82483 143.666
2.82883 -5.81797 143.56
2.69911 -5.8128 143.256
2.53765 -5.8052 142.952
2.34804 -5.79711 142.643
2.11868 -5.78879 142.343
1.8563 -5.77999 142.06
1.60868 -5.77121 141.812
1.2936 -5.76014 141.553
1.0113 -5.75069 141.351

-4.73068 -4.48334 141.315
-4.81688 -4.47909 141.38
-5.08188 -4.47633 141.622
-5.34437 -4.47233 141.904
-5.59145 -4.46895 142.195
-5.83178 -4.4664 142.546
-6.04848 -4.46557 142.947
-6.2086 -4.46498 143.29
-6.36544 -4.46496 143.712
-6.46833 -4.46524 144.071

-3.77563 -4.52616 141.608
-3.85546 -4.52158 141.652
-4.1037 -4.51851 141.826
-4.35372 -4.51406 142.034
-4.59379 -4.51009 142.25
-4.83296 -4.5068 142.519
-5.05558 -4.50497 142.835
-5.22684 -4.50336 143.103
-5.40372 -4.50194 143.441
-5.52925 -4.501 143.73

-2.82058 -4.56898 141.901
-2.89405 -4.56407 141.924
-3.12551 -4.5607 142.029
-3.36307 -4.55579 142.164
-3.59614 -4.55122 142.304
-3.83413 -4.54721 142.493
-4.06268 -4.54438 142.723
-4.24509 -4.54173 142.917
-4.442 -4.53893 143.169
-4.59017 -4.53676 143.388

-1.86553 -4.6118 142.195
-1.93264 -4.60656 142.196
-2.14732 -4.60288 142.233
-2.37243 -4.59752 142.294
-2.59848 -4.59236 142.359
-2.83531 -4.58762 142.466
-3.06978 -4.58378 142.611
-3.26333 -4.5801 142.731
-3.48028 -4.57591 142.898
-3.65109 -4.57252 143.046

-0.910478 -4.65462 142.488
-0.971222 -4.64906 142.468
-1.16914 -4.64507 142.436
-1.38178 -4.63925 142.424
-1.60082 -4.6335 142.414
-1.83648 -4.62802 142.439
-2.07688 -4.62318 142.499
-2.28158 -4.61847 142.545
-2.51856 -4.6129 142.626
-2.712 -4.60829 142.704

0.0445722 -4.69744 142.781
-0.00980822 -4.69155 142.739
-0.190949 -4.68726 142.639
-0.391131 -4.68098 142.554
-0.603161 -4.67463 142.468
-0.837659 -4.66843 142.412
-1.08398 -4.66258 142.386
-1.29982 -4.65685 142.358
-1.55684 -4.64988 142.355
-1.77292 -4.64405 142.362

0.999622 -4.74027 143.075
0.951605 -4.73404 143.011
0.787238 -4.72944 142.843
0.599518 -4.72271 142.684
0.394497 -4.71577 142.523
0.161165 -4.70884 142.386
-0.0910751 -4.70199 142.274
-0.318065 -4.69522 142.172
-0.595122 -4.68686 142.083
-0.833842 -4.67981 142.02

1.95467 -4.78309 143.368
1.91302 -4.77653 143.283
1.76542 -4.77163 143.046
1.59017 -4.76444 142.813
1.39216 -4.75691 142.578
1.15999 -4.74924 142.359
0.901826 -4.74139 142.162
0.663691 -4.73359 141.986
0.366598 -4.72385 141.812
0.105239 -4.71557 141.679

2.90972 -4.82591 143.661
2.87443 -4.81902 143.555
2.74361 -4.81381 143.25
2.58081 -4.80617 142.943
2.38981 -4.79804 142.632
2.15881 -4.78965 142.332
1.89473 -4.78079 142.05
1.64545 -4.77196 141.8
1.32832 -4.76083 141.54
1.04432 -4.75133 141.337

-4.68448 -3.48441 141.31
-4.77127 -3.48015 141.375
-5.03738 -3.47734 141.616
-5.30121 -3.4733 141.896
-5.54968 -3.46988 142.185
-5.79164 -3.46726 142.536
-6.01005 -3.46637 142.937
-6.17183 -3.46573 143.277
-6.33072 -3.46565 143.699
-6.43531 -3.46588 144.058

-3.72943 -3.52724 141.603
-3.80986 -3.52264 141.647
-4.05919 -3.51953 141.819
-4.31056 -3.51503 142.026
-4.55202 -3.51102 142.239
-4.79282 -3.50766 142.509
-5.01715 -3.50577 142.824
-5.19008 -3.5041 143.091
-5.369 -3.50263 143.428
-5.49623 -3.50164 143.716

-2.77439 -3.57006 141.897
-2.84845 -3.56513 141.919
-3.081 -3.56171 142.022
-3.31991 -3.55676 142.156
-3.55436 -3.55215 142.294
-3.79399 -3.54807 142.482
-4.02425 -3.54517 142.712
-4.20832 -3.54248 142.905
-4.40728 -3.53962 143.156
-4.55715 -3.5374 143.374

-1.81934 -3.61288 142.19
-1.88703 -3.60762 142.191
-2.10282 -3.6039 142.226
-2.32926 -3.59848 142.286
-2.5567 -3.59329 142.348
-2.79517 -3.58848 142.455
-3.03135 -3.58458 142.6
-3.22657 -3.58085 142.719
-3.44556 -3.5766 142.885
-3.61807 -3.57317 143.032

-0.864286 -3.6557 142.483
-0.925618 -3.65011 142.462
-1.12463 -3.64608 142.429
-1.33862 -3.64021 142.416
-1.55905 -3.63443 142.403
-1.79635 -3.62888 142.429
-2.03845 -3.62398 142.488
-2.24481 -3.61922 142.532
-2.48384 -3.61359 142.613
-2.67899 -3.60893 142.69

0.0907639 -3.69852 142.777
0.0357955 -3.6926 142.734
-0.146445 -3.68827 142.633
-0.347968 -3.68194 142.545
-0.561388 -3.67556 142.458
-0.797521 -3.66929 142.402
-1.04555 -3.66338 142.375
-1.26306 -3.65759 142.346
-1.52213 -3.65057 142.341
-1.73991 -3.64469 142.348

1.04581 -3.74134 143.07
0.997209 -3.73509 143.006
0.831742 -3.73045 142.836
0.64268 -3.72367 142.675
0.43627 -3.7167 142.512
0.201304 -3.7097 142.375
-0.0526469 -3.70278 142.263
-0.281302 -3.69597 142.16
-0.560405 -3.68755 142.07
-0.800825 -3.68045 142.007

2.00086 -3.78416 143.364
1.95862 -3.77758 143.278
1.80993 -3.77264 143.039
1.63333 -3.7654 142.805
1.43393 -3.75784 142.567
1.20013 -3.7501 142.348
0.940254 -3.74219 142.151
0.700454 -3.73434 141.974
0.401314 -3.72454 141.798
0.138256 -3.71621 141.665

2.95591 -3.82699 143.657
2.92004 -3.82007 143.55
2.78812 -3.81482 143.243
2.62398 -3.80713 142.935
2.43159 -3.79897 142.622
2.19895 -3.79051 142.322
1.93316 -3.78159 142.039
1.68221 -3.77271 141.788
1.36303 -3.76152 141.527
1.07734 -3.75197 141.323

-4.63829 -2.48549 141.306
-4.72567 -2.4812 141.37
-4.99287 -2.47836 141.609
-5.25805 -2.47426 141.888
-5.50791 -2.47081 142.174
-5.7515 -2.46812 142.525
-5.97163 -2.46717 142.926
-6.13507 -2.46648 143.265
-6.29601 -2.46634 143.686
-6.4023 -2.46652 144.044

-3.68324 -2.52831 141.599
-3.76426 -2.52369 141.642
-4.01469 -2.52054 141.812
-4.2674 -2.51599 142.018
-4.51025 -2.51194 142.229
-4.75268 -2.50853 142.499
-4.97873 -2.50657 142.814
-5.15331 -2.50485 143.079
-5.33429 -2.50332 143.414
-5.46321 -2.50228 143.702

-2.72819 -2.57113 141.892
-2.80284 -2.56618 141.914
-3.0365 -2.56273 142.016
-3.27675 -2.55772 142.147
-3.51259 -2.55308 142.283
-3.75386 -2.54893 142.472
-3.98582 -2.54597 142.701
-4.17156 -2.54323 142.893
-4.37257 -2.54031 143.143
-4.52413 -2.53804 143.36

-1.77314 -2.61396 142.186
-1.84143 -2.60867 142.185
-2.05831 -2.60491 142.219
-2.2861 -2.59945 142.277
-2.51493 -2.59422 142.338
-2.75503 -2.58934 142.445
-2.99292 -2.58537 142.589
-3.1898 -2.5816 142.707
-3.41085 -2.57729 142.871
-3.58505 -2.57381 143.018

-0.818094 -2.65678 142.479
-0.880014 -2.65116 142.457
-1.08013 -2.6471 142.422
-1.29545 -2.64118 142.407
-1.51727 -2.63535 142.393
-1.75621 -2.62975 142.418
-2.00002 -2.62478 142.477
-2.20805 -2.61997 142.52
-2.44913 -2.61427 142.6
-2.64597 -2.60957 142.676

0.136956 -2.6996 142.772
0.0813993 -2.69365 142.729
-0.101941 -2.68928 142.626
-0.304805 -2.68291 142.537
-0.519615 -2.67649 142.447
-0.757382 -2.67015 142.391
-1.00712 -2.66418 142.365
-1.22629 -2.65834 142.334
-1.48741 -2.65126 142.328
-1.70689 -2.64533 142.335

1.09201 -2.74242 143.066
1.04281 -2.73615 143.001
0.876246 -2.73147 142.829
0.685843 -2.72464 142.667
0.478043 -2.71763 142.502
0.241443 -2.71056 142.365
-0.0142187 -2.70358 142.252
-0.244538 -2.69672 142.148
-0.525689 -2.68824 142.057
-0.767808 -2.68109 141.993

2.04706 -2.78524 143.359
2.00423 -2.77864 143.273
1.85443 -2.77365 143.033
1.67649 -2.76637 142.797
1.4757 -2.75876 142.557
1.24027 -2.75096 142.338
0.978683 -2.74298 142.14
0.737217 -2.73509 141.962
0.43603 -2.72523 141.785
0.171273 -2.71685 141.651

3.0021 -2.82806 143.652
2.96564 -2.82113 143.544
2.83262 -2.81584 143.236
2.66714 -2.8081 142.927
2.47336 -2.7999 142.611
2.23909 -2.79137 142.311
1.97158 -2.78239 142.028
1.71897 -2.77346 141.775
1.39775 -2.76221 141.514
1.11035 -2.75262 141.309

