-25.0391 -52.3843 706.711
-25.4525 -52.3638 707.056
-26.7445 -52.3512 708.317
-28.0167 -52.3327 709.768
-29.2104 -52.3169 711.292
-30.3631 -52.3062 713.045
-31.3953 -52.3039 715.062
-32.1459 -52.3024 716.81
-32.8687 -52.3041 718.956
-33.3322 -52.307 720.773

-24.0841 -52.4272 707.004
-24.4911 -52.4063 707.328
-25.7663 -52.3934 708.521
-27.0261 -52.3744 709.898
-28.2128 -52.358 711.347
-29.3642 -52.3466 713.019
-30.4024 -52.3433 714.95
-31.1641 -52.3408 716.624
-31.907 -52.3411 718.684
-32.3931 -52.3427 720.431

-23.129 -52.47 707.297
-23.5297 -52.4488 707.599
-24.7882 -52.4356 708.724
-26.0354 -52.4161 710.028
-27.2151 -52.3992 711.401
-28.3654 -52.387 712.992
-29.4095 -52.3827 714.838
-30.1824 -52.3792 716.438
-30.9452 -52.3781 718.413
-31.454 -52.3785 720.089

-22.174 -52.5128 707.591
-22.5683 -52.4913 707.871
-23.81 -52.4778 708.927
-25.0448 -52.4579 710.158
-26.2175 -52.4403 711.456
-27.3666 -52.4274 712.965
-28.4166 -52.4221 714.726
-29.2006 -52.4176 716.251
-29.9835 -52.4151 718.141
-30.5149 -52.4142 719.747

-21.2189 -52.5556 707.884
-21.6068 -52.5338 708.143
-22.8318 -52.52 709.131
-24.0541 -52.4996 710.287
-25.2198 -52.4814 711.511
-26.3678 -52.4678 712.938
-27.4237 -52.4615 714.613
-28.2189 -52.4559 716.065
-29.0218 -52.452 717.87
-29.5758 -52.45 719.405

-20.2639 -52.5984 708.177
-20.6454 -52.5763 708.415
-21.8536 -52.5621 709.334
-23.0635 -52.5413 710.417
-24.2222 -52.5226 711.565
-25.3689 -52.5082 712.911
-26.4308 -52.5009 714.501
-27.2371 -52.4943 715.879
-28.0601 -52.489 717.598
-28.6367 -52.4858 719.064

-19.3088 -52.6413 708.471
-19.684 -52.6188 708.687
-20.8754 -52.6043 709.538
-22.0728 -52.583 710.547
-23.2245 -52.5637 711.62
-24.3701 -52.5486 712.885
-25.4379 -52.5403 714.389
-26.2554 -52.5327 715.693
-27.0984 -52.526 717.327
-27.6977 -52.5215 718.722

-18.3538 -52.6841 708.764
-18.7226 -52.6613 708.959
-19.8972 -52.6465 709.741
-21.0822 -52.6248 710.677
-22.2268 -52.6048 711.675
-23.3713 -52.589 712.858
-24.445 -52.5798 714.277
-25.2736 -52.571 715.507
-26.1366 -52.563 717.055
-26.7586 -52.5573 718.38

-17.3987 -52.7269 709.057
-17.7612 -52.7038 709.23
-18.919 -52.6887 709.945
-20.0916 -52.6665 710.807
-21.2292 -52.646 711.729
-22.3725 -52.6294 712.831
-23.4521 -52.6192 714.164
-24.2918 -52.6094 715.32
-25.1749 -52.6 716.784
-25.8195 -52.5931 718.038

-24.9929 -51.3854 706.706
-25.4069 -51.3649 707.051
-26.7 -51.3522 708.31
-27.9736 -51.3336 709.76
-29.1687 -51.3178 711.281
-30.3229 -51.307 713.035
-31.3568 -51.3047 715.051
-32.1091 -51.3032 716.798
-32.834 -51.3048 718.943
-33.2991 -51.3076 720.759

-24.0379 -51.4282 706.999
-24.4455 -51.4074 707.323
-25.7218 -51.3944 708.514
-26.9829 -51.3754 709.89
-28.171 -51.359 711.336
-29.3241 -51.3474 713.008
-30.3639 -51.3441 714.939
-31.1274 -51.3416 716.612
-31.8722 -51.3418 718.671
-32.3601 -51.3434 720.417

-23.0828 -51.4711 707.293
-23.4841 -51.4499 707.594
-24.7436 -51.4366 708.717
-25.9923 -51.4171 710.019
-27.1734 -51.4001 711.391
-28.3253 -51.3878 712.981
-29.371 -51.3835 714.827
-30.1456 -51.3799 716.426
-30.9105 -51.3788 718.4
-31.421 -51.3791 720.075

-22.1278 -51.5139 707.586
-22.5226 -51.4924 707.866
-23.7655 -51.4788 708.921
-25.0016 -51.4588 710.149
-26.1757 -51.4412 711.445
-27.3265 -51.4282 712.955
-28.3781 -51.4229 714.715
-29.1639 -51.4183 716.239
-29.9488 -51.4158 718.128
-30.4819 -51.4149 719.733

-21.1727 -51.5567 707.879
-21.5612 -51.5349 708.138
-22.7873 -51.521 709.124
-24.011 -51.5006 710.279
-25.178 -51.4824 711.5
-26.3276 -51.4687 712.928
-27.3852 -51.4623 714.602
-28.1821 -51.4567 716.053
-28.9871 -51.4527 717.857
-29.5428 -51.4506 719.392

-20.2177 -51.5995 708.173
-20.5998 -51.5774 708.41
-21.8091 -51.5632 709.327
-23.0203 -51.5423 710.409
-24.1804 -51.5235 711.555
-25.3288 -51.5091 712.901
-26.3923 -51.5017 714.49
-27.2003 -51.4951 715.867
-28.0254 -51.4897 717.585
-28.6037 -51.4864 719.05

-19.2626 -51.6423 708.466
-19.6384 -51.6198 708.682
-20.8309 -51.6053 709.531
-22.0297 -51.584 710.539
-23.1827 -51.5646 711.609
-24.33 -51.5495 712.874
-25.3994 -51.5411 714.378
-26.2186 -51.5334 715.681
-27.0636 -51.5267 717.314
-27.6646 -51.5222 718.708

-18.3076 -51.6852 708.759
-18.677 -51.6623 708.953
-19.8527 -51.6475 709.734
-21.039 -51.6257 710.669
-22.1851 -51.6058 711.664
-23.3312 -51.5899 712.847
-24.4065 -51.5805 714.266
-25.2368 -51.5718 715.494
-26.1019 -51.5637 717.042
-26.7256 -51.5579 718.366

-17.3525 -51.728 709.053
-17.7156 -51.7048 709.225
-18.8745 -51.6897 709.938
-20.0484 -51.6675 710.799
-21.1874 -51.6469 711.719
-22.3323 -51.6303 712.821
-23.4136 -51.6199 714.154
-24.2551 -51.6102 715.308
-25.1402 -51.6007 716.771
-25.7865 -51.5937 718.024

-24.9468 -50.3865 706.702
-25.3613 -50.366 707.046
-26.6555 -50.3532 708.304
-27.9304 -50.3346 709.751
-29.1269 -50.3187 711.271
-30.2828 -50.3079 713.024
-31.3184 -50.3055 715.041
-32.0724 -50.3039 716.786
-32.7993 -50.3055 718.93
-33.2661 -50.3082 720.745

-23.9917 -50.4293 706.995
-24.3999 -50.4084 707.317
-25.6773 -50.3954 708.507
-26.9398 -50.3763 709.881
-28.1292 -50.3599 711.326
-29.284 -50.3483 712.998
-30.3255 -50.3449 714.928
-31.0906 -50.3423 716.6
-31.8375 -50.3425 718.658
-32.327 -50.344 720.403

-23.0367 -50.4721 707.288
-23.4385 -50.4509 707.589
-24.6991 -50.4376 708.71
-25.9491 -50.4181 710.011
-27.1316 -50.401 711.38
-28.2851 -50.3887 712.971
-29.3326 -50.3843 714.816
-30.1088 -50.3807 716.414
-30.8758 -50.3795 718.387
-31.388 -50.3798 720.061

-22.0816 -50.515 707.582
-22.477 -50.4934 707.861
-23.721 -50.4798 708.914
-24.9585 -50.4598 710.141
-26.1339 -50.4422 711.435
-27.2863 -50.4291 712.944
-28.3397 -50.4237 714.704
-29.1271 -50.4191 716.227
-29.9141 -50.4164 718.115
-30.4489 -50.4155 719.72

-21.1266 -50.5578 707.875
-21.5156 -50.5359 708.133
-22.7428 -50.522 709.117
-23.9678 -50.5015 710.271
-25.1363 -50.4833 711.49
-26.2875 -50.4695 712.917
-27.3468 -50.4631 714.592
-28.1453 -50.4574 716.041
-28.9524 -50.4534 717.844
-29.5098 -50.4513 719.378

-20.1715 -50.6006 708.168
-20.5542 -50.5784 708.405
-21.7646 -50.5642 709.321
-22.9772 -50.5433 710.401
-24.1386 -50.5244 711.544
-25.2887 -50.5099 712.891
-26.3539 -50.5025 714.479
-27.1636 -50.4958 715.855
-27.9907 -50.4904 717.572
-28.5707 -50.487 719.036

-19.2165 -50.6434 708.462
-19.5928 -50.6209 708.676
-20.7864 -50.6064 709.524
-21.9865 -50.585 710.531
-23.1409 -50.5656 711.599
-24.2898 -50.5503 712.864
-25.361 -50.5419 714.367
-26.1818 -50.5342 715.669
-27.0289 -50.5274 717.301
-27.6316 -50.5228 718.694

-18.2614 -50.6862 708.755
-18.6314 -50.6634 708.948
-19.8082 -50.6485 709.727
-20.9959 -50.6267 710.661
-22.1433 -50.6067 711.653
-23.291 -50.5907 712.837
-24.3681 -50.5813 714.255
-25.2001 -50.5725 715.482
-26.0672 -50.5644 717.029
-26.6926 -50.5586 718.352

-17.3064 -50.7291 709.048
-17.67 -50.7059 709.22
-18.83 -50.6907 709.931
-20.0052 -50.6684 710.791
-21.1456 -50.6478 711.708
-22.2922 -50.6311 712.81
-23.3752 -50.6207 714.143
-24.2183 -50.6109 715.296
-25.1055 -50.6014 716.757
-25.7535 -50.5943 718.01

-24.9006 -49.3876 706.697
-25.3157 -49.367 707.04
-26.611 -49.3543 708.297
-27.8872 -49.3356 709.743
-29.0851 -49.3197 711.26
-30.2427 -49.3087 713.014
-31.28 -49.3063 715.03
-32.0356 -49.3047 716.774
-32.7645 -49.3062 718.917
-33.2331 -49.3089 720.731

-23.9455 -49.4304 706.99
-24.3543 -49.4095 707.312
-25.6328 -49.3964 708.5
-26.8966 -49.3773 709.873
-28.0875 -49.3608 711.315
-29.2438 -49.3492 712.987
-30.2871 -49.3457 714.917
-31.0538 -49.3431 716.588
-31.8028 -49.3432 718.645
-32.294 -49.3446 720.389

-22.9905 -49.4732 707.284
-23.3929 -49.452 707.584
-24.6546 -49.4386 708.704
-25.906 -49.419 710.003
-27.0898 -49.402 711.37
-28.245 -49.3896 712.96
-29.2942 -49.3851 714.805
-30.0721 -49.3814 716.401
-30.8411 -49.3801 718.373
-31.3549 -49.3804 720.048

-22.0354 -49.516 707.577
-22.4314 -49.4945 707.856
-23.6765 -49.4808 708.907
-24.9153 -49.4608 710.133
-26.0921 -49.4431 711.424
-27.2462 -49.43 712.934
-28.3013 -49.4245 714.693
-29.0903 -49.4198 716.215
-29.8794 -49.4171 718.102
-30.4159 -49.4162 719.706

-21.0804 -49.5589 707.87
-21.47 -49.537 708.128
-22.6983 -49.523 709.11
-23.9247 -49.5025 710.263
-25.0945 -49.4842 711.479
-26.2474 -49.4704 712.907
-27.3084 -49.4639 714.581
-28.1086 -49.4582 716.029
-28.9177 -49.4541 717.83
-29.4768 -49.4519 719.364

-20.1253 -49.6017 708.164
-20.5086 -49.5795 708.399
-21.7201 -49.5652 709.314
-22.934 -49.5442 710.393
-24.0968 -49.5254 711.534
-25.2485 -49.5108 712.88
-26.3155 -49.5033 714.469
-27.1268 -49.4965 715.843
-27.9559 -49.4911 717.559
-28.5377 -49.4877 719.022

-19.1703 -49.6445 708.457
-19.5472 -49.622 708.671
-20.7419 -49.6074 709.517
-21.9434 -49.5859 710.523
-23.0992 -49.5665 711.588
-24.2497 -49.5512 712.853
-25.3226 -49.5427 714.356
-26.1451 -49.5349 715.656
-26.9942 -49.5281 717.287
-27.5986 -49.5235 718.68

-18.2152 -49.6873 708.75
-18.5858 -49.6644 708.943
-19.7637 -49.6496 709.721
-20.9527 -49.6277 710.652
-22.1015 -49.6076 711.643
-23.2509 -49.5916 712.827
-24.3297 -49.5821 714.244
-25.1633 -49.5733 715.47
-26.0325 -49.5651 717.016
-26.6595 -49.5592 718.338

-17.2602 -49.7301 709.044
-17.6244 -49.7069 709.215
-18.7855 -49.6917 709.924
-19.9621 -49.6694 710.782
-21.1039 -49.6488 711.698
-22.2521 -49.632 712.8
-23.3368 -49.6215 714.132
-24.1816 -49.6117 715.284
-25.0708 -49.6021 716.744
-25.7205 -49.595 717.997

-24.8544 -48.3886 706.692
-25.2701 -48.3681 707.035
-26.5665 -48.3553 708.29
-27.8441 -48.3365 709.735
-29.0434 -48.3206 711.25
-30.2025 -48.3096 713.003
-31.2415 -48.3071 715.019
-31.9988 -48.3054 716.762
-32.7298 -48.3069 718.903
-33.2001 -48.3095 720.717

-23.8993 -48.4315 706.986
-24.3087 -48.4105 707.307
-25.5883 -48.3975 708.493
-26.8534 -48.3783 709.865
-28.0457 -48.3617 711.304
-29.2037 -48.35 712.977
-30.2486 -48.3465 714.907
-31.0171 -48.3438 716.576
-31.7681 -48.3439 718.632
-32.261 -48.3453 720.376

-22.9443 -48.4743 707.279
-23.3472 -48.453 707.579
-24.6101 -48.4396 708.697
-25.8628 -48.42 709.995
-27.048 -48.4029 711.359
-28.2049 -48.3904 712.95
-29.2557 -48.3859 714.794
-30.0353 -48.3822 716.389
-30.8064 -48.3808 718.36
-31.3219 -48.381 720.034

-21.9892 -48.5171 707.572
-22.3858 -48.4955 707.851
-23.6319 -48.4818 708.9
-24.8721 -48.4617 710.125
-26.0504 -48.444 711.414
-27.206 -48.4308 712.923
-28.2628 -48.4253 714.682
-29.0536 -48.4206 716.203
-29.8447 -48.4178 718.089
-30.3828 -48.4168 719.692

-21.0342 -48.5599 707.866
-21.4244 -48.538 708.123
-22.6538 -48.524 709.104
-23.8815 -48.5035 710.255
-25.0527 -48.4852 711.468
-26.2072 -48.4712 712.896
-27.2699 -48.4647 714.57
-28.0718 -48.4589 716.017
-28.8829 -48.4548 717.817
-29.4438 -48.4526 719.35

-20.0791 -48.6028 708.159
-20.463 -48.5805 708.394
-21.6756 -48.5662 709.307
-22.8908 -48.5452 710.384
-24.0551 -48.5263 711.523
-25.2084 -48.5116 712.87
-26.277 -48.5041 714.458
-27.0901 -48.4973 715.831
-27.9212 -48.4918 717.546
-28.5047 -48.4883 719.008

-19.1241 -48.6456 708.452
-19.5016 -48.623 708.666
-20.6974 -48.6084 709.51
-21.9002 -48.5869 710.514
-23.0574 -48.5674 711.578
-24.2096 -48.552 712.843
-25.2841 -48.5435 714.346
-26.1083 -48.5357 715.644
-26.9595 -48.5288 717.274
-27.5656 -48.5241 718.666

-18.169 -48.6884 708.746
-18.5402 -48.6655 708.938
-19.7192 -48.6506 709.714
-20.9095 -48.6286 710.644
-22.0597 -48.6086 711.632
-23.2107 -48.5925 712.816
-24.2912 -48.5829 714.233
-25.1265 -48.574 715.458
-25.9978 -48.5658 717.003
-26.6265 -48.5599 718.325

-17.214 -48.7312 709.039
-17.5788 -48.708 709.21
-18.741 -48.6928 709.917
-19.9189 -48.6704 710.774
-21.0621 -48.6497 711.687
-22.2119 -48.6329 712.789
-23.2983 -48.6223 714.121
-24.1448 -48.6124 715.272
-25.0361 -48.6027 716.731
-25.6874 -48.5956 717.983

-24.8082 -47.3897 706.688
-25.2245 -47.3691 707.03
-26.522 -47.3563 708.283
-27.8009 -47.3375 709.727
-29.0016 -47.3215 711.239
-30.1624 -47.3105 712.993
-31.2031 -47.3079 715.008
-31.9621 -47.3062 716.75
-32.6951 -47.3076 718.89
-33.1671 -47.3102 720.703

-23.8531 -47.4325 706.981
-24.2631 -47.4116 707.302
-25.5438 -47.3985 708.487
-26.8103 -47.3792 709.857
-28.0039 -47.3627 711.294
-29.1636 -47.3509 712.966
-30.2102 -47.3473 714.896
-30.9803 -47.3446 716.563
-31.7334 -47.3445 718.619
-32.228 -47.3459 720.362

-22.8981 -47.4754 707.274
-23.3016 -47.4541 707.574
-24.5656 -47.4407 708.69
-25.8196 -47.421 709.987
-27.0063 -47.4038 711.349
-28.1647 -47.3913 712.939
-29.2173 -47.3867 714.784
-29.9986 -47.3829 716.377
-30.7717 -47.3815 718.347
-31.2889 -47.3817 720.02

-21.943 -47.5182 707.568
-22.3402 -47.4966 707.846
-23.5874 -47.4828 708.893
-24.829 -47.4627 710.116
-26.0086 -47.4449 711.403
-27.1659 -47.4317 712.913
-28.2244 -47.4261 714.671
-29.0168 -47.4213 716.191
-29.8099 -47.4185 718.076
-30.3498 -47.4174 719.678

-20.988 -47.561 707.861
-21.3788 -47.5391 708.117
-22.6093 -47.525 709.097
-23.8383 -47.5044 710.246
-25.0109 -47.4861 711.458
-26.1671 -47.4721 712.886
-27.2315 -47.4655 714.559
-28.035 -47.4597 716.005
-28.8482 -47.4555 717.804
-29.4107 -47.4532 719.336

-20.0329 -47.6038 708.154
-20.4174 -47.5816 708.389
-21.6311 -47.5672 709.3
-22.8477 -47.5461 710.376
-24.0133 -47.5272 711.513
-25.1683 -47.5125 712.859
-26.2386 -47.5049 714.447
-27.0533 -47.498 715.819
-27.8865 -47.4925 717.533
-28.4717 -47.489 718.994

-19.0779 -47.6467 708.448
-19.456 -47.6241 708.661
-20.6529 -47.6094 709.504
-21.857 -47.5879 710.506
-23.0156 -47.5684 711.567
-24.1694 -47.5529 712.832
-25.2457 -47.5443 714.335
-26.0715 -47.5364 715.632
-26.9248 -47.5295 717.261
-27.5326 -47.5247 718.653

-18.1228 -47.6895 708.741
-18.4946 -47.6665 708.933
-19.6747 -47.6516 709.707
-20.8664 -47.6296 710.636
-22.018 -47.6095 711.622
-23.1706 -47.5933 712.806
-24.2528 -47.5837 714.222
-25.0898 -47.5748 715.446
-25.9631 -47.5664 716.99
-26.5935 -47.5605 718.311

-17.1678 -47.7323 709.035
-17.5332 -47.709 709.205
-18.6965 -47.6938 709.91
-19.8757 -47.6713 710.766
-21.0203 -47.6506 711.676
-22.1718 -47.6337 712.779
-23.2599 -47.6231 714.11
-24.108 -47.6132 715.26
-25.0013 -47.6034 716.718
-25.6544 -47.5963 717.969

-24.762 -46.3908 706.683
-25.1789 -46.3702 707.025
-26.4775 -46.3573 708.276
-27.7578 -46.3385 709.718
-28.9598 -46.3225 711.229
-30.1222 -46.3113 712.983
-31.1647 -46.3087 714.997
-31.9253 -46.3069 716.738
-32.6604 -46.3082 718.877
-33.1341 -46.3108 720.69

-23.8069 -46.4336 706.977
-24.2175 -46.4127 707.297
-25.4993 -46.3995 708.48
-26.7671 -46.3802 709.848
-27.9621 -46.3636 711.283
-29.1234 -46.3517 712.956
-30.1718 -46.3481 714.885
-30.9435 -46.3453 716.551
-31.6987 -46.3452 718.606
-32.195 -46.3466 720.348

-22.8519 -46.4764 707.27
-23.256 -46.4552 707.569
-24.5211 -46.4417 708.683
-25.7765 -46.4219 709.978
-26.9645 -46.4047 711.338
-28.1246 -46.3921 712.929
-29.1789 -46.3875 714.773
-29.9618 -46.3837 716.365
-30.7369 -46.3822 718.334
-31.2559 -46.3823 720.006

-21.8968 -46.5193 707.563
-22.2946 -46.4976 707.84
-23.5429 -46.4839 708.886
-24.7858 -46.4637 710.108
-25.9668 -46.4459 711.393
-27.1258 -46.4325 712.902
-28.186 -46.4269 714.661
-28.98 -46.4221 716.179
-29.7752 -46.4192 718.063
-30.3168 -46.4181 719.664

-20.9418 -46.5621 707.857
-21.3332 -46.5401 708.112
-22.5648 -46.526 709.09
-23.7952 -46.5054 710.238
-24.9692 -46.487 711.447
-26.1269 -46.473 712.875
-27.1931 -46.4663 714.548
-27.9983 -46.4604 715.993
-28.8135 -46.4562 717.791
-29.3777 -46.4538 719.322

-19.9867 -46.6049 708.15
-20.3718 -46.5826 708.384
-21.5866 -46.5682 709.293
-22.8045 -46.5471 710.368
-23.9715 -46.5281 711.502
-25.1281 -46.5134 712.849
-26.2002 -46.5057 714.436
-27.0165 -46.4988 715.806
-27.8518 -46.4932 717.519
-28.4386 -46.4896 718.981

-19.0317 -46.6477 708.443
-19.4104 -46.6251 708.656
-20.6084 -46.6104 709.497
-21.8139 -46.5888 710.498
-22.9739 -46.5693 711.557
-24.1293 -46.5538 712.822
-25.2073 -46.5451 714.324
-26.0348 -46.5372 715.62
-26.8901 -46.5302 717.248
-27.4996 -46.5254 718.639

-18.0766 -46.6906 708.737
-18.449 -46.6676 708.928
-19.6302 -46.6526 709.7
-20.8232 -46.6306 710.628
-21.9762 -46.6104 711.611
-23.1305 -46.5942 712.795
-24.2144 -46.5845 714.212
-25.053 -46.5755 715.434
-25.9283 -46.5671 716.976
-26.5605 -46.5611 718.297

-17.1216 -46.7334 709.03
-17.4876 -46.7101 709.2
-18.652 -46.6948 709.904
-19.8326 -46.6723 710.758
-20.9785 -46.6516 711.666
-22.1316 -46.6346 712.768
-23.2215 -46.6239 714.099
-24.0713 -46.6139 715.248
-24.9666 -46.6041 716.705
-25.6214 -46.5969 717.955

-24.7158 -45.3919 706.679
-25.1333 -45.3712 707.02
-26.433 -45.3583 708.269
-27.7146 -45.3394 709.71
-28.918 -45.3234 711.218
-30.0821 -45.3122 712.972
-31.1263 -45.3095 714.986
-31.8885 -45.3077 716.726
-32.6257 -45.3089 718.864
-33.101 -45.3114 720.676

-23.7607 -45.4347 706.972
-24.1719 -45.4137 707.292
-25.4548 -45.4005 708.473
-26.7239 -45.3812 709.84
-27.9204 -45.3645 711.273
-29.0833 -45.3526 712.945
-30.1334 -45.3489 714.874
-30.9068 -45.3461 716.539
-31.6639 -45.3459 718.592
-32.162 -45.3472 720.334

-22.8057 -45.4775 707.265
-23.2104 -45.4562 707.564
-24.4766 -45.4427 708.676
-25.7333 -45.4229 709.97
-26.9227 -45.4057 711.327
-28.0845 -45.393 712.919
-29.1405 -45.3883 714.762
-29.925 -45.3844 716.353
-30.7022 -45.3829 718.321
-31.2229 -45.383 719.992

-21.8506 -45.5203 707.559
-22.249 -45.4987 707.835
-23.4984 -45.4849 708.88
-24.7427 -45.4646 710.1
-25.9251 -45.4468 711.382
-27.0856 -45.4334 712.892
-28.1476 -45.4277 714.65
-28.9433 -45.4228 716.167
-29.7405 -45.4199 718.049
-30.2838 -45.4187 719.65

-20.8956 -45.5632 707.852
-21.2876 -45.5412 708.107
-22.5203 -45.5271 709.083
-23.752 -45.5064 710.23
-24.9274 -45.4879 711.437
-26.0868 -45.4738 712.865
-27.1547 -45.4671 714.537
-27.9615 -45.4612 715.981
-28.7788 -45.4569 717.778
-29.3447 -45.4545 719.309

-19.9405 -45.606 708.145
-20.3262 -45.5837 708.379
-21.5421 -45.5692 709.286
-22.7614 -45.5481 710.36
-23.9297 -45.5291 711.491
-25.088 -45.5142 712.838
-26.1618 -45.5065 714.425
-26.9798 -45.4995 715.794
-27.8171 -45.4939 717.506
-28.4056 -45.4903 718.967

-18.9855 -45.6488 708.439
-19.3648 -45.6262 708.651
-20.5639 -45.6114 709.49
-21.7707 -45.5898 710.49
-22.9321 -45.5702 711.546
-24.0892 -45.5546 712.811
-25.1689 -45.5459 714.313
-25.998 -45.5379 715.608
-26.8554 -45.5308 717.235
-27.4665 -45.526 718.625

-18.0304 -45.6916 708.732
-18.4034 -45.6687 708.923
-19.5857 -45.6536 709.693
-20.7801 -45.6315 710.62
-21.9344 -45.6113 711.601
-23.0903 -45.595 712.785
-24.176 -45.5853 714.201
-25.0163 -45.5763 715.422
-25.8936 -45.5678 716.963
-26.5275 -45.5618 718.283

-17.0754 -45.7345 709.025
-17.442 -45.7111 709.194
-18.6075 -45.6958 709.897
-19.7894 -45.6733 710.749
-20.9368 -45.6525 711.655
-22.0915 -45.6354 712.758
-23.1831 -45.6247 714.089
-24.0345 -45.6147 715.236
-24.9319 -45.6048 716.692
-25.5884 -45.5975 717.941

-24.6696 -44.393 706.674
-25.0877 -44.3723 707.015
-26.3885 -44.3593 708.263
-27.6714 -44.3404 709.702
-28.8763 -44.3243 711.208
-30.042 -44.313 712.962
-31.0878 -44.3103 714.976
-31.8518 -44.3084 716.713
-32.591 -44.3096 718.851
-33.068 -44.3121 720.662

-23.7146 -44.4358 706.967
-24.1262 -44.4148 707.287
-25.4103 -44.4015 708.466
-26.6808 -44.3821 709.832
-27.8786 -44.3655 711.262
-29.0431 -44.3535 712.935
-30.0949 -44.3497 714.863
-30.87 -44.3468 716.527
-31.6292 -44.3466 718.579
-32.1289 -44.3478 720.32

-22.7595 -44.4786 707.261
-23.1648 -44.4573 707.558
-24.4321 -44.4437 708.669
-25.6901 -44.4239 709.962
-26.8809 -44.4066 711.317
-28.0443 -44.3939 712.908
-29.102 -44.3891 714.751
-29.8883 -44.3852 716.341
-30.6675 -44.3836 718.308
-31.1899 -44.3836 719.978

-21.8045 -44.5214 707.554
-22.2034 -44.4997 707.83
-23.4539 -44.4859 708.873
-24.6995 -44.4656 710.092
-25.8833 -44.4477 711.372
-27.0455 -44.4343 712.881
-28.1091 -44.4285 714.639
-28.9065 -44.4235 716.155
-29.7058 -44.4206 718.036
-30.2508 -44.4194 719.636

-20.8494 -44.5642 707.847
-21.242 -44.5422 708.102
-22.4757 -44.5281 709.076
-23.7088 -44.5073 710.222
-24.8856 -44.4889 711.426
-26.0467 -44.4747 712.855
-27.1162 -44.4679 714.527
-27.9248 -44.4619 715.969
-28.7441 -44.4576 717.765
-29.3117 -44.4551 719.295

-19.8944 -44.6071 708.141
-20.2806 -44.5847 708.374
-21.4976 -44.5703 709.28
-22.7182 -44.549 710.352
-23.888 -44.53 711.481
-25.0478 -44.5151 712.828
-26.1233 -44.5073 714.414
-26.943 -44.5003 715.782
-27.7824 -44.4945 717.493
-28.3726 -44.4909 718.953

-18.9393 -44.6499 708.434
-19.3192 -44.6272 708.646
-20.5194 -44.6124 709.483
-21.7275 -44.5908 710.481
-22.8903 -44.5711 711.535
-24.049 -44.5555 712.801
-25.1304 -44.5467 714.302
-25.9612 -44.5387 715.596
-26.8206 -44.5315 717.222
-27.4335 -44.5267 718.611

-17.9843 -44.6927 708.727
-18.3578 -44.6697 708.917
-19.5412 -44.6546 709.686
-20.7369 -44.6325 710.611
-21.8927 -44.6123 711.59
-23.0502 -44.5959 712.774
-24.1375 -44.5861 714.19
-24.9795 -44.577 715.41
-25.8589 -44.5685 716.95
-26.4944 -44.5624 718.269

-17.0292 -44.7355 709.021
-17.3964 -44.7122 709.189
-18.563 -44.6968 709.89
-19.7463 -44.6742 710.741
-20.895 -44.6534 711.645
-22.0514 -44.6363 712.747
-23.1446 -44.6255 714.078
-23.9977 -44.6154 715.224
-24.8972 -44.6055 716.679
-25.5554 -44.5982 717.927

