-6.04662 4.61028 160.341
-5.77571 4.60629 159.936
-5.44866 4.60436 159.514
-5.04396 4.60225 159.058
-4.64945 4.60122 158.686
-4.22881 4.60253 158.366
-3.78245 4.60285 158.055
-3.31596 4.60485 157.78
-2.88163 4.60852 157.618
-2.4034 4.61221 157.475

-5.23952 4.62828 159.751
-4.92935 4.62526 159.404
-4.56374 4.62439 159.049
-4.12161 4.62357 158.673
-3.6997 4.62362 158.374
-3.25753 4.62598 158.129
-2.79575 4.62733 157.894
-2.31978 4.63022 157.696
-1.8821 4.63454 157.602
-1.40559 4.63916 157.535

-4.43242 4.64629 159.161
-4.08299 4.64423 158.871
-3.67882 4.64441 158.583
-3.19927 4.64489 158.287
-2.74995 4.64602 158.061
-2.28626 4.64943 157.892
-1.80905 4.6518 157.733
-1.32361 4.65558 157.613
-0.882561 4.66057 157.586
-0.407777 4.6661 157.596

-3.62531 4.66429 158.57
-3.23663 4.6632 158.339
-2.7939 4.66444 158.118
-2.27692 4.66621 157.901
-1.8002 4.66842 157.749
-1.31498 4.67287 157.655
-0.822351 4.67627 157.573
-0.32743 4.68095 157.529
0.116976 4.68659 157.571
0.590035 4.69305 157.656

-2.81821 4.6823 157.98
-2.39027 4.68218 157.807
-1.90899 4.68447 157.653
-1.35458 4.68753 157.515
-0.850447 4.69081 157.437
-0.343696 4.69632 157.419
0.164348 4.70075 157.412
0.668746 4.70632 157.445
1.11651 4.71262 157.555
1.58785 4.71999 157.716

-2.01111 4.70031 157.39
-1.54391 4.70115 157.274
-1.02407 4.70449 157.187
-0.432231 4.70885 157.129
0.0993019 4.71321 157.125
0.627583 4.71977 157.182
1.15105 4.72522 157.251
1.66492 4.73168 157.362
2.11605 4.73865 157.539
2.58566 4.74694 157.777

-1.20401 4.71831 156.8
-0.697546 4.72012 156.742
-0.139149 4.72452 156.722
0.490113 4.73017 156.744
1.04905 4.73561 156.813
1.59886 4.74321 156.945
2.13775 4.74969 157.091
2.6611 4.75705 157.278
3.11559 4.76467 157.523
3.58347 4.77388 157.837

-0.396912 4.73632 156.21
0.148814 4.73909 156.21
0.745769 4.74455 156.257
1.41246 4.7515 156.358
1.9988 4.75801 156.5
2.57014 4.76666 156.708
3.12444 4.77417 156.93
3.65727 4.78241 157.195
4.11512 4.7907 157.507
4.58128 4.80083 157.898

0.410189 4.75433 155.62
0.995174 4.75806 155.678
1.63069 4.76457 155.791
2.3348 4.77282 155.972
2.94855 4.78041 156.188
3.54142 4.79011 156.472
4.11114 4.79864 156.769
4.65345 4.80778 157.111
5.11466 4.81672 157.492
5.5791 4.82777 157.958

1.21729 4.77233 155.03
1.84153 4.77704 155.145
2.51561 4.7846 155.326
3.25715 4.79414 155.586
3.8983 4.80281 155.876
4.5127 4.81355 156.235
5.09784 4.82311 156.608
5.64962 4.83315 157.027
6.11419 4.84275 157.476
6.57691 4.85472 158.018

2.02439 4.79034 154.439
2.68789 4.79601 154.613
3.40052 4.80463 154.861
4.17949 4.81546 155.201
4.84805 4.82521 155.564
5.48398 4.837 155.998
6.08454 4.84759 156.448
6.6458 4.85851 156.944
7.11373 4.86878 157.46
7.57472 4.88166 158.079

-6.05345 5.61003 160.362
-5.78471 5.60602 159.957
-5.46011 5.60407 159.535
-5.0582 5.60192 159.08
-4.66616 5.60086 158.707
-4.24796 5.60214 158.386
-3.80394 5.60242 158.075
-3.33972 5.60437 157.8
-2.90738 5.60803 157.636
-2.43124 5.61173 157.489

-5.24635 5.62803 159.772
-4.93835 5.62499 159.425
-4.57519 5.62409 159.07
-4.13585 5.62324 158.694
-3.71642 5.62326 158.394
-3.27668 5.62559 158.149
-2.81724 5.62689 157.914
-2.34355 5.62973 157.716
-1.90784 5.63406 157.62
-1.43343 5.63867 157.549

-4.43925 5.64604 159.182
-4.09199 5.64396 158.893
-3.69027 5.64412 158.605
-3.21351 5.64457 158.308
-2.76667 5.64566 158.082
-2.3054 5.64903 157.913
-1.83054 5.65136 157.754
-1.34737 5.6551 157.633
-0.908307 5.66008 157.604
-0.435618 5.66562 157.61

-3.63215 5.66405 158.592
-3.24563 5.66294 158.36
-2.80535 5.66415 158.139
-2.29116 5.66589 157.922
-1.81692 5.66806 157.77
-1.33412 5.67248 157.676
-0.843841 5.67584 157.593
-0.351198 5.68047 157.549
0.0912291 5.68611 157.588
0.562194 5.69256 157.67

-2.82505 5.68205 158.001
-2.39927 5.68191 157.828
-1.92043 5.68417 157.674
-1.36882 5.68721 157.536
-0.867167 5.69046 157.458
-0.362839 5.69593 157.439
0.142858 5.70031 157.432
0.644977 5.70583 157.465
1.09077 5.71213 157.573
1.56001 5.71951 157.73

-2.01795 5.70006 157.411
-1.55291 5.70088 157.296
-1.03552 5.7042 157.209
-0.446471 5.70853 157.151
0.082582 5.71286 157.146
0.60844 5.71937 157.202
1.12956 5.72478 157.272
1.64115 5.7312 157.382
2.0903 5.73816 157.557
2.55782 5.74645 157.791

-1.21085 5.71807 156.821
-0.706555 5.71985 156.764
-0.150598 5.72423 156.743
0.475874 5.72985 156.765
1.03233 5.73526 156.833
1.57972 5.74282 156.966
2.11626 5.74926 157.111
2.63733 5.75656 157.298
3.08984 5.76418 157.541
3.55563 5.7734 157.851

-0.403745 5.73607 156.231
0.139805 5.73883 156.231
0.73432 5.74426 156.278
1.39822 5.75117 156.379
1.98208 5.75765 156.521
2.551 5.76627 156.729
3.10295 5.77373 156.95
3.6335 5.78193 157.215
4.08938 5.79021 157.525
4.55344 5.80034 157.912

0.403356 5.75408 155.641
0.986165 5.7578 155.699
1.61924 5.76428 155.813
2.32056 5.77249 155.993
2.93183 5.78005 156.209
3.52228 5.78971 156.492
4.08965 5.7982 156.789
4.62968 5.8073 157.131
5.08891 5.81624 157.509
5.55126 5.82729 157.972

1.21046 5.77208 155.051
1.83252 5.77677 155.167
2.50416 5.78431 155.347
3.24291 5.79381 155.608
3.88158 5.80245 155.897
4.49356 5.81316 156.255
5.07635 5.82268 156.629
5.62585 5.83266 157.047
6.08845 5.84226 157.494
6.54907 5.85423 158.032

2.01756 5.79009 154.461
2.67888 5.79574 154.634
3.38908 5.80434 154.882
4.16525 5.81513 155.222
4.83133 5.82485 155.585
5.46484 5.83661 156.018
6.06305 5.84715 156.468
6.62203 5.85803 156.964
7.08798 5.86829 157.478
7.54688 5.88118 158.093

-6.06028 6.60978 160.383
-5.79372 6.60575 159.978
-5.47156 6.60378 159.557
-5.07243 6.6016 159.101
-4.68288 6.6005 158.728
-4.2671 6.60175 158.407
-3.82543 6.60198 158.095
-3.36349 6.60388 157.82
-2.93313 6.60754 157.653
-2.45908 6.61124 157.503

-5.25318 6.62779 159.793
-4.94736 6.62473 159.446
-4.58664 6.6238 159.091
-4.15009 6.62292 158.715
-3.73314 6.6229 158.415
-3.29582 6.62519 158.17
-2.83873 6.62645 157.935
-2.36732 6.62925 157.736
-1.93359 6.63357 157.638
-1.46127 6.63818 157.563

-4.44608 6.64579 159.203
-4.101 6.6437 158.914
-3.70172 6.64383 158.626
-3.22774 6.64424 158.329
-2.78339 6.6453 158.103
-2.32454 6.64864 157.933
-1.85203 6.65093 157.774
-1.37114 6.65461 157.653
-0.934054 6.65959 157.622
-0.463459 6.66513 157.624

-3.63898 6.6638 158.613
-3.25464 6.66267 158.382
-2.8168 6.66386 158.161
-2.3054 6.66556 157.943
-1.83364 6.6677 157.791
-1.35326 6.67209 157.696
-0.865332 6.6754 157.613
-0.374967 6.67998 157.569
0.0654824 6.68562 157.606
0.534353 6.69208 157.684

-2.83188 6.68181 158.023
-2.40828 6.68164 157.849
-1.93188 6.68388 157.695
-1.38305 6.68688 157.558
-0.883887 6.6901 157.479
-0.381982 6.69553 157.46
0.121368 6.69987 157.453
0.621209 6.70535 157.485
1.06502 6.71165 157.59
1.53217 6.71902 157.745

-2.02478 6.69981 157.432
-1.56192 6.70061 157.317
-1.04697 6.70391 157.23
-0.46071 6.7082 157.172
0.0658621 6.7125 157.166
0.589297 6.71898 157.223
1.10807 6.72435 157.292
1.61738 6.73071 157.402
2.06456 6.73767 157.574
2.52998 6.74597 157.805

-1.21768 6.71782 156.842
-0.715564 6.71959 156.785
-0.162047 6.72394 156.765
0.461635 6.72952 156.786
1.01561 6.7349 156.854
1.56058 6.74243 156.986
2.09477 6.74882 157.131
2.61356 6.75608 157.318
3.06409 6.7637 157.559
3.52779 6.77291 157.865

-0.410578 6.73582 156.252
0.130796 6.73856 156.253
0.722872 6.74396 156.299
1.38398 6.75084 156.4
1.96536 6.7573 156.542
2.53186 6.76587 156.749
3.08147 6.77329 156.97
3.60974 6.78145 157.235
4.06363 6.78972 157.543
4.5256 6.79986 157.926

0.396522 6.75383 155.662
0.977156 6.75753 155.72
1.60779 6.76399 155.834
2.30632 6.77216 156.015
2.91511 6.7797 156.23
3.50314 6.78932 156.512
4.06816 6.79777 156.81
4.60591 6.80681 157.151
5.06316 6.81575 157.527
5.52341 6.8268 157.986

1.20362 6.77184 155.072
1.82352 6.7765 155.188
2.49271 6.78402 155.369
3.22867 6.79348 155.629
3.86486 6.80209 155.918
4.47441 6.81277 156.276
5.05486 6.82224 156.649
5.60209 6.83218 157.067
6.0627 6.84178 157.511
6.52123 6.85375 158.046

2.01072 6.78984 154.482
2.66988 6.79547 154.656
3.37763 6.80404 154.903
4.15101 6.81481 155.243
4.81461 6.82449 155.605
5.44569 6.83621 156.039
6.04156 6.84671 156.488
6.59826 6.85755 156.984
7.06224 6.8678 157.495
7.51904 6.88069 158.107

-6.06712 7.60953 160.404
-5.80273 7.60549 160
-5.48301 7.60348 159.578
-5.08667 7.60127 159.122
-4.6996 7.60015 158.748
-4.28624 7.60136 158.427
-3.84692 7.60154 158.116
-3.38726 7.6034 157.84
-2.95887 7.60706 157.671
-2.48692 7.61075 157.517

-5.26001 7.62754 159.814
-4.95637 7.62446 159.468
-4.59809 7.62351 159.112
-4.16433 7.62259 158.736
-3.74986 7.62255 158.436
-3.31496 7.6248 158.19
-2.86022 7.62602 157.955
-2.39109 7.62876 157.756
-1.95934 7.63308 157.655
-1.48911 7.6377 157.577

-4.45291 7.64555 159.224
-4.11001 7.64343 158.935
-3.71317 7.64354 158.647
-3.24198 7.64391 158.35
-2.80011 7.64495 158.124
-2.34368 7.64825 157.954
-1.87352 7.65049 157.794
-1.39491 7.65413 157.673
-0.959801 7.65911 157.639
-0.4913 7.66464 157.638

-3.64581 7.66355 158.634
-3.26365 7.6624 158.403
-2.82825 7.66356 158.182
-2.31964 7.66523 157.965
-1.85036 7.66734 157.812
-1.3724 7.6717 157.717
-0.886822 7.67496 157.634
-0.398735 7.6795 157.589
0.0397357 7.68513 157.624
0.506512 7.69159 157.698

-2.83871 7.68156 158.044
-2.41729 7.68137 157.871
-1.94333 7.68359 157.717
-1.39729 7.68655 157.579
-0.900607 7.68974 157.5
-0.401125 7.69514 157.48
0.0998775 7.69944 157.473
0.59744 7.70486 157.506
1.03927 7.71116 157.608
1.50432 7.71853 157.759

-2.03161 7.69956 157.454
-1.57093 7.70035 157.338
-1.05841 7.70362 157.251
-0.474949 7.70788 157.193
0.0491422 7.71214 157.187
0.570154 7.71859 157.243
1.08658 7.72391 157.312
1.59362 7.73023 157.422
2.03881 7.73719 157.592
2.50214 7.74548 157.819

-1.22451 7.71757 156.863
-0.724573 7.71932 156.806
-0.173496 7.72365 156.786
0.447396 7.7292 156.807
0.998892 7.73454 156.875
1.54143 7.74204 157.006
2.07328 7.74838 157.151
2.58979 7.7556 157.338
3.03835 7.76321 157.576
3.49995 7.77242 157.879

-0.417411 7.73558 156.273
0.121787 7.73829 156.274
0.711423 7.74367 156.321
1.36974 7.75052 156.422
1.94864 7.75694 156.563
2.51271 7.76548 156.77
3.05997 7.77286 156.991
3.58597 7.78096 157.255
4.03788 7.78924 157.56
4.49776 7.79937 157.94

0.389689 7.75358 155.683
0.968147 7.75726 155.742
1.59634 7.7637 155.855
2.29209 7.77184 156.036
2.89839 7.77934 156.251
3.48399 7.78893 156.533
4.04667 7.79733 156.83
4.58214 7.80633 157.171
5.03742 7.81526 157.545
5.49557 7.82632 158

1.19679 7.77159 155.093
1.81451 7.77623 155.209
2.48126 7.78373 155.39
3.21443 7.79316 155.65
3.84814 7.80174 155.939
4.45527 7.81238 156.296
5.03337 7.82181 156.669
5.57832 7.8317 157.087
6.03695 7.84129 157.529
6.49339 7.85326 158.06

2.00389 7.7896 154.503
2.66087 7.79521 154.677
3.36618 7.80375 154.925
4.13678 7.81448 155.264
4.79789 7.82414 155.626
5.42655 7.83582 156.059
6.02007 7.84628 156.509
6.57449 7.85706 157.004
7.03649 7.86731 157.513
7.4912 7.88021 158.121

-6.07395 8.60929 160.425
-5.81174 8.60522 160.021
-5.49445 8.60319 159.599
-5.10091 8.60094 159.143
-4.71632 8.59979 158.769
-4.30539 8.60096 158.448
-3.86841 8.60111 158.136
-3.41103 8.60291 157.86
-2.98462 8.60657 157.689
-2.51477 8.61027 157.531

-5.26685 8.62729 159.835
-4.96538 8.62419 159.489
-4.60954 8.62322 159.134
-4.17857 8.62227 158.757
-3.76658 8.62219 158.457
-3.33411 8.62441 158.211
-2.88171 8.62558 157.975
-2.41485 8.62828 157.776
-1.98508 8.6326 157.673
-1.51695 8.63721 157.592

-4.45975 8.6453 159.245
-4.11902 8.64316 158.957
-3.72462 8.64325 158.668
-3.25622 8.64359 158.372
-2.81683 8.64459 158.145
-2.36283 8.64786 157.974
-1.89501 8.65005 157.815
-1.41868 8.65365 157.693
-0.985547 8.65862 157.657
-0.519141 8.66416 157.652

-3.65265 8.66331 158.655
-3.27266 8.66213 158.424
-2.8397 8.66327 158.203
-2.33388 8.66491 157.986
-1.86708 8.66699 157.833
-1.39155 8.6713 157.737
-0.908312 8.67453 157.654
-0.422503 8.67901 157.609
0.013989 8.68465 157.641
0.478672 8.6911 157.712

-2.84555 8.68131 158.065
-2.4263 8.68111 157.892
-1.95478 8.6833 157.738
-1.41153 8.68623 157.6
-0.917327 8.68939 157.52
-0.420268 8.69475 157.501
0.0783875 8.699 157.493
0.573672 8.70438 157.526
1.01353 8.71067 157.625
1.47648 8.71805 157.773

-2.03845 8.69932 157.475
-1.57994 8.70008 157.36
-1.06986 8.70333 157.272
-0.489189 8.70755 157.214
0.0324223 8.71178 157.208
0.551011 8.7182 157.264
1.06509 8.72347 157.332
1.56985 8.72975 157.442
2.01306 8.7367 157.61
2.4743 8.74499 157.833

-1.23134 8.71732 156.885
-0.733582 8.71905 156.827
-0.184944 8.72335 156.807
0.433156 8.72887 156.829
0.982172 8.73418 156.896
1.52229 8.74164 157.027
2.05179 8.74795 157.172
2.56602 8.75511 157.358
3.0126 8.76272 157.594
3.47211 8.77194 157.893

-0.424244 8.73533 156.294
0.112778 8.73802 156.295
0.699974 8.74338 156.342
1.3555 8.75019 156.443
1.93192 8.75658 156.584
2.49357 8.76509 156.79
3.03848 8.77242 157.011
3.5622 8.78048 157.275
4.01213 8.78875 157.578
4.46992 8.79888 157.954

0.382856 8.75334 155.704
0.959138 8.75699 155.763
1.58489 8.76341 155.876
2.27785 8.77151 156.057
2.88167 8.77898 156.272
3.46485 8.78854 156.553
4.02518 8.7969 156.85
4.55837 8.80585 157.191
5.01167 8.81478 157.562
5.46773 8.82583 158.014

1.18996 8.77134 155.114
1.8055 8.77597 155.231
2.46981 8.78343 155.411
3.20019 8.79283 155.671
3.83142 8.80138 155.959
4.43613 8.81198 156.317
5.01188 8.82137 156.69
5.55455 8.83121 157.108
6.01121 8.8408 157.546
6.46555 8.85277 158.074

1.99706 8.78935 154.524
2.65186 8.79494 154.698
3.35473 8.80346 154.946
4.12254 8.81415 155.285
4.78117 8.82378 155.647
5.40741 8.83543 156.08
5.99858 8.84584 156.529
6.55072 8.85658 157.024
7.01074 8.86683 157.531
7.46336 8.87972 158.135

-6.08078 9.60904 160.447
-5.82075 9.60495 160.042
-5.5059 9.6029 159.62
-5.11515 9.60062 159.164
-4.73304 9.59943 158.79
-4.32453 9.60057 158.468
-3.8899 9.60067 158.156
-3.4348 9.60243 157.88
-3.01037 9.60608 157.706
-2.54261 9.60978 157.545

-5.27368 9.62705 159.856
-4.97439 9.62392 159.51
-4.62099 9.62293 159.155
-4.19281 9.62194 158.779
-3.7833 9.62183 158.478
-3.35325 9.62402 158.231
-2.9032 9.62514 157.995
-2.43862 9.6278 157.796
-2.01083 9.63211 157.69
-1.54479 9.63673 157.606

-4.46658 9.64505 159.266
-4.12803 9.64289 158.978
-3.73607 9.64295 158.69
-3.27046 9.64326 158.393
-2.83355 9.64423 158.166
-2.38197 9.64746 157.995
-1.9165 9.64962 157.835
-1.44245 9.65316 157.713
-1.01129 9.65813 157.675
-0.546982 9.66367 157.666

-3.65948 9.66306 158.676
-3.28167 9.66187 158.446
-2.85115 9.66298 158.224
-2.34812 9.66458 158.007
-1.8838 9.66663 157.853
-1.41069 9.67091 157.758
-0.929802 9.67409 157.674
-0.446272 9.67853 157.629
-0.0117576 9.68416 157.659
0.450831 9.69062 157.726

-2.85238 9.68106 158.086
-2.43531 9.68084 157.913
-1.96623 9.68301 157.759
-1.42577 9.6859 157.621
-0.934047 9.68903 157.541
-0.439411 9.69436 157.521
0.0568974 9.69856 157.513
0.549904 9.7039 157.546
0.987779 9.71019 157.643
1.44864 9.71756 157.787

-2.04528 9.69907 157.496
-1.58895 9.69981 157.381
-1.08131 9.70304 157.294
-0.503428 9.70722 157.235
0.0157024 9.71143 157.229
0.531868 9.7178 157.284
1.0436 9.72304 157.353
1.54608 9.72926 157.462
1.98732 9.73621 157.627
2.44646 9.74451 157.847

-1.23818 9.71708 156.906
-0.742591 9.71878 156.849
-0.196393 9.72306 156.828
0.418917 9.72854 156.85
0.965452 9.73383 156.917
1.50315 9.74125 157.047
2.0303 9.74751 157.192
2.54225 9.75463 157.378
2.98685 9.76224 157.611
3.44427 9.77145 157.907

-0.431077 9.73508 156.316
0.103769 9.73775 156.316
0.688525 9.74309 156.363
1.34126 9.74986 156.464
1.9152 9.75623 156.605
2.47443 9.7647 156.811
3.01699 9.77199 157.031
3.53843 9.78 157.295
3.98639 9.78826 157.596
4.44208 9.7984 157.968

0.376023 9.75309 155.726
0.950129 9.75673 155.784
1.57344 9.76312 155.898
2.26361 9.77118 156.078
2.86495 9.77862 156.292
3.44571 9.78814 156.574
4.00369 9.79646 156.871
4.53461 9.80536 157.211
4.98592 9.81429 157.58
5.43989 9.82534 158.028

1.18312 9.7711 155.135
1.79649 9.7757 155.252
2.45836 9.78314 155.432
3.18595 9.79251 155.692
3.8147 9.80102 155.98
4.41699 9.81159 156.337
4.99039 9.82093 156.71
5.53078 9.83073 157.128
5.98546 9.84031 157.564
6.4377 9.85229 158.089

1.99022 9.7891 154.545
2.64285 9.79467 154.72
3.34328 9.80317 154.967
4.1083 9.81383 155.307
4.76445 9.82342 155.668
5.38827 9.83504 156.1
5.97709 9.84541 156.549
6.52696 9.8561 157.044
6.985 9.86634 157.548
7.43552 9.87923 158.149

-6.08761 10.6088 160.468
-5.82976 10.6047 160.064
-5.51735 10.6026 159.642
-5.12939 10.6003 159.186
-4.74976 10.5991 158.811
-4.34367 10.6002 158.489
-3.91139 10.6002 158.176
-3.45857 10.6019 157.9
-3.03611 10.6056 157.724
-2.57045 10.6093 157.559

-5.28051 10.6268 159.878
-4.9834 10.6237 159.531
-4.63243 10.6226 159.176
-4.20705 10.6216 158.8
-3.80002 10.6215 158.499
-3.37239 10.6236 158.252
-2.92469 10.6247 158.016
-2.46239 10.6273 157.817
-2.03658 10.6316 157.708
-1.57263 10.6362 157.62

-4.47341 10.6448 159.288
-4.13704 10.6426 158.999
-3.74752 10.6427 158.711
-3.2847 10.6429 158.414
-2.85027 10.6439 158.187
-2.40111 10.6471 158.015
-1.93799 10.6492 157.855
-1.46622 10.6527 157.733
-1.03704 10.6576 157.692
-0.574822 10.6632 157.68

-3.66631 10.6628 158.697
-3.29068 10.6616 158.467
-2.8626 10.6627 158.246
-2.36236 10.6643 158.028
-1.90052 10.6663 157.874
-1.42983 10.6705 157.778
-0.951292 10.6737 157.694
-0.47004 10.678 157.649
-0.0375043 10.6837 157.676
0.42299 10.6901 157.74

-2.85921 10.6808 158.107
-2.44432 10.6806 157.935
-1.97768 10.6827 157.78
-1.44001 10.6856 157.642
-0.950767 10.6887 157.562
-0.458554 10.694 157.541
0.0354074 10.6981 157.534
0.526135 10.7034 157.566
0.962032 10.7097 157.661
1.4208 10.7171 157.801

-2.05211 10.6988 157.517
-1.59796 10.6995 157.402
-1.09276 10.7027 157.315
-0.517667 10.7069 157.257
-0.0010175 10.7111 157.25
0.512725 10.7174 157.305
1.02211 10.7226 157.373
1.52231 10.7288 157.482
1.96157 10.7357 157.645
2.41861 10.744 157.861

-1.24501 10.7168 156.927
-0.7516 10.7185 156.87
-0.207842 10.7228 156.85
0.404678 10.7282 156.871
0.948732 10.7335 156.938
1.484 10.7409 157.068
2.00881 10.7471 157.212
2.51849 10.7541 157.398
2.9611 10.7618 157.629
3.41643 10.771 157.921

-0.43791 10.7348 156.337
0.0947597 10.7375 156.338
0.677076 10.7428 156.384
1.32702 10.7495 156.485
1.89848 10.7559 156.625
2.45528 10.7643 156.831
2.9955 10.7715 157.052
3.51466 10.7795 157.315
3.96064 10.7878 157.613
4.41424 10.7979 157.982

0.36919 10.7528 155.747
0.94112 10.7565 155.806
1.56199 10.7628 155.919
2.24937 10.7709 156.099
2.84823 10.7783 156.313
3.42656 10.7878 156.594
3.9822 10.796 156.891
4.51084 10.8049 157.231
4.96018 10.8138 157.597
5.41205 10.8249 158.042

1.17629 10.7708 155.157
1.78748 10.7754 155.273
2.44691 10.7829 155.454
3.17171 10.7922 155.714
3.79798 10.8007 156.001
4.39784 10.8112 156.357
4.9689 10.8205 156.73
5.50701 10.8302 157.148
5.95971 10.8398 157.582
6.40986 10.8518 158.103

1.98339 10.7889 154.566
2.63384 10.7944 154.741
3.33183 10.8029 154.988
4.09406 10.8135 155.328
4.74773 10.8231 155.689
5.36912 10.8346 156.121
5.9556 10.845 156.569
6.50319 10.8556 157.064
6.95925 10.8659 157.566
7.40768 10.8787 158.163

-6.09445 11.6085 160.489
-5.83877 11.6044 160.085
-5.5288 11.6023 159.663
-5.14363 11.6 159.207
-4.76648 11.5987 158.832
-4.36281 11.5998 158.509
-3.93288 11.5998 158.197
-3.48234 11.6015 157.92
-3.06186 11.6051 157.741
-2.59829 11.6088 157.573

-5.28735 11.6266 159.899
-4.99241 11.6234 159.553
-4.64388 11.6223 159.197
-4.22129 11.6213 158.821
-3.81674 11.6211 158.52
-3.39154 11.6232 158.272
-2.94618 11.6243 158.036
-2.48616 11.6268 157.837
-2.06232 11.6311 157.726
-1.60048 11.6358 157.634

-4.48025 11.6446 159.309
-4.14605 11.6424 159.02
-3.75896 11.6424 158.732
-3.29894 11.6426 158.435
-2.86699 11.6435 158.207
-2.42026 11.6467 158.035
-1.95948 11.6487 157.875
-1.48998 11.6522 157.753
-1.06279 11.6572 157.71
-0.602663 11.6627 157.694

-3.67315 11.6626 158.719
-3.29969 11.6613 158.488
-2.87405 11.6624 158.267
-2.3766 11.6639 158.049
-1.91724 11.6659 157.895
-1.44898 11.6701 157.799
-0.972782 11.6732 157.715
-0.493809 11.6776 157.669
-0.063251 11.6832 157.694
0.395149 11.6896 157.754

-2.86605 11.6806 158.128
-2.45333 11.6803 157.956
-1.98913 11.6824 157.802
-1.45425 11.6852 157.664
-0.967487 11.6883 157.583
-0.477697 11.6936 157.562
0.0139173 11.6977 157.554
0.502367 11.7029 157.586
0.936285 11.7092 157.678
1.39296 11.7166 157.815

-2.05894 11.6986 157.538
-1.60697 11.6993 157.424
-1.10421 11.7025 157.336
-0.531906 11.7066 157.278
-0.0177374 11.7107 157.271
0.493582 11.717 157.325
1.00062 11.7222 157.393
1.49854 11.7283 157.502
1.93582 11.7352 157.662
2.39077 11.7435 157.875

-1.25184 11.7166 156.948
-0.760609 11.7182 156.891
-0.219291 11.7225 156.871
0.390439 11.7279 156.892
0.932012 11.7331 156.959
1.46486 11.7405 157.088
1.98732 11.7466 157.233
2.49472 11.7537 157.419
2.93536 11.7613 157.647
3.38859 11.7705 157.935

-0.444743 11.7346 156.358
0.0857506 11.7372 156.359
0.665628 11.7425 156.406
1.31278 11.7492 156.506
1.88176 11.7555 156.646
2.43614 11.7639 156.852
2.97401 11.7711 157.072
3.49089 11.779 157.335
3.93489 11.7873 157.631
4.3864 11.7974 157.996

0.362357 11.7526 155.768
0.932111 11.7562 155.827
1.55055 11.7625 155.94
2.23513 11.7705 156.121
2.83151 11.7779 156.334
3.40742 11.7874 156.615
3.96071 11.7956 156.911
4.48707 11.8044 157.251
4.93443 11.8133 157.615
5.38421 11.8244 158.056

1.16946 11.7706 155.178
1.77847 11.7752 155.295
2.43546 11.7826 155.475
3.15747 11.7919 155.735
3.78126 11.8003 156.022
4.3787 11.8108 156.378
4.94741 11.8201 156.75
5.48324 11.8298 157.168
5.93397 11.8393 157.599
6.38202 11.8513 158.117

1.97656 11.7886 154.588
2.62483 11.7941 154.762
3.32038 11.8026 155.01
4.07982 11.8132 155.349
4.73101 11.8227 155.71
5.34998 11.8343 156.141
5.93411 11.8445 156.59
6.47942 11.8551 157.084
6.9335 11.8654 157.584
7.37983 11.8783 158.177

