
    7.23645    -5.15437    46.7132    
    7.16769    -5.15547    46.7268    
    7.12472    -5.16377    46.7579    
    7.0668    -5.16262    46.7512    
    6.99003    -5.17097    46.8152    
    6.92549    -5.16688    46.8604    
    6.84773    -5.1652    46.8549    
    6.82793    -5.1622    46.8818    

    7.22038    -4.1545    46.7167    
    7.15214    -4.1556    46.7307    
    7.10966    -4.16389    46.7608    
    7.05226    -4.16273    46.7546    
    6.97597    -4.17107    46.8137    
    6.91185    -4.16699    46.8566    
    6.83511    -4.16528    46.8539    
    6.81551    -4.16228    46.8812    

    7.20431    -3.15464    46.7203    
    7.13658    -3.15573    46.7346    
    7.0946    -3.164    46.7637    
    7.03772    -3.16284    46.758    
    6.96191    -3.17117    46.8123    
    6.89821    -3.16709    46.8527    
    6.82249    -3.16536    46.8528    
    6.80309    -3.16236    46.8806    

    7.18824    -2.15477    46.7238    
    7.12103    -2.15586    46.7385    
    7.07954    -2.16412    46.7666    
    7.02319    -2.16295    46.7614    
    6.94786    -2.17127    46.8108    
    6.88456    -2.16719    46.8488    
    6.80987    -2.16544    46.8518    
    6.79067    -2.16243    46.88    

    7.17217    -1.15491    46.7273    
    7.10548    -1.15598    46.7423    
    7.06449    -1.16424    46.7695    
    7.00865    -1.16307    46.7648    
    6.9338    -1.17137    46.8093    
    6.87092    -1.16729    46.8449    
    6.79725    -1.16552    46.8508    
    6.77825    -1.16251    46.8794    

    7.1561    -0.155044    46.7309    
    7.08993    -0.156112    46.7462    
    7.04943    -0.164357    46.7724    
    6.99412    -0.163178    46.7682    
    6.91974    -0.171468    46.8079    
    6.85727    -0.167388    46.8411    
    6.78463    -0.1656    46.8498    
    6.76583    -0.162587    46.8788    

    7.14003    0.84482    46.7344    
    7.07437    0.843759    46.7501    
    7.03437    0.835526    46.7753    
    6.97958    0.836711    46.7716    
    6.90568    0.828432    46.8064    
    6.84363    0.832512    46.8372    
    6.77201    0.83432    46.8488    
    6.75341    0.837335    46.8782    

    7.12395    1.84469    46.738    
    7.05882    1.84363    46.754    
    7.01931    1.83541    46.7782    
    6.96504    1.8366    46.775    
    6.89162    1.82833    46.805    
    6.82999    1.83241    46.8333    
    6.75939    1.83424    46.8478    
    6.74099    1.83726    46.8776    

    6.23955    -5.17012    46.636    
    6.16829    -5.17089    46.6957    
    6.12486    -5.1788    46.7505    
    6.06755    -5.17727    46.7873    
    5.99408    -5.18484    46.904    
    5.93537    -5.17985    47    
    5.86729    -5.17737    47.0513    
    5.85118    -5.1742    47.0958    

    6.22348    -4.17025    46.6396    
    6.15274    -4.17102    46.6996    
    6.1098    -4.17892    46.7534    
    6.05302    -4.17738    46.7907    
    5.98002    -4.18494    46.9025    
    5.92173    -4.17996    46.9962    
    5.85467    -4.17745    47.0503    
    5.83876    -4.17428    47.0952    

    6.20741    -3.17039    46.6431    
    6.13719    -3.17115    46.7035    
    6.09474    -3.17904    46.7563    
    6.03848    -3.17749    46.7941    
    5.96596    -3.18504    46.901    
    5.90809    -3.18006    46.9923    
    5.84205    -3.17753    47.0493    
    5.82634    -3.17436    47.0946    

    6.19134    -2.17052    46.6467    
    6.12163    -2.17128    46.7074    
    6.07968    -2.17916    46.7592    
    6.02394    -2.1776    46.7975    
    5.9519    -2.18514    46.8996    
    5.89444    -2.18016    46.9884    
    5.82943    -2.17762    47.0483    
    5.81391    -2.17444    47.094    

    6.17527    -1.17066    46.6502    
    6.10608    -1.17141    46.7113    
    6.06463    -1.17927    46.7621    
    6.00941    -1.17772    46.8009    
    5.93784    -1.18524    46.8981    
    5.8808    -1.18026    46.9846    
    5.81681    -1.1777    47.0473    
    5.80149    -1.17451    47.0934    

    6.1592    -0.170794    46.6538    
    6.09053    -0.171537    46.7151    
    6.04957    -0.179393    46.765    
    5.99487    -0.177827    46.8043    
    5.92379    -0.185341    46.8967    
    5.86715    -0.180358    46.9807    
    5.8042    -0.177775    47.0463    
    5.78907    -0.174591    47.0928    

    6.14313    0.829071    46.6573    
    6.07497    0.828334    46.719    
    6.03451    0.82049    46.7679    
    5.98034    0.822061    46.8077    
    5.90973    0.814559    46.8952    
    5.85351    0.819542    46.9768    
    5.79158    0.822145    47.0453    
    5.77665    0.825331    47.0922    

    6.12706    1.82894    46.6609    
    6.05942    1.82821    46.7229    
    6.01945    1.82037    46.7708    
    5.9658    1.82195    46.8111    
    5.89567    1.81446    46.8938    
    5.83987    1.81944    46.973    
    5.77896    1.82206    47.0443    
    5.76423    1.82525    47.0916    

    5.24266    -5.18587    46.5589    
    5.16889    -5.18632    46.6646    
    5.125    -5.19384    46.7431    
    5.06831    -5.19192    46.8233    
    4.99812    -5.19871    46.9928    
    4.94525    -5.19282    47.1397    
    4.88686    -5.18955    47.2478    
    4.87442    -5.18621    47.3098    

    5.22658    -4.186    46.5625    
    5.15334    -4.18645    46.6685    
    5.10994    -4.19396    46.746    
    5.05377    -4.19203    46.8267    
    4.98406    -4.19881    46.9913    
    4.93161    -4.19293    47.1358    
    4.87424    -4.18963    47.2468    
    4.862    -4.18629    47.3092    

    5.21051    -3.18614    46.566    
    5.13779    -3.18658    46.6724    
    5.09488    -3.19408    46.7489    
    5.03924    -3.19214    46.8301    
    4.97001    -3.19891    46.9898    
    4.91797    -3.19303    47.1319    
    4.86162    -3.18971    47.2458    
    4.84958    -3.18636    47.3086    

    5.19444    -2.18627    46.5696    
    5.12223    -2.1867    46.6763    
    5.07982    -2.19419    46.7518    
    5.0247    -2.19225    46.8335    
    4.95595    -2.19901    46.9884    
    4.90432    -2.19313    47.1281    
    4.849    -2.18979    47.2448    
    4.83716    -2.18644    47.308    

    5.17837    -1.18641    46.5731    
    5.10668    -1.18683    46.6802    
    5.06477    -1.19431    46.7547    
    5.01016    -1.19237    46.8369    
    4.94189    -1.19911    46.9869    
    4.89068    -1.19323    47.1242    
    4.83638    -1.18987    47.2438    
    4.82474    -1.18652    47.3074    

    5.1623    -0.186544    46.5767    
    5.09113    -0.186962    46.6841    
    5.04971    -0.194428    46.7576    
    4.99563    -0.192477    46.8403    
    4.92783    -0.199214    46.9855    
    4.87703    -0.193328    47.1203    
    4.82376    -0.189951    47.2427    
    4.81232    -0.186595    47.3068    

    5.14623    0.813321    46.5802    
    5.07558    0.81291    46.688    
    5.03465    0.805454    46.7605    
    4.98109    0.807412    46.8437    
    4.91378    0.800686    46.984    
    4.86339    0.806572    47.1164    
    4.81114    0.809969    47.2417    
    4.79989    0.813327    47.3062    

    5.13016    1.81319    46.5838    
    5.06002    1.81278    46.6918    
    5.01959    1.80534    46.7634    
    4.96656    1.8073    46.8471    
    4.89972    1.80059    46.9826    
    4.84975    1.80647    47.1126    
    4.79852    1.80989    47.2407    
    4.78747    1.81325    47.3056    

    4.24576    -5.20162    46.4818    
    4.1695    -5.20174    46.6336    
    4.12514    -5.20888    46.7357    
    4.06907    -5.20657    46.8593    
    4.00217    -5.21259    47.0816    
    3.95513    -5.20579    47.2793    
    3.90642    -5.20173    47.4443    
    3.89766    -5.19821    47.5238    

    4.22969    -4.20175    46.4854    
    4.15394    -4.20187    46.6374    
    4.11008    -4.20899    46.7386    
    4.05453    -4.20668    46.8627    
    3.98811    -4.21269    47.0801    
    3.94149    -4.2059    47.2754    
    3.8938    -4.20181    47.4432    
    3.88524    -4.19829    47.5232    

    4.21362    -3.20189    46.4889    
    4.13839    -3.202    46.6413    
    4.09502    -3.20911    46.7415    
    4.03999    -3.20679    46.8661    
    3.97405    -3.21279    47.0786    
    3.92784    -3.206    47.2715    
    3.88118    -3.20189    47.4422    
    3.87282    -3.19837    47.5226    

    4.19754    -2.20202    46.4925    
    4.12284    -2.20213    46.6452    
    4.07996    -2.20923    46.7444    
    4.02546    -2.2069    46.8695    
    3.96    -2.21289    47.0772    
    3.9142    -2.2061    47.2677    
    3.86856    -2.20197    47.4412    
    3.8604    -2.19844    47.522    

    4.18147    -1.20216    46.496    
    4.10728    -1.20226    46.6491    
    4.06491    -1.20935    46.7473    
    4.01092    -1.20702    46.8729    
    3.94594    -1.21299    47.0757    
    3.90056    -1.2062    47.2638    
    3.85594    -1.20205    47.4402    
    3.84798    -1.19852    47.5214    

    4.1654    -0.202293    46.4996    
    4.09173    -0.202386    46.653    
    4.04985    -0.209464    46.7502    
    3.99639    -0.207126    46.8763    
    3.93188    -0.213087    47.0743    
    3.88691    -0.206298    47.2599    
    3.84332    -0.202126    47.4392    
    3.83556    -0.1986    47.5208    

    4.14933    0.797571    46.5031    
    4.07618    0.797485    46.6569    
    4.03479    0.790418    46.7531    
    3.98185    0.792762    46.8797    
    3.91782    0.786814    47.0728    
    3.87327    0.793602    47.2561    
    3.83071    0.797794    47.4382    
    3.82314    0.801323    47.5202    

    4.13326    1.79744    46.5067    
    4.06063    1.79736    46.6608    
    4.01973    1.7903    46.756    
    3.96731    1.79265    46.8831    
    3.90377    1.78671    47.0714    
    3.85962    1.7935    47.2522    
    3.81809    1.79771    47.4372    
    3.81072    1.80125    47.5196    

    3.24886    -5.21737    46.4047    
    3.1701    -5.21717    46.6025    
    3.12528    -5.22391    46.7283    
    3.06982    -5.22122    46.8953    
    3.00622    -5.22646    47.1704    
    2.96501    -5.21876    47.4189    
    2.92599    -5.2139    47.6407    
    2.92091    -5.21022    47.7378    

    3.23279    -4.2175    46.4083    
    3.15454    -4.2173    46.6064    
    3.11022    -4.22403    46.7312    
    3.05529    -4.22133    46.8987    
    2.99216    -4.22656    47.1689    
    2.95137    -4.21887    47.415    
    2.91337    -4.21398    47.6397    
    2.90849    -4.21029    47.7372    

    3.21672    -3.21764    46.4118    
    3.13899    -3.21743    46.6103    
    3.09516    -3.22415    46.7341    
    3.04075    -3.22144    46.9021    
    2.9781    -3.22666    47.1674    
    2.93772    -3.21897    47.4112    
    2.90075    -3.21406    47.6387    
    2.89606    -3.21037    47.7366    

    3.20065    -2.21777    46.4154    
    3.12344    -2.21755    46.6141    
    3.08011    -2.22426    46.737    
    3.02621    -2.22155    46.9055    
    2.96404    -2.22676    47.166    
    2.92408    -2.21907    47.4073    
    2.88813    -2.21414    47.6377    
    2.88364    -2.21045    47.736    

    3.18457    -1.21791    46.4189    
    3.10789    -1.21768    46.618    
    3.06505    -1.22438    46.7399    
    3.01168    -1.22166    46.9089    
    2.94999    -1.22686    47.1645    
    2.91044    -1.21917    47.4034    
    2.87551    -1.21422    47.6367    
    2.87122    -1.21053    47.7354    

    3.1685    -0.218043    46.4225    
    3.09233    -0.217811    46.6219    
    3.04999    -0.2245    46.7428    
    2.99714    -0.221776    46.9123    
    2.93593    -0.226959    47.1631    
    2.89679    -0.219268    47.3995    
    2.86289    -0.214301    47.6357    
    2.8588    -0.210604    47.7348    

    3.15243    0.781821    46.426    
    3.07678    0.782061    46.6258    
    3.03493    0.775382    46.7457    
    2.98261    0.778113    46.9157    
    2.92187    0.772941    47.1616    
    2.88315    0.780632    47.3957    
    2.85027    0.785619    47.6347    
    2.84638    0.789319    47.7342    

    3.13636    1.78169    46.4295    
    3.06123    1.78193    46.6297    
    3.01987    1.77526    46.7486    
    2.96807    1.778    46.9191    
    2.90781    1.77284    47.1602    
    2.8695    1.78053    47.3918    
    2.83765    1.78554    47.6337    
    2.83396    1.78924    47.7336    

    2.25196    -5.23312    46.3276    
    2.1707    -5.23259    46.5714    
    2.12542    -5.23895    46.7208    
    2.07058    -5.23587    46.9314    
    2.01026    -5.24033    47.2591    
    1.97489    -5.23173    47.5585    
    1.94555    -5.22608    47.8372    
    1.94415    -5.22222    47.9518    

    2.23589    -4.23325    46.3312    
    2.15515    -4.23272    46.5753    
    2.11036    -4.23907    46.7238    
    2.05604    -4.23598    46.9348    
    1.99621    -4.24043    47.2577    
    1.96125    -4.23184    47.5546    
    1.93293    -4.22616    47.8362    
    1.93173    -4.2223    47.9512    

    2.21982    -3.23339    46.3347    
    2.13959    -3.23285    46.5792    
    2.0953    -3.23918    46.7267    
    2.04151    -3.23609    46.9382    
    1.98215    -3.24053    47.2562    
    1.9476    -3.23194    47.5508    
    1.92031    -3.22624    47.8352    
    1.91931    -3.22238    47.9506    

    2.20375    -2.23352    46.3383    
    2.12404    -2.23298    46.5831    
    2.08025    -2.2393    46.7296    
    2.02697    -2.2362    46.9416    
    1.96809    -2.24063    47.2548    
    1.93396    -2.23204    47.5469    
    1.90769    -2.22632    47.8342    
    1.90689    -2.22245    47.95    

    2.18768    -1.23366    46.3418    
    2.10849    -1.23311    46.5869    
    2.06519    -1.23942    46.7325    
    2.01243    -1.23631    46.945    
    1.95403    -1.24073    47.2533    
    1.92032    -1.23214    47.543    
    1.89507    -1.2264    47.8331    
    1.89447    -1.22253    47.9494    

    2.17161    -0.233793    46.3453    
    2.09294    -0.233235    46.5908    
    2.05013    -0.239536    46.7354    
    1.9979    -0.236426    46.9484    
    1.93997    -0.240832    47.2519    
    1.90667    -0.232238    47.5392    
    1.88245    -0.226476    47.8321    
    1.88205    -0.222608    47.9488    

    2.15553    0.766072    46.3489    
    2.07738    0.766636    46.5947    
    2.03507    0.760347    46.7383    
    1.98336    0.763463    46.9518    
    1.92592    0.759068    47.2504    
    1.89303    0.767662    47.5353    
    1.86983    0.773444    47.8311    
    1.86962    0.777315    47.9482    

    2.13946    1.76594    46.3524    
    2.06183    1.76651    46.5986    
    2.02001    1.76023    46.7412    
    1.96883    1.76335    46.9552    
    1.91186    1.75897    47.2489    
    1.87938    1.76756    47.5314    
    1.85722    1.77336    47.8301    
    1.8572    1.77724    47.9476    

    1.25506    -5.24887    46.2505    
    1.1713    -5.24802    46.5403    
    1.12556    -5.25398    46.7134    
    1.07134    -5.25052    46.9674    
    1.01431    -5.25421    47.3479    
    0.98477    -5.2447    47.6981    
    0.965114    -5.23825    48.0336    
    0.967393    -5.23423    48.1659    

    1.23899    -4.249    46.254    
    1.15575    -4.24815    46.5442    
    1.1105    -4.2541    46.7164    
    1.0568    -4.25063    46.9708    
    1.00025    -4.25431    47.3465    
    0.971126    -4.24481    47.6943    
    0.952495    -4.23833    48.0326    
    0.954972    -4.2343    48.1653    

    1.22292    -3.24914    46.2576    
    1.1402    -3.24827    46.5481    
    1.09544    -3.25422    46.7193    
    1.04226    -3.25074    46.9742    
    0.986194    -3.25441    47.345    
    0.957482    -3.24491    47.6904    
    0.939876    -3.23841    48.0316    
    0.942551    -3.23438    48.1647    

    1.20685    -2.24927    46.2611    
    1.12464    -2.2484    46.552    
    1.08039    -2.25434    46.7222    
    1.02773    -2.25085    46.9776    
    0.972137    -2.25451    47.3436    
    0.943839    -2.24501    47.6865    
    0.927257    -2.23849    48.0306    
    0.93013    -2.23446    48.1641    

    1.19078    -1.24941    46.2647    
    1.10909    -1.24853    46.5559    
    1.06533    -1.25445    46.7251    
    1.01319    -1.25096    46.981    
    0.958079    -1.25461    47.3421    
    0.930195    -1.24511    47.6826    
    0.914638    -1.23857    48.0296    
    0.917709    -1.23453    48.1634    

    1.17471    -0.249543    46.2682    
    1.09354    -0.24866    46.5598    
    1.05027    -0.254572    46.728    
    0.998655    -0.251075    46.9844    
    0.944021    -0.254705    47.3407    
    0.916551    -0.245208    47.6788    
    0.902018    -0.238652    48.0286    
    0.905288    -0.234612    48.1628    

    1.15864    0.750322    46.2718    
    1.07799    0.751212    46.5636    
    1.03521    0.745311    46.7309    
    0.984118    0.748813    46.9878    
    0.929963    0.745195    47.3392    
    0.902907    0.754692    47.6749    
    0.889399    0.761268    48.0276    
    0.892867    0.765311    48.1622    

    1.14257    1.75019    46.2753    
    1.06243    1.75108    46.5675    
    1.02016    1.74519    46.7338    
    0.969582    1.7487    46.9912    
    0.915905    1.7451    47.3377    
    0.889263    1.75459    47.671    
    0.87678    1.76119    48.0266    
    0.880446    1.76523    48.1616    

    0.258164    -5.26462    46.1734    
    0.171903    -5.26344    46.5092    
    0.1257    -5.26902    46.706    
    0.0720936    -5.26517    47.0034    
    0.0183568    -5.26808    47.4367    
    -0.00535042    -5.25767    47.8377    
    -0.0153211    -5.25043    48.2301    
    -0.00936375    -5.24623    48.3799    

    0.242093    -4.26475    46.1769    
    0.156351    -4.26357    46.5131    
    0.110642    -4.26914    46.7089    
    0.0575572    -4.26528    47.0068    
    0.00429899    -4.26818    47.4353    
    -0.0189943    -4.25778    47.8339    
    -0.0279403    -4.25051    48.2291    
    -0.0217847    -4.24631    48.3793    

    0.226022    -3.26489    46.1805    
    0.140798    -3.2637    46.517    
    0.0955844    -3.26925    46.7119    
    0.0430207    -3.26539    47.0102    
    -0.0097588    -3.26828    47.4338    
    -0.0326382    -3.25788    47.83    
    -0.0405595    -3.25059    48.2281    
    -0.0342057    -3.24638    48.3787    

    0.209951    -2.26502    46.184    
    0.125245    -2.26383    46.5209    
    0.0805267    -2.26937    46.7148    
    0.0284842    -2.2655    47.0136    
    -0.0238166    -2.26838    47.4324    
    -0.0462822    -2.25798    47.8261    
    -0.0531787    -2.25067    48.2271    
    -0.0466267    -2.24646    48.3781    

    0.19388    -1.26516    46.1876    
    0.109693    -1.26396    46.5248    
    0.065469    -1.26949    46.7177    
    0.0139478    -1.26561    47.017    
    -0.0378744    -1.26848    47.4309    
    -0.0599261    -1.25808    47.8223    
    -0.0657979    -1.25075    48.2261    
    -0.0590477    -1.24654    48.3775    

    0.177809    -0.265292    46.1911    
    0.0941401    -0.264084    46.5287    
    0.0504113    -0.269608    46.7206    
    -0.00058868    -0.265725    47.0204    
    -0.0519322    -0.268578    47.4295    
    -0.07357    -0.258178    47.8184    
    -0.0784171    -0.250827    48.2251    
    -0.0714686    -0.246616    48.3769    

    0.161738    0.734572    46.1947    
    0.0785874    0.735787    46.5326    
    0.0353536    0.730275    46.7235    
    -0.0151251    0.734164    47.0238    
    -0.06599    0.731322    47.428    
    -0.0872139    0.741722    47.8145    
    -0.0910363    0.749093    48.2241    
    -0.0838896    0.753307    48.3763    

    0.145667    1.73444    46.1982    
    0.0630348    1.73566    46.5364    
    0.0202959    1.73016    46.7264    
    -0.0296616    1.73405    47.0272    
    -0.0800478    1.73122    47.4265    
    -0.100858    1.74162    47.8107    
    -0.103656    1.74901    48.2231    
    -0.0963106    1.75323    48.3757    

    -0.738734    -5.28036    46.0963    
    -0.827494    -5.27887    46.4782    
    -0.87416    -5.28406    46.6986    
    -0.92715    -5.27982    47.0395    
    -0.977596    -5.28195    47.5255    
    -0.995471    -5.27064    47.9774    
    -0.995757    -5.2626    48.4266    
    -0.986121    -5.25823    48.5939    

    -0.754805    -4.2805    46.0998    
    -0.843047    -4.27899    46.482    
    -0.889217    -4.28417    46.7015    
    -0.941686    -4.27993    47.0429    
    -0.991654    -4.28205    47.5241    
    -1.00912    -4.27075    47.9735    
    -1.00838    -4.26268    48.4256    
    -0.998542    -4.25831    48.5933    

    -0.770876    -3.28064    46.1034    
    -0.8586    -3.27912    46.4859    
    -0.904275    -3.28429    46.7045    
    -0.956223    -3.28004    47.0463    
    -1.00571    -3.28215    47.5226    
    -1.02276    -3.27085    47.9696    
    -1.02099    -3.26276    48.4246    
    -1.01096    -3.25839    48.5927    

    -0.786947    -2.28077    46.1069    
    -0.874152    -2.27925    46.4898    
    -0.919333    -2.28441    46.7074    
    -0.970759    -2.28015    47.0497    
    -1.01977    -2.28225    47.5212    
    -1.0364    -2.27095    47.9657    
    -1.03361    -2.26284    48.4235    
    -1.02338    -2.25847    48.5921    

    -0.803018    -1.28091    46.1105    
    -0.889705    -1.27938    46.4937    
    -0.934391    -1.28453    46.7103    
    -0.985296    -1.28026    47.0531    
    -1.03383    -1.28235    47.5197    
    -1.05005    -1.27105    47.9619    
    -1.04623    -1.26292    48.4225    
    -1.0358    -1.25854    48.5915    

    -0.819089    -0.281042    46.114    
    -0.905258    -0.279509    46.4976    
    -0.949448    -0.284643    46.7132    
    -0.999832    -0.280374    47.0565    
    -1.04789    -0.282451    47.5183    
    -1.06369    -0.271148    47.958    
    -1.05885    -0.263002    48.4215    
    -1.04823    -0.25862    48.5909    

    -0.83516    0.718822    46.1176    
    -0.92081    0.720363    46.5015    
    -0.964506    0.715239    46.7161    
    -1.01437    0.719514    47.0599    
    -1.06194    0.717449    47.5168    
    -1.07733    0.728752    47.9541    
    -1.07147    0.736918    48.4205    
    -1.06065    0.741303    48.5903    

    -0.851231    1.71869    46.1211    
    -0.936363    1.72023    46.5054    
    -0.979564    1.71512    46.719    
    -1.02891    1.7194    47.0633    
    -1.076    1.71735    47.5153    
    -1.09098    1.72865    47.9503    
    -1.08409    1.73684    48.4195    
    -1.07307    1.74123    48.5897    

    -1.73563    -5.29611    46.0192    
    -1.82689    -5.29429    46.4471    
    -1.87402    -5.29909    46.6912    
    -1.92639    -5.29447    47.0755    
    -1.97355    -5.29582    47.6143    
    -1.98559    -5.28361    48.117    
    -1.97619    -5.27478    48.623    
    -1.96288    -5.27024    48.8079    

    -1.7517    -4.29625    46.0227    
    -1.84245    -4.29442    46.451    
    -1.88908    -4.29921    46.6941    
    -1.94093    -4.29458    47.0789    
    -1.98761    -4.29592    47.6129    
    -1.99924    -4.28372    48.1131    
    -1.98881    -4.27486    48.622    
    -1.9753    -4.27031    48.8073    

    -1.76777    -3.29639    46.0263    
    -1.858    -3.29455    46.4549    
    -1.90413    -3.29933    46.697    
    -1.95547    -3.29469    47.0823    
    -2.00167    -3.29602    47.6114    
    -2.01288    -3.28382    48.1092    
    -2.00143    -3.27494    48.621    
    -1.98772    -3.27039    48.8067    

    -1.78385    -2.29652    46.0298    
    -1.87355    -2.29468    46.4587    
    -1.91919    -2.29944    46.7    
    -1.97    -2.2948    47.0857    
    -2.01572    -2.29612    47.61    
    -2.02652    -2.28392    48.1054    
    -2.01405    -2.27502    48.62    
    -2.00014    -2.27047    48.8061    

    -1.79992    -1.29666    46.0334    
    -1.8891    -1.2948    46.4626    
    -1.93425    -1.29956    46.7029    
    -1.98454    -1.29491    47.0891    
    -2.02978    -1.29622    47.6085    
    -2.04017    -1.28402    48.1015    
    -2.02667    -1.2751    48.619    
    -2.01256    -1.27055    48.8055    

    -1.81599    -0.296792    46.0369    
    -1.90466    -0.294933    46.4665    
    -1.94931    -0.299679    46.7058    
    -1.99908    -0.295024    47.0925    
    -2.04384    -0.296324    47.607    
    -2.05381    -0.284118    48.0976    
    -2.03929    -0.275177    48.618    
    -2.02498    -0.270624    48.8049    

    -1.83206    0.703073    46.0405    
    -1.92021    0.704938    46.4704    
    -1.96437    0.700203    46.7087    
    -2.01361    0.704865    47.0959    
    -2.0579    0.703576    47.6056    
    -2.06746    0.715782    48.0938    
    -2.05191    0.724743    48.617    
    -2.0374    0.729299    48.8043    

    -1.84813    1.70294    46.044    
    -1.93576    1.70481    46.4743    
    -1.97942    1.70009    46.7116    
    -2.02815    1.70475    47.0993    
    -2.07195    1.70348    47.6041    
    -2.0811    1.71568    48.0899    
    -2.06453    1.72466    48.616    
    -2.04982    1.72922    48.8037    

    -2.73253    -5.31186    45.9421    
    -2.82629    -5.30972    46.416    
    -2.87388    -5.31413    46.6838    
    -2.92564    -5.30912    47.1115    
    -2.9695    -5.3097    47.7031    
    -2.97571    -5.29658    48.2566    
    -2.95663    -5.28695    48.8195    
    -2.93963    -5.28224    49.0219    

    -2.7486    -4.312    45.9456    
    -2.84184    -4.30984    46.4199    
    -2.88894    -4.31424    46.6867    
    -2.94017    -4.30923    47.1149    
    -2.98356    -4.3098    47.7017    
    -2.98936    -4.29669    48.2527    
    -2.96925    -4.28703    48.8185    
    -2.95206    -4.28232    49.0213    

    -2.76467    -3.31214    45.9492    
    -2.8574    -3.30997    46.4238    
    -2.90399    -3.31436    46.6896    
    -2.95471    -3.30934    47.1183    
    -2.99762    -3.3099    47.7002    
    -3.003    -3.29679    48.2489    
    -2.98187    -3.28711    48.8175    
    -2.96448    -3.2824    49.0207    

    -2.78074    -2.31227    45.9527    
    -2.87295    -2.3101    46.4277    
    -2.91905    -2.31448    46.6926    
    -2.96925    -2.30945    47.1217    
    -3.01168    -2.31    47.6988    
    -3.01664    -2.29689    48.245    
    -2.99449    -2.28719    48.8165    
    -2.9769    -2.28247    49.0201    

    -2.79681    -1.31241    45.9563    
    -2.8885    -1.31023    46.4315    
    -2.93411    -1.3146    46.6955    
    -2.98378    -1.30956    47.1251    
    -3.02573    -1.3101    47.6973    
    -3.03029    -1.29699    48.2411    
    -3.0071    -1.28727    48.8155    
    -2.98932    -1.28255    49.0195    

    -2.81289    -0.312542    45.9598    
    -2.90405    -0.310358    46.4354    
    -2.94917    -0.314715    46.6984    
    -2.99832    -0.309673    47.1285    
    -3.03979    -0.310197    47.6958    
    -3.04393    -0.297088    48.2372    
    -3.01972    -0.287353    48.8145    
    -3.00174    -0.282628    49.0189    

    -2.82896    0.687323    45.9633    
    -2.91961    0.689514    46.4393    
    -2.96423    0.685167    46.7013    
    -3.01286    0.690215    47.1319    
    -3.05385    0.689703    47.6944    
    -3.05758    0.702812    48.2334    
    -3.03234    0.712567    48.8135    
    -3.01416    0.717294    49.0183    

    -2.84503    1.68719    45.9669    
    -2.93516    1.68939    46.4432    
    -2.97928    1.68505    46.7042    
    -3.02739    1.6901    47.1353    
    -3.06791    1.6896    47.6929    
    -3.07122    1.70271    48.2295    
    -3.04496    1.71249    48.8124    
    -3.02658    1.71722    49.0177    
