-2.34377 -66.2329 727.527
-3.56727 -66.2537 728.734
-4.78358 -66.271 730.087
-6.01167 -66.2943 731.659
-7.18078 -66.3264 733.496
-8.07451 -66.3538 735.141
-8.82528 -66.3846 736.859
-9.46098 -66.4199 738.659
-10.0131 -66.464 740.762
-10.3949 -66.5106 742.969

-1.39508 -66.2526 727.843
-2.59942 -66.2718 728.985
-3.8003 -66.2876 730.268
-5.01717 -66.3089 731.763
-6.18104 -66.339 733.515
-7.07596 -66.3645 735.088
-7.83303 -66.3934 736.735
-8.4804 -66.4268 738.463
-9.05182 -66.4686 740.486
-9.46034 -66.5129 742.613

-0.446389 -66.2722 728.158
-1.63157 -66.2899 729.235
-2.81702 -66.3041 730.449
-4.02267 -66.3236 731.867
-5.18131 -66.3515 733.534
-6.0774 -66.3753 735.036
-6.84079 -66.4023 736.611
-7.49982 -66.4336 738.267
-8.09054 -66.4731 740.211
-8.52574 -66.5152 742.258

0.502299 -66.2918 728.474
-0.663724 -66.3081 729.486
-1.83373 -66.3207 730.631
-3.02817 -66.3383 731.97
-4.18157 -66.3641 733.554
-5.07885 -66.386 734.983
-5.84854 -66.4111 736.487
-6.51924 -66.4405 738.071
-7.12926 -66.4777 739.935
-7.59113 -66.5175 741.902

1.45099 -66.3115 728.79
0.304126 -66.3262 729.737
-0.850452 -66.3372 730.812
-2.03367 -66.3529 732.074
-3.18184 -66.3766 733.573
-4.0803 -66.3968 734.93
-4.8563 -66.42 736.363
-5.53866 -66.4473 737.875
-6.16799 -66.4823 739.659
-6.65653 -66.5198 741.546

2.39968 -66.3311 729.105
1.27198 -66.3443 729.988
0.132831 -66.3538 730.993
-1.03917 -66.3676 732.178
-2.1821 -66.3892 733.592
-3.08174 -66.4075 734.878
-3.86405 -66.4288 736.239
-4.55807 -66.4542 737.679
-5.20671 -66.4869 739.384
-5.72193 -66.5221 741.191

3.34836 -66.3508 729.421
2.23983 -66.3625 730.239
1.11611 -66.3703 731.175
-0.0446633 -66.3823 732.281
-1.18236 -66.4017 733.611
-2.08319 -66.4182 734.825
-2.8718 -66.4377 736.115
-3.57749 -66.461 737.483
-4.24544 -66.4915 739.108
-4.78732 -66.5244 740.835

4.29705 -66.3704 729.736
3.20768 -66.3806 730.49
2.0994 -66.3868 731.356
0.949838 -66.3969 732.385
-0.182628 -66.4143 733.631
-1.08463 -66.429 734.772
-1.87956 -66.4465 735.991
-2.59691 -66.4679 737.287
-3.28416 -66.4961 738.833
-3.85272 -66.5267 740.479

5.24574 -66.3901 730.052
4.17553 -66.3987 730.741
3.08268 -66.4034 731.537
1.94434 -66.4116 732.489
0.817108 -66.4268 733.65
-0.0860772 -66.4397 734.72
-0.887309 -66.4554 735.867
-1.61633 -66.4747 737.091
-2.32289 -66.5007 738.557
-2.91812 -66.529 740.124

-2.33932 -65.2341 727.576
-3.56133 -65.2549 728.783
-4.77595 -65.2723 730.136
-6.00215 -65.2956 731.709
-7.16921 -65.3277 733.546
-8.06115 -65.3551 735.191
-8.81012 -65.3859 736.909
-9.44402 -65.4213 738.709
-9.99411 -65.4654 740.811
-10.3739 -65.512 743.018

-1.39063 -65.2538 727.892
-2.59348 -65.273 729.034
-3.79266 -65.2889 730.318
-5.00765 -65.3102 731.813
-6.16947 -65.3403 733.565
-7.0626 -65.3659 735.138
-7.81787 -65.3948 736.785
-8.46344 -65.4281 738.513
-9.03284 -65.47 740.536
-9.43931 -65.5143 742.662

-0.441941 -65.2734 728.207
-1.62563 -65.2912 729.285
-2.80938 -65.3054 730.499
-4.01315 -65.3249 731.917
-5.16974 -65.3528 733.584
-6.06404 -65.3766 735.085
-6.82562 -65.4036 736.661
-7.48286 -65.435 738.317
-8.07156 -65.4745 740.26
-8.50471 -65.5166 742.306

0.506747 -65.293 728.523
-0.657777 -65.3093 729.536
-1.8261 -65.3219 730.68
-3.01865 -65.3396 732.02
-4.17 -65.3654 733.604
-5.06549 -65.3874 735.033
-5.83338 -65.4125 736.537
-6.50227 -65.4419 738.121
-7.11029 -65.4791 739.984
-7.5701 -65.5189 741.951

1.45544 -65.3127 728.838
0.310074 -65.3274 729.786
-0.842816 -65.3385 730.862
-2.02414 -65.3542 732.124
-3.17026 -65.3779 733.623
-4.06693 -65.3981 734.98
-4.84113 -65.4213 736.413
-5.52169 -65.4487 737.925
-6.14901 -65.4837 739.709
-6.6355 -65.5212 741.595

2.40412 -65.3323 729.154
1.27792 -65.3456 730.037
0.140467 -65.355 731.043
-1.02964 -65.3689 732.228
-2.17053 -65.3905 733.642
-3.06838 -65.4088 734.927
-3.84888 -65.4302 736.289
-4.54111 -65.4556 737.729
-5.18774 -65.4883 739.433
-5.7009 -65.5235 741.239

3.35281 -65.352 729.47
2.24577 -65.3637 730.288
1.12375 -65.3716 731.224
-0.0351409 -65.3836 732.331
-1.17079 -65.403 733.661
-2.06982 -65.4196 734.875
-2.85664 -65.4391 736.165
-3.56053 -65.4624 737.533
-4.22646 -65.4929 739.158
-4.76629 -65.5258 740.884

4.3015 -65.3716 729.785
3.21362 -65.3818 730.539
2.10703 -65.3881 731.406
0.959361 -65.3982 732.435
-0.171056 -65.4156 733.68
-1.07127 -65.4303 734.822
-1.86439 -65.4479 736.041
-2.57995 -65.4693 737.337
-3.26519 -65.4975 738.882
-3.83169 -65.5281 740.528

5.25019 -65.3913 730.101
4.18147 -65.4 730.79
3.09032 -65.4047 731.587
1.95386 -65.4129 732.539
0.82868 -65.4281 733.7
-0.0727138 -65.441 734.769
-0.872143 -65.4568 735.917
-1.59937 -65.4761 737.141
-2.30391 -65.5021 738.607
-2.89709 -65.5304 740.172

-2.33487 -64.2353 727.625
-3.55538 -64.2561 728.832
-4.76831 -64.2736 730.186
-5.99263 -64.2969 731.759
-7.15764 -64.3291 733.596
-8.04779 -64.3565 735.241
-8.79495 -64.3873 736.959
-9.42706 -64.4227 738.759
-9.97514 -64.4668 740.861
-10.3529 -64.5134 743.067

-1.38618 -64.255 727.94
-2.58753 -64.2743 729.083
-3.78503 -64.2901 730.367
-4.99813 -64.3115 731.863
-6.1579 -64.3416 733.615
-7.04923 -64.3672 735.188
-7.8027 -64.3962 736.835
-8.44648 -64.4295 738.563
-9.01386 -64.4714 740.585
-9.41828 -64.5157 742.711

-0.437494 -64.2746 728.256
-1.61968 -64.2924 729.334
-2.80175 -64.3067 730.549
-4.00363 -64.3262 731.966
-5.15816 -64.3541 733.634
-6.05068 -64.3779 735.135
-6.81046 -64.405 736.711
-7.46589 -64.4364 738.367
-8.05259 -64.476 740.31
-8.48367 -64.518 742.355

0.511194 -64.2942 728.572
-0.651829 -64.3105 729.585
-1.81846 -64.3232 730.73
-3.00912 -64.3409 732.07
-4.15843 -64.3667 733.653
-5.05212 -64.3887 735.083
-5.81821 -64.4139 736.587
-6.48531 -64.4432 738.171
-7.09131 -64.4806 740.034
-7.54907 -64.5203 742

1.45988 -64.3139 728.887
0.316021 -64.3287 729.836
-0.83518 -64.3398 730.911
-2.01462 -64.3555 732.174
-3.15869 -64.3792 733.673
-4.05357 -64.3994 735.03
-4.82596 -64.4227 736.463
-5.50473 -64.4501 737.975
-6.13004 -64.4851 739.758
-6.61447 -64.5226 741.644

2.40857 -64.3335 729.203
1.28387 -64.3468 730.087
0.148104 -64.3563 731.093
-1.02012 -64.3702 732.278
-2.15896 -64.3918 733.692
-3.05501 -64.4102 734.977
-3.83372 -64.4316 736.339
-4.52415 -64.457 737.779
-5.16876 -64.4897 739.483
-5.67986 -64.5249 741.288

3.35726 -64.3532 729.518
2.25172 -64.3649 730.337
1.13139 -64.3728 731.274
-0.0256185 -64.3849 732.381
-1.15922 -64.4043 733.711
-2.05646 -64.4209 734.925
-2.84147 -64.4404 736.215
-3.54357 -64.4638 737.583
-4.20749 -64.4943 739.207
-4.74526 -64.5272 740.933

4.30595 -64.3728 729.834
3.21957 -64.3831 730.588
2.11467 -64.3894 731.455
0.968883 -64.3995 732.485
-0.159484 -64.4169 733.73
-1.0579 -64.4316 734.872
-1.84922 -64.4493 736.091
-2.56298 -64.4707 737.387
-3.24621 -64.4989 738.932
-3.81066 -64.5295 740.577

5.25464 -64.3925 730.15
4.18742 -64.4012 730.839
3.09795 -64.4059 731.637
1.96338 -64.4142 732.589
0.840253 -64.4294 733.75
-0.0593504 -64.4424 734.819
-0.856977 -64.4581 735.967
-1.5824 -64.4775 737.191
-2.28494 -64.5035 738.656
-2.87605 -64.5318 740.221

-2.33042 -63.2365 727.674
-3.54943 -63.2574 728.881
-4.76068 -63.2748 730.236
-5.98311 -63.2981 731.809
-7.14606 -63.3304 733.646
-8.03442 -63.3578 735.29
-8.77978 -63.3887 737.009
-9.41009 -63.4241 738.809
-9.95616 -63.4682 740.91
-10.3318 -63.5148 743.115

-1.38173 -63.2562 727.989
-2.58158 -63.2755 729.132
-3.77739 -63.2914 730.417
-4.9886 -63.3128 731.913
-6.14633 -63.3429 733.665
-7.03587 -63.3685 735.238
-7.78754 -63.3975 736.885
-8.42951 -63.4309 738.613
-8.99488 -63.4728 740.635
-9.39725 -63.5171 742.76

-0.433047 -63.2758 728.305
-1.61373 -63.2936 729.383
-2.79411 -63.3079 730.599
-3.9941 -63.3275 732.016
-5.14659 -63.3555 733.684
-6.03731 -63.3793 735.185
-6.79529 -63.4064 736.761
-7.44893 -63.4378 738.417
-8.03361 -63.4774 740.359
-8.46264 -63.5194 742.404

0.515642 -63.2954 728.62
-0.645882 -63.3118 729.634
-1.81083 -63.3245 730.78
-2.9996 -63.3422 732.12
-4.14686 -63.368 733.703
-5.03876 -63.39 735.132
-5.80304 -63.4152 736.637
-6.46835 -63.4446 738.221
-7.07233 -63.482 740.084
-7.52804 -63.5217 742.048

1.46433 -63.3151 728.936
0.321969 -63.3299 729.885
-0.827543 -63.341 730.961
-2.0051 -63.3568 732.224
-3.14712 -63.3806 733.723
-4.04021 -63.4007 735.08
-4.8108 -63.4241 736.513
-5.48777 -63.4515 738.025
-6.11106 -63.4866 739.808
-6.59344 -63.524 741.693

2.41302 -63.3347 729.252
1.28982 -63.348 730.136
0.15574 -63.3576 731.143
-1.0106 -63.3715 732.328
-2.14738 -63.3931 733.742
-3.04165 -63.4115 735.027
-3.81855 -63.4329 736.389
-4.50718 -63.4583 737.829
-5.14978 -63.4911 739.533
-5.65883 -63.5263 741.337

3.36171 -63.3544 729.567
2.25767 -63.3662 730.387
1.13902 -63.3741 731.324
-0.0160961 -63.3862 732.431
-1.14765 -63.4057 733.761
-2.0431 -63.4222 734.974
-2.8263 -63.4418 736.265
-3.5266 -63.4652 737.633
-4.18851 -63.4957 739.257
-4.72423 -63.5286 740.981

4.31039 -63.374 729.883
3.22552 -63.3843 730.638
2.12231 -63.3906 731.505
0.978406 -63.4008 732.535
-0.147911 -63.4182 733.78
-1.04454 -63.433 734.922
-1.83406 -63.4507 736.141
-2.54602 -63.4721 737.437
-3.22723 -63.5003 738.981
-3.78963 -63.5309 740.626

5.25908 -63.3937 730.198
4.19337 -63.4024 730.888
3.10559 -63.4072 731.687
1.97291 -63.4155 732.639
0.851825 -63.4307 733.8
-0.045987 -63.4437 734.869
-0.841811 -63.4595 736.017
-1.56544 -63.4789 737.241
-2.26596 -63.5049 738.706
-2.85502 -63.5332 740.27

-2.32598 -62.2377 727.722
-3.54348 -62.2586 728.931
-4.75304 -62.2761 730.286
-5.97358 -62.2994 731.859
-7.13449 -62.3317 733.696
-8.02106 -62.3591 735.34
-8.76462 -62.39 737.059
-9.39313 -62.4255 738.859
-9.93718 -62.4696 740.96
-10.3108 -62.5163 743.164

-1.37729 -62.2574 728.038
-2.57563 -62.2767 729.182
-3.76976 -62.2927 730.467
-4.97908 -62.3141 731.963
-6.13476 -62.3442 733.715
-7.02251 -62.3699 735.287
-7.77237 -62.3989 736.935
-8.41255 -62.4323 738.663
-8.97591 -62.4742 740.684
-9.37621 -62.5186 742.809

-0.428599 -62.277 728.354
-1.60778 -62.2948 729.432
-2.78647 -62.3092 730.648
-3.98458 -62.3288 732.066
-5.13502 -62.3568 733.734
-6.02395 -62.3806 735.235
-6.78012 -62.4077 736.811
-7.43197 -62.4392 738.467
-8.01463 -62.4788 740.409
-8.44161 -62.5208 742.453

0.520089 -62.2966 728.669
-0.639934 -62.313 729.683
-1.80319 -62.3257 730.83
-2.99008 -62.3434 732.17
-4.13528 -62.3693 733.753
-5.0254 -62.3913 735.182
-5.78788 -62.4166 736.687
-6.45138 -62.446 738.271
-7.05336 -62.4834 740.133
-7.50701 -62.5231 742.097

1.46878 -62.3163 728.985
0.327916 -62.3311 729.934
-0.819907 -62.3423 731.011
-1.99558 -62.3581 732.274
-3.13555 -62.3819 733.773
-4.02684 -62.4021 735.129
-4.79563 -62.4255 736.563
-5.4708 -62.4529 738.075
-6.09208 -62.488 739.858
-6.5724 -62.5254 741.742

2.41747 -62.3359 729.3
1.29577 -62.3493 730.185
0.163376 -62.3588 731.192
-1.00108 -62.3728 732.378
-2.13581 -62.3944 733.792
-3.02829 -62.4128 735.077
-3.80339 -62.4343 736.439
-4.49022 -62.4597 737.879
-5.13081 -62.4926 739.582
-5.6378 -62.5277 741.386

3.36615 -62.3556 729.616
2.26362 -62.3674 730.436
1.14666 -62.3754 731.374
-0.00657376 -62.3875 732.481
-1.13608 -62.407 733.811
-2.02973 -62.4235 735.024
-2.81114 -62.4432 736.315
-3.50964 -62.4666 737.683
-4.16953 -62.4972 739.307
-4.7032 -62.53 741.03

4.31484 -62.3752 729.932
3.23147 -62.3855 730.687
2.12994 -62.3919 731.555
0.987928 -62.4021 732.585
-0.136339 -62.4195 733.83
-1.03118 -62.4343 734.971
-1.81889 -62.452 736.191
-2.52906 -62.4734 737.487
-3.20826 -62.5017 739.031
-3.7686 -62.5323 740.674

5.26353 -62.3949 730.247
4.19932 -62.4037 730.938
3.11322 -62.4085 731.736
1.98243 -62.4168 732.689
0.863397 -62.4321 733.85
-0.0326236 -62.445 734.919
-0.826646 -62.4609 736.067
-1.54848 -62.4803 737.291
-2.24698 -62.5063 738.755
-2.83399 -62.5346 740.319

-2.32153 -61.2389 727.771
-3.53754 -61.2598 728.98
-4.7454 -61.2774 730.335
-5.96406 -61.3007 731.909
-7.12292 -61.333 733.746
-8.0077 -61.3604 735.39
-8.74945 -61.3914 737.109
-9.37617 -61.4269 738.909
-9.91821 -61.471 741.009
-10.2898 -61.5177 743.213

-1.37284 -61.2586 728.087
-2.56969 -61.2779 729.231
-3.76212 -61.2939 730.517
-4.96956 -61.3154 732.013
-6.12318 -61.3455 733.765
-7.00914 -61.3712 735.337
-7.75721 -61.4003 736.985
-8.39558 -61.4337 738.713
-8.95693 -61.4756 740.734
-9.35518 -61.52 742.857

-0.424152 -61.2782 728.402
-1.60184 -61.2961 729.482
-2.77884 -61.3105 730.698
-3.97506 -61.3301 732.116
-5.12345 -61.3581 733.784
-6.01059 -61.3819 735.284
-6.76496 -61.4091 736.861
-7.415 -61.4406 738.517
-7.99565 -61.4802 740.458
-8.42058 -61.5223 742.502

0.524536 -61.2978 728.718
-0.633986 -61.3142 729.733
-1.79555 -61.327 730.879
-2.98056 -61.3447 732.22
-4.12371 -61.3706 733.803
-5.01203 -61.3927 735.232
-5.77271 -61.418 736.737
-6.43442 -61.4474 738.321
-7.03438 -61.4848 740.183
-7.48598 -61.5246 742.146

1.47322 -61.3175 729.034
0.333864 -61.3323 729.983
-0.812271 -61.3435 731.061
-1.98605 -61.3594 732.324
-3.12398 -61.3832 733.823
-4.01348 -61.4034 735.179
-4.78047 -61.4268 736.613
-5.45384 -61.4543 738.125
-6.0731 -61.4894 739.907
-6.55137 -61.5269 741.79

2.42191 -61.3371 729.349
1.30171 -61.3505 730.234
0.171012 -61.3601 731.242
-0.991553 -61.3741 732.427
-2.12424 -61.3957 733.842
-3.01492 -61.4141 735.127
-3.78822 -61.4357 736.489
-4.47326 -61.4611 737.929
-5.11183 -61.494 739.632
-5.61677 -61.5292 741.435

3.3706 -61.3568 729.665
2.26956 -61.3686 730.485
1.15429 -61.3766 731.423
0.00294863 -61.3887 732.531
-1.1245 -61.4083 733.861
-2.01637 -61.4249 735.074
-2.79597 -61.4445 736.365
-3.49268 -61.468 737.733
-4.15055 -61.4986 739.356
-4.68217 -61.5314 741.079

4.31929 -61.3764 729.98
3.23741 -61.3868 730.736
2.13758 -61.3932 731.605
0.99745 -61.4034 732.635
-0.124767 -61.4208 733.88
-1.01781 -61.4356 735.021
-1.80373 -61.4534 736.241
-2.51209 -61.4748 737.537
-3.18928 -61.5032 739.081
-3.74756 -61.5337 740.723

5.26798 -61.3961 730.296
4.20526 -61.4049 730.987
3.12086 -61.4097 731.786
1.99195 -61.4181 732.739
0.874969 -61.4334 733.9
-0.0192602 -61.4464 734.969
-0.81148 -61.4622 736.117
-1.53151 -61.4817 737.341
-2.228 -61.5077 738.805
-2.81296 -61.536 740.368

-2.31708 -60.2401 727.82
-3.53159 -60.261 729.029
-4.73777 -60.2786 730.385
-5.95454 -60.302 731.959
-7.11135 -60.3343 733.796
-7.99433 -60.3618 735.44
-8.73429 -60.3928 737.159
-9.3592 -60.4282 738.959
-9.89923 -60.4724 741.059
-10.2688 -60.5191 743.262

-1.36839 -60.2598 728.136
-2.56374 -60.2792 729.28
-3.75448 -60.2952 730.566
-4.96004 -60.3167 732.063
-6.11161 -60.3469 733.815
-6.99578 -60.3725 735.387
-7.74204 -60.4016 737.035
-8.37862 -60.4351 738.763
-8.93795 -60.477 740.783
-9.33415 -60.5214 742.906

-0.419704 -60.2794 728.451
-1.59589 -60.2973 729.531
-2.7712 -60.3117 730.748
-3.96554 -60.3314 732.166
-5.11188 -60.3594 733.834
-5.99722 -60.3833 735.334
-6.74979 -60.4105 736.911
-7.39804 -60.442 738.567
-7.97668 -60.4816 740.508
-8.39955 -60.5237 742.551

0.528984 -60.299 728.767
-0.628039 -60.3154 729.782
-1.78792 -60.3283 730.929
-2.97103 -60.346 732.27
-4.11214 -60.372 733.853
-4.99867 -60.394 735.282
-5.75755 -60.4193 736.787
-6.41746 -60.4488 738.371
-7.0154 -60.4862 740.232
-7.46495 -60.526 742.195

1.47767 -60.3187 729.082
0.339811 -60.3336 730.033
-0.804635 -60.3448 731.11
-1.97653 -60.3607 732.374
-3.1124 -60.3845 733.872
-4.00011 -60.4047 735.229
-4.7653 -60.4282 736.663
-5.43688 -60.4557 738.175
-6.05413 -60.4908 739.957
-6.53034 -60.5283 741.839

2.42636 -60.3383 729.398
1.30766 -60.3517 730.284
0.178648 -60.3614 731.292
-0.982031 -60.3754 732.477
-2.11267 -60.397 733.892
-3.00156 -60.4155 735.176
-3.77305 -60.437 736.539
-4.45629 -60.4625 737.979
-5.09285 -60.4954 739.681
-5.59574 -60.5306 741.484

3.37505 -60.358 729.714
2.27551 -60.3699 730.534
1.16193 -60.3779 731.473
0.012471 -60.39 732.581
-1.11293 -60.4096 733.911
-2.00301 -60.4262 735.124
-2.78081 -60.4459 736.415
-3.47571 -60.4694 737.783
-4.13158 -60.5 739.406
-4.66114 -60.5329 741.128

4.32374 -60.3776 730.029
3.24336 -60.388 730.785
2.14521 -60.3944 731.654
1.00697 -60.4047 732.685
-0.113195 -60.4221 733.93
-1.00445 -60.4369 735.071
-1.78856 -60.4548 736.291
-2.49513 -60.4762 737.587
-3.1703 -60.5046 739.13
-3.72653 -60.5352 740.772

5.27243 -60.3973 730.345
4.21121 -60.4061 731.036
3.1285 -60.411 731.836
2.00147 -60.4194 732.788
0.886541 -60.4347 733.95
-0.00589684 -60.4477 735.018
-0.796314 -60.4636 736.167
-1.51455 -60.4831 737.391
-2.20903 -60.5092 738.854
-2.79193 -60.5375 740.416

-2.31263 -59.2413 727.869
-3.52564 -59.2623 729.078
-4.73013 -59.2799 730.435
-5.94502 -59.3033 732.009
-7.09978 -59.3356 733.845
-7.98097 -59.3631 735.489
-8.71912 -59.3941 737.209
-9.34224 -59.4296 739.009
-9.88025 -59.4738 741.109
-10.2477 -59.5205 743.311

-1.36395 -59.261 728.184
-2.55779 -59.2804 729.329
-3.74685 -59.2964 730.616
-4.95052 -59.318 732.113
-6.10004 -59.3482 733.865
-6.98242 -59.3738 735.437
-7.72687 -59.403 737.085
-8.36166 -59.4365 738.813
-8.91898 -59.4784 740.833
-9.31312 -59.5228 742.955

-0.415257 -59.2806 728.5
-1.58994 -59.2985 729.58
-2.76357 -59.313 730.797
-3.95601 -59.3327 732.216
-5.1003 -59.3607 733.884
-5.98386 -59.3846 735.384
-6.73463 -59.4119 736.961
-7.38108 -59.4434 738.617
-7.9577 -59.483 740.557
-8.37852 -59.5251 742.599

0.533431 -59.3003 728.816
-0.622091 -59.3167 729.831
-1.78028 -59.3295 730.979
-2.96151 -59.3473 732.32
-4.10057 -59.3733 733.903
-4.98531 -59.3953 735.331
-5.74238 -59.4207 736.837
-6.40049 -59.4502 738.421
-6.99643 -59.4876 740.282
-7.44391 -59.5274 742.244

1.48212 -59.3199 729.131
0.345759 -59.3348 730.082
-0.796999 -59.3461 731.16
-1.96701 -59.362 732.424
-3.10083 -59.3858 733.922
-3.98675 -59.4061 735.279
-4.75013 -59.4296 736.713
-5.41991 -59.4571 738.225
-6.03515 -59.4922 740.006
-6.50931 -59.5297 741.888

2.43081 -59.3395 729.447
1.31361 -59.3529 730.333
0.186284 -59.3626 731.341
-0.972508 -59.3767 732.527
-2.1011 -59.3984 733.942
-2.9882 -59.4168 735.226
-3.75789 -59.4384 736.589
-4.43933 -59.4639 738.029
-5.07388 -59.4968 739.731
-5.57471 -59.532 741.532

3.3795 -59.3592 729.762
2.28146 -59.3711 730.584
1.16957 -59.3792 731.523
0.0219934 -59.3913 732.631
-1.10136 -59.4109 733.961
-1.98964 -59.4275 735.173
-2.76564 -59.4473 736.465
-3.45875 -59.4708 737.833
-4.1126 -59.5014 739.455
-4.6401 -59.5343 741.177

4.32818 -59.3788 730.078
3.24931 -59.3892 730.835
2.15285 -59.3957 731.704
1.0165 -59.406 732.735
-0.101623 -59.4235 733.98
-0.991088 -59.4383 735.121
-1.77339 -59.4561 736.341
-2.47817 -59.4776 737.637
-3.15133 -59.506 739.18
-3.7055 -59.5366 740.821

5.27687 -59.3985 730.394
4.21716 -59.4073 731.085
3.13613 -59.4123 731.885
2.011 -59.4207 732.838
0.898113 -59.436 733.999
0.00746656 -59.449 735.068
-0.781148 -59.465 736.217
-1.49759 -59.4845 737.441
-2.19005 -59.5106 738.904
-2.7709 -59.5389 740.465

-2.30819 -58.2425 727.918
-3.51969 -58.2635 729.128
-4.7225 -58.2812 730.484
-5.93549 -58.3046 732.059
-7.0882 -58.3369 733.895
-7.96761 -58.3644 735.539
-8.70395 -58.3955 737.259
-9.32528 -58.431 739.059
-9.86127 -58.4752 741.158
-10.2267 -58.5219 743.36

-1.3595 -58.2622 728.233
-2.55184 -58.2816 729.379
-3.73921 -58.2977 730.666
-4.94099 -58.3193 732.163
-6.08847 -58.3495 733.915
-6.96905 -58.3752 735.486
-7.71171 -58.4044 737.135
-8.34469 -58.4379 738.863
-8.9 -58.4798 740.883
-9.29209 -58.5242 743.004

-0.41081 -58.2818 728.549
-1.58399 -58.2998 729.629
-2.75593 -58.3143 730.847
-3.94649 -58.334 732.266
-5.08873 -58.362 733.934
-5.9705 -58.3859 735.434
-6.71946 -58.4132 737.011
-7.36411 -58.4447 738.667
-7.93872 -58.4844 740.607
-8.35749 -58.5265 742.648

0.537879 -58.3015 728.864
-0.616144 -58.3179 729.88
-1.77265 -58.3308 731.028
-2.95199 -58.3486 732.37
-4.089 -58.3746 733.953
-4.97194 -58.3966 735.381
-5.72721 -58.4221 736.887
-6.38353 -58.4516 738.471
-6.97745 -58.489 740.331
-7.42288 -58.5288 742.292

1.48657 -58.3211 729.18
0.351707 -58.336 730.131
-0.789363 -58.3473 731.21
-1.95749 -58.3633 732.474
-3.08926 -58.3871 733.972
-3.97339 -58.4074 735.328
-4.73497 -58.4309 736.763
-5.40295 -58.4585 738.275
-6.01617 -58.4936 740.056
-6.48828 -58.5311 741.937

2.43526 -58.3407 729.496
1.31956 -58.3542 730.382
0.19392 -58.3639 731.391
-0.962986 -58.378 732.577
-2.08952 -58.3997 733.992
-2.97483 -58.4181 735.276
-3.74272 -58.4398 736.639
-4.42237 -58.4653 738.079
-5.0549 -58.4982 739.78
-5.55368 -58.5334 741.581

3.38394 -58.3604 729.811
2.28741 -58.3723 730.633
1.1772 -58.3804 731.572
0.0315158 -58.3926 732.681
-1.08979 -58.4122 734.011
-1.97628 -58.4289 735.223
-2.75048 -58.4486 736.515
-3.44179 -58.4722 737.883
-4.09362 -58.5028 739.505
-4.61907 -58.5357 741.225

4.33263 -58.38 730.127
3.25526 -58.3904 730.884
2.16049 -58.397 731.754
1.02602 -58.4073 732.785
-0.0900512 -58.4248 734.03
-0.977725 -58.4396 735.17
-1.75823 -58.4575 736.391
-2.4612 -58.479 737.687
-3.13235 -58.5074 739.229
-3.68447 -58.538 740.87

5.28132 -58.3997 730.442
4.22311 -58.4086 731.135
3.14377 -58.4135 731.935
2.02052 -58.422 732.888
0.909685 -58.4373 734.049
0.02083 -58.4503 735.118
-0.765982 -58.4664 736.267
-1.48062 -58.4859 737.491
-2.17107 -58.512 738.954
-2.74987 -58.5403 740.514

