-5.36653 2.64864 166.909
-5.43249 2.65351 166.394
-5.43707 2.65793 165.776
-5.31602 2.65935 164.968
-5.10588 2.65589 164.303
-4.79684 2.649 163.671
-4.36871 2.63895 163.093
-3.8688 2.62521 162.591
-3.27737 2.60771 162.145
-2.64478 2.58801 161.809
-1.97291 2.5677 161.604
-1.26529 2.54392 161.48

-4.65096 2.61909 166.211
-4.64395 2.62092 165.78
-4.57225 2.62182 165.276
-4.37648 2.61934 164.628
-4.12614 2.61337 164.107
-3.7989 2.60456 163.625
-3.37615 2.59325 163.206
-2.90632 2.57933 162.859
-2.37056 2.56242 162.564
-1.81445 2.5442 162.365
-1.23868 2.52609 162.282
-0.646681 2.50536 162.265

-3.93538 2.58953 165.513
-3.8554 2.58833 165.165
-3.70744 2.58572 164.775
-3.43694 2.57932 164.288
-3.1464 2.57086 163.911
-2.80097 2.56013 163.578
-2.3836 2.54756 163.319
-1.94383 2.53345 163.126
-1.46375 2.51713 162.983
-0.984121 2.50039 162.92
-0.504445 2.48447 162.96
-0.0280732 2.46679 163.05

-3.21981 2.55998 164.815
-3.06685 2.55574 164.551
-2.84263 2.54961 164.274
-2.4974 2.53931 163.948
-2.16667 2.52834 163.716
-1.80303 2.51569 163.532
-1.39105 2.50186 163.432
-0.981354 2.48757 163.394
-0.556938 2.47183 163.402
-0.153791 2.45659 163.476
0.229787 2.44286 163.637
0.590535 2.42823 163.834

-2.50423 2.53043 164.117
-2.27831 2.52315 163.937
-1.97782 2.5135 163.773
-1.55786 2.49929 163.608
-1.18693 2.48582 163.52
-0.805095 2.47126 163.485
-0.3985 2.45617 163.545
-0.0188736 2.44169 163.661
0.349872 2.42654 163.821
0.67654 2.41278 164.031
0.964019 2.40124 164.315
1.20914 2.38967 164.619

-1.78865 2.50088 163.419
-1.48976 2.49057 163.323
-1.11301 2.47739 163.273
-0.61832 2.45928 163.268
-0.207196 2.44331 163.324
0.19284 2.42682 163.439
0.594052 2.41047 163.657
0.943607 2.39581 163.929
1.25668 2.38125 164.24
1.50687 2.36897 164.587
1.69825 2.35963 164.993
1.82775 2.3511 165.404

-1.07308 2.47132 162.721
-0.701216 2.45798 162.709
-0.248193 2.44128 162.772
0.32122 2.41926 162.928
0.77254 2.40079 163.128
1.19078 2.38239 163.393
1.5866 2.36477 163.77
1.90609 2.34993 164.196
2.16349 2.33596 164.66
2.3372 2.32517 165.143
2.43248 2.31801 165.67
2.44636 2.31254 166.189

-0.357499 2.44177 162.023
0.0873306 2.42539 162.095
0.616619 2.40517 162.271
1.26076 2.37925 162.588
1.75228 2.35827 162.933
2.18871 2.33795 163.346
2.57915 2.31908 163.883
2.86857 2.30405 164.463
3.0703 2.29067 165.079
3.16753 2.28136 165.698
3.16672 2.2764 166.348
3.06497 2.27398 166.973

0.358077 2.41222 161.325
0.875877 2.3928 161.481
1.48143 2.36906 161.77
2.2003 2.33924 162.248
2.73201 2.31575 162.737
3.18665 2.29352 163.3
3.57171 2.27338 163.996
3.83105 2.25817 164.731
3.97711 2.24538 165.498
3.99786 2.23755 166.254
3.90095 2.23479 167.025
3.68357 2.23541 167.758

-5.32212 3.64765 166.912
-5.38757 3.65249 166.398
-5.39175 3.65689 165.783
-5.2705 3.65828 164.977
-5.06044 3.6548 164.313
-4.75176 3.6479 163.684
-4.32431 3.63787 163.107
-3.82533 3.62416 162.606
-3.23511 3.60668 162.161
-2.60381 3.58701 161.827
-1.93342 3.56675 161.623
-1.22739 3.54302 161.499

-4.60655 3.6181 166.214
-4.59902 3.6199 165.784
-4.52694 3.62078 165.282
-4.33096 3.61827 164.637
-4.08071 3.61228 164.118
-3.75382 3.60346 163.637
-3.33176 3.59217 163.22
-2.86285 3.57828 162.874
-2.3283 3.56139 162.581
-1.77348 3.54321 162.382
-1.19919 3.52513 162.301
-0.608785 3.50446 162.284

-3.89097 3.58854 165.516
-3.81047 3.58731 165.17
-3.66212 3.58467 164.781
-3.39142 3.57825 164.296
-3.10097 3.56977 163.922
-2.75589 3.55903 163.591
-2.33921 3.54647 163.333
-1.90037 3.5324 163.141
-1.42149 3.5161 163
-0.943152 3.4994 162.938
-0.464954 3.48352 162.978
0.00982332 3.46589 163.069

-3.17539 3.55899 164.818
-3.02193 3.55472 164.556
-2.79731 3.54856 164.28
-2.45188 3.53824 163.956
-2.12123 3.52725 163.726
-1.75795 3.51459 163.545
-1.34666 3.50078 163.446
-0.937887 3.48652 163.409
-0.51468 3.4708 163.419
-0.112822 3.45559 163.493
0.269278 3.4419 163.656
0.628431 3.42733 163.854

-2.45982 3.52944 164.12
-2.23338 3.52213 163.942
-1.9325 3.51245 163.78
-1.51234 3.49822 163.616
-1.1415 3.48473 163.53
-0.760018 3.47016 163.498
-0.354107 3.45508 163.559
0.0245931 3.44064 163.676
0.39213 3.42551 163.838
0.717508 3.41179 164.049
1.00351 3.40029 164.333
1.24704 3.38877 164.638

-1.74424 3.49988 163.422
-1.44484 3.48954 163.328
-1.06769 3.47634 163.279
-0.5728 3.45821 163.276
-0.161761 3.44222 163.335
0.237917 3.42572 163.452
0.638445 3.40938 163.671
0.987074 3.39475 163.943
1.29894 3.38022 164.257
1.54784 3.36798 164.604
1.73774 3.35868 165.011
1.86565 3.3502 165.423

-1.02866 3.47033 162.725
-0.656289 3.45696 162.714
-0.202874 3.44023 162.778
0.366739 3.41819 162.936
0.817976 3.3997 163.139
1.23585 3.38129 163.406
1.631 3.36369 163.784
1.94955 3.34887 164.211
2.20575 3.33493 164.676
2.37817 3.32417 165.16
2.47197 3.31706 165.689
2.48425 3.31164 166.208

-0.313087 3.44078 162.027
0.132257 3.42437 162.1
0.661938 3.40412 162.277
1.30628 3.37818 162.596
1.79771 3.35718 162.943
2.23379 3.33685 163.359
2.62355 3.31799 163.897
2.91203 3.30299 164.478
3.11256 3.28964 165.095
3.2085 3.28037 165.716
3.20621 3.27545 166.366
3.10286 3.27307 166.993

0.40249 3.41123 161.329
0.920803 3.39178 161.485
1.52675 3.36801 161.776
2.24582 3.33817 162.256
2.77745 3.31467 162.747
3.23172 3.29242 163.313
3.6161 3.2723 164.01
3.87452 3.25711 164.746
4.01937 3.24435 165.514
4.03883 3.23656 166.271
3.94044 3.23383 167.044
3.72147 3.23451 167.777

-5.27771 4.64666 166.915
-5.34264 4.65147 166.403
-5.34643 4.65584 165.789
-5.22498 4.65721 164.985
-5.01501 4.65371 164.324
-4.70668 4.6468 163.697
-4.27992 4.63678 163.121
-3.78186 4.6231 162.621
-3.19285 4.60565 162.178
-2.56284 4.58602 161.844
-1.89393 4.56579 161.642
-1.1895 4.54212 161.519

-4.56213 4.6171 166.217
-4.55409 4.61888 165.789
-4.48162 4.61973 165.288
-4.28544 4.61719 164.645
-4.03527 4.6112 164.128
-3.70875 4.60237 163.65
-3.28737 4.59109 163.234
-2.81938 4.57722 162.889
-2.28604 4.56036 162.597
-1.73251 4.54221 162.4
-1.15969 4.52418 162.319
-0.570888 4.50355 162.303

-3.84656 4.58755 165.519
-3.76555 4.58629 165.175
-3.6168 4.58362 164.787
-3.3459 4.57718 164.305
-3.05553 4.56868 163.932
-2.71081 4.55793 163.604
-2.29482 4.54539 163.347
-1.8569 4.53134 163.156
-1.37923 4.51507 163.016
-0.902184 4.49841 162.955
-0.425463 4.48257 162.997
0.0477199 4.46499 163.088

-3.13098 4.558 164.822
-2.977 4.5537 164.561
-2.75199 4.54751 164.287
-2.40636 4.53717 163.965
-2.0758 4.52616 163.737
-1.71288 4.51349 163.558
-1.30227 4.49969 163.46
-0.894421 4.48546 163.424
-0.472422 4.46977 163.435
-0.0718537 4.4546 163.511
0.308769 4.44095 163.674
0.666328 4.42642 163.873

-2.4154 4.52845 164.124
-2.18846 4.52111 163.947
-1.88718 4.5114 163.786
-1.46682 4.49715 163.625
-1.09606 4.48365 163.541
-0.714941 4.46906 163.511
-0.309714 4.454 163.573
0.0680598 4.43958 163.691
0.434389 4.42448 163.854
0.758477 4.41079 164.066
1.043 4.39934 164.352
1.28494 4.38786 164.658

-1.69983 4.49889 163.426
-1.39991 4.48852 163.332
-1.02237 4.47529 163.285
-0.527281 4.45714 163.284
-0.116325 4.44113 163.345
0.282995 4.42462 163.465
0.682838 4.4083 163.686
1.03054 4.3937 163.958
1.3412 4.37919 164.273
1.58881 4.36699 164.622
1.77723 4.35772 165.03
1.90354 4.3493 165.442

-0.984251 4.46934 162.728
-0.611363 4.45594 162.718
-0.157555 4.43918 162.784
0.412259 4.41712 162.944
0.863411 4.39861 163.149
1.28093 4.38019 163.418
1.67539 4.3626 163.798
1.99302 4.34782 164.226
2.24801 4.3339 164.693
2.41914 4.32318 165.178
2.51147 4.31611 165.707
2.52215 4.31073 166.227

-0.268674 4.43979 162.03
0.177183 4.42335 162.104
0.707257 4.40307 162.283
1.3518 4.37711 162.604
1.84315 4.3561 162.954
2.27887 4.33575 163.372
2.66794 4.31691 163.911
2.9555 4.30194 164.493
3.15482 4.28861 165.112
3.24947 4.27937 165.733
3.2457 4.2745 166.385
3.14076 4.27217 167.012

0.446902 4.41023 161.332
0.96573 4.39076 161.49
1.57207 4.36697 161.783
2.29134 4.3371 162.264
2.82288 4.31358 162.758
3.2768 4.29132 163.326
3.66049 4.27121 164.024
3.91798 4.25606 164.761
4.06163 4.24332 165.531
4.0798 4.23557 166.289
3.97993 4.23288 167.063
3.75937 4.23361 167.797

-5.2333 5.64566 166.918
-5.29771 5.65045 166.408
-5.30111 5.65479 165.795
-5.17946 5.65614 164.993
-4.96957 5.65263 164.334
-4.6616 5.6457 163.71
-4.23553 5.6357 163.135
-3.7384 5.62204 162.636
-3.15059 5.60462 162.194
-2.52188 5.58503 161.862
-1.85444 5.56484 161.66
-1.1516 5.54121 161.538

-4.51772 5.61611 166.221
-4.50917 5.61786 165.794
-4.4363 5.61868 165.294
-4.23992 5.61612 164.653
-3.98983 5.61011 164.138
-3.66367 5.60127 163.663
-3.24298 5.59 163.248
-2.77592 5.57616 162.904
-2.24378 5.55933 162.614
-1.69155 5.54122 162.417
-1.1202 5.52323 162.338
-0.532991 5.50265 162.323

-3.80214 5.58656 165.523
-3.72062 5.58527 165.179
-3.57149 5.58257 164.794
-3.30038 5.57611 164.313
-3.0101 5.56759 163.943
-2.66573 5.55683 163.617
-2.25042 5.5443 163.361
-1.81343 5.53028 163.171
-1.33697 5.51404 163.033
-0.861216 5.49741 162.973
-0.385972 5.48161 163.015
0.0856164 5.46409 163.107

-3.08657 5.55701 164.825
-2.93208 5.55268 164.565
-2.70667 5.54646 164.293
-2.36084 5.5361 163.973
-2.03036 5.52508 163.747
-1.6678 5.51239 163.57
-1.25787 5.49861 163.474
-0.850954 5.4844 163.438
-0.430163 5.46874 163.452
-0.0308853 5.45361 163.528
0.34826 5.44 163.693
0.704224 5.42552 163.892

-2.37099 5.52745 164.127
-2.14353 5.52009 163.951
-1.84186 5.51036 163.792
-1.4213 5.49608 163.633
-1.05063 5.48256 163.551
-0.669863 5.46796 163.524
-0.265321 5.45291 163.587
0.111527 5.43852 163.706
0.476647 5.42345 163.871
0.799445 5.4098 164.084
1.08249 5.39839 164.371
1.32283 5.38696 164.677

-1.65541 5.4979 163.429
-1.35498 5.4875 163.337
-0.977048 5.47425 163.291
-0.481761 5.45607 163.293
-0.07089 5.44004 163.356
0.328072 5.42352 163.478
0.727231 5.40722 163.7
1.07401 5.39264 163.973
1.38346 5.37816 164.29
1.62978 5.36599 164.64
1.81672 5.35677 165.048
1.94144 5.34839 165.462

-0.939838 5.46835 162.731
-0.566436 5.45492 162.723
-0.112236 5.43814 162.79
0.457779 5.41605 162.953
0.908846 5.39753 163.16
1.32601 5.37909 163.431
1.71978 5.36152 163.812
2.03649 5.34676 164.241
2.29027 5.33287 164.709
2.46011 5.32219 165.195
2.55096 5.31516 165.726
2.56005 5.30983 166.246

-0.224262 5.4388 162.033
0.22211 5.42233 162.109
0.752576 5.40203 162.29
1.39732 5.37604 162.612
1.88858 5.35501 162.964
2.32394 5.33465 163.385
2.71233 5.31582 163.925
2.99897 5.30088 164.508
3.19708 5.28758 165.128
3.29044 5.27838 165.751
3.28519 5.27354 166.403
3.17866 5.27127 167.031

0.491315 5.40924 161.335
1.01066 5.38974 161.495
1.61739 5.36592 161.789
2.33686 5.33603 162.272
2.86832 5.31249 162.768
3.32188 5.29022 163.339
3.70489 5.27013 164.038
3.96145 5.255 164.776
4.10389 5.24229 165.547
4.12077 5.23457 166.306
4.01942 5.23193 167.081
3.79726 5.2327 167.816

-5.18888 6.64467 166.922
-5.25279 6.64943 166.412
-5.25579 6.65375 165.801
-5.13394 6.65507 165.001
-4.92414 6.65154 164.345
-4.61653 6.6446 163.723
-4.19113 6.63461 163.149
-3.69493 6.62099 162.651
-3.10834 6.60359 162.211
-2.48091 6.58403 161.879
-1.81494 6.56389 161.679
-1.1137 6.54031 161.557

-4.47331 6.61512 166.224
-4.46424 6.61684 165.798
-4.39098 6.61764 165.301
-4.1944 6.61505 164.661
-3.9444 6.60902 164.149
-3.61859 6.60017 163.676
-3.19858 6.58892 163.262
-2.73245 6.57511 162.919
-2.20153 6.5583 162.63
-1.65058 6.54023 162.435
-1.08071 6.52228 162.356
-0.495095 6.50175 162.342

-3.75773 6.58557 165.526
-3.67569 6.58425 165.184
-3.52617 6.58153 164.8
-3.25486 6.57504 164.321
-2.96466 6.56651 163.953
-2.62066 6.55573 163.63
-2.20603 6.54322 163.375
-1.76997 6.52923 163.186
-1.29472 6.51301 163.049
-0.820247 6.49642 162.99
-0.346481 6.48066 163.034
0.123513 6.46318 163.127

-3.04216 6.55601 164.828
-2.88715 6.55166 164.57
-2.66135 6.54542 164.299
-2.31532 6.53503 163.981
-1.98493 6.52399 163.757
-1.62272 6.51129 163.583
-1.21348 6.49752 163.488
-0.807487 6.48335 163.453
-0.387905 6.46771 163.468
0.0100831 6.45261 163.546
0.387751 6.43905 163.712
0.742121 6.42462 163.911

-2.32658 6.52646 164.13
-2.0986 6.51907 163.956
-1.79654 6.50931 163.798
-1.37578 6.49501 163.641
-1.00519 6.48147 163.562
-0.624786 6.46686 163.537
-0.220928 6.45183 163.601
0.154993 6.43746 163.721
0.518905 6.42242 163.887
0.840413 6.40881 164.102
1.12198 6.39743 164.389
1.36073 6.38606 164.696

-1.611 6.49691 163.432
-1.31006 6.48648 163.342
-0.931729 6.4732 163.297
-0.436241 6.455 163.301
-0.0254546 6.43896 163.366
0.373149 6.42242 163.491
0.771624 6.40613 163.714
1.11747 6.39158 163.988
1.42572 6.37713 164.307
1.67074 6.365 164.657
1.85622 6.35582 165.067
1.97934 6.34749 165.481

-0.895426 6.46736 162.734
-0.52151 6.45389 162.728
-0.0669172 6.43709 162.797
0.503299 6.41498 162.961
0.954282 6.39644 163.17
1.37108 6.37799 163.444
1.76418 6.36044 163.827
2.07995 6.3457 164.256
2.33253 6.33184 164.726
2.50107 6.32119 165.213
2.59045 6.3142 165.744
2.59794 6.30893 166.266

-0.179849 6.4378 162.036
0.267036 6.42131 162.114
0.797895 6.40098 162.296
1.44284 6.37497 162.621
1.93402 6.35392 162.975
2.36902 6.33355 163.398
2.75673 6.31474 163.939
3.04243 6.29982 164.523
3.23934 6.28655 165.145
3.3314 6.27739 165.768
3.32468 6.27259 166.422
3.21655 6.27036 167.05

0.535727 6.40825 161.338
1.05558 6.38872 161.499
1.66271 6.36487 161.795
2.38238 6.33495 162.281
2.91375 6.31141 162.779
3.36696 6.28912 163.352
3.74928 6.26904 164.052
4.00492 6.25394 164.791
4.14615 6.24126 165.564
4.16174 6.23358 166.324
4.05891 6.23098 167.1
3.83516 6.2318 167.835

-5.14447 7.64368 166.925
-5.20786 7.64841 166.417
-5.21047 7.6527 165.808
-5.08842 7.654 165.01
-4.8787 7.65045 164.355
-4.57145 7.6435 163.735
-4.14674 7.63353 163.163
-3.65146 7.61993 162.666
-3.06608 7.60256 162.228
-2.43994 7.58304 161.897
-1.77545 7.56294 161.697
-1.07581 7.53941 161.576

-4.4289 7.61413 166.227
-4.41931 7.61582 165.803
-4.34566 7.61659 165.307
-4.14888 7.61398 164.669
-3.89896 7.60794 164.159
-3.57351 7.59907 163.689
-3.15419 7.58783 163.276
-2.68898 7.57405 162.933
-2.15927 7.55727 162.647
-1.60961 7.53923 162.452
-1.04122 7.52132 162.375
-0.457198 7.50084 162.361

-3.71332 7.58458 165.529
-3.63077 7.58323 165.189
-3.48085 7.58048 164.806
-3.20934 7.57397 164.329
-2.91923 7.56542 163.964
-2.57558 7.55463 163.643
-2.16164 7.54214 163.389
-1.7265 7.52817 163.201
-1.25246 7.51198 163.066
-0.779279 7.49543 163.008
-0.30699 7.47971 163.053
0.16141 7.46228 163.146

-2.99774 7.55502 164.831
-2.84222 7.55064 164.575
-2.61603 7.54437 164.305
-2.2698 7.53396 163.989
-1.93949 7.5229 163.768
-1.57764 7.5102 163.596
-1.16909 7.49644 163.502
-0.764021 7.48229 163.468
-0.345647 7.46668 163.485
0.0510515 7.45162 163.564
0.427242 7.43809 163.73
0.780017 7.42372 163.931

-2.28217 7.52547 164.133
-2.05368 7.51805 163.961
-1.75122 7.50826 163.804
-1.33026 7.49394 163.649
-0.959756 7.48039 163.572
-0.579709 7.46576 163.55
-0.176535 7.45074 163.615
0.19846 7.43641 163.736
0.561163 7.42139 163.904
0.881382 7.40781 164.119
1.16147 7.39648 164.408
1.39863 7.38515 164.715

-1.56659 7.49592 163.435
-1.26513 7.48546 163.346
-0.88641 7.47215 163.304
-0.390722 7.45393 163.309
0.0199807 7.43787 163.376
0.418227 7.42132 163.504
0.816017 7.40505 163.728
1.16094 7.39053 164.003
1.46797 7.3761 164.323
1.71171 7.36401 164.675
1.89571 7.35487 165.085
2.01723 7.34659 165.5

-0.851014 7.46636 162.737
-0.476584 7.45287 162.732
-0.0215982 7.43604 162.803
0.548818 7.41391 162.969
0.999717 7.39535 163.181
1.41616 7.37689 163.457
1.80857 7.35935 163.841
2.12342 7.34465 164.271
2.37478 7.33081 164.742
2.54204 7.3202 165.23
2.62994 7.31325 165.763
2.63584 7.30803 166.285

-0.135437 7.43681 162.04
0.311963 7.42028 162.118
0.843214 7.39993 162.302
1.48836 7.3739 162.629
1.97945 7.35284 162.985
2.4141 7.33245 163.411
2.80112 7.31366 163.953
3.0859 7.29877 164.538
3.28159 7.28552 165.161
3.37237 7.27639 165.786
3.36417 7.27164 166.441
3.25445 7.26946 167.07

0.580139 7.40726 161.342
1.10051 7.3877 161.504
1.70803 7.36382 161.801
2.4279 7.33388 162.289
2.95919 7.31032 162.789
3.41203 7.28802 163.364
3.79367 7.26796 164.066
4.04838 7.25289 164.806
4.1884 7.24023 165.58
4.2027 7.23259 166.341
4.0984 7.23002 167.118
3.87306 7.2309 167.854

-5.10006 8.64269 166.928
-5.16293 8.64739 166.422
-5.16515 8.65165 165.814
-5.0429 8.65293 165.018
-4.83326 8.64937 164.365
-4.52637 8.6424 163.748
-4.10235 8.63244 163.177
-3.608 8.61887 162.681
-3.02382 8.60153 162.244
-2.39897 8.58204 161.914
-1.73596 8.56198 161.716
-1.03791 8.5385 161.596

-4.38448 8.61314 166.23
-4.37439 8.6148 165.808
-4.30034 8.61554 165.313
-4.10336 8.61291 164.678
-3.85353 8.60685 164.17
-3.52844 8.59797 163.702
-3.1098 8.58675 163.29
-2.64552 8.57299 162.948
-2.11701 8.55624 162.663
-1.56864 8.53824 162.47
-1.00173 8.52037 162.393
-0.419302 8.49994 162.38

-3.66891 8.58358 165.532
-3.58584 8.58221 165.193
-3.43553 8.57943 164.812
-3.16382 8.5729 164.338
-2.87379 8.56433 163.974
-2.5305 8.55353 163.656
-2.11724 8.54105 163.403
-1.68303 8.52711 163.216
-1.2102 8.51095 163.082
-0.738311 8.49443 163.026
-0.267499 8.47876 163.071
0.199306 8.46138 163.165

-2.95333 8.55403 164.834
-2.7973 8.54962 164.579
-2.57072 8.54332 164.311
-2.22428 8.53288 163.997
-1.89406 8.52182 163.778
-1.53257 8.5091 163.609
-1.12469 8.49536 163.516
-0.720554 8.48123 163.483
-0.303389 8.46566 163.501
0.0920199 8.45063 163.581
0.466733 8.43714 163.749
0.817914 8.42281 163.95

-2.23775 8.52448 164.137
-2.00875 8.51703 163.965
-1.7059 8.50722 163.811
-1.28474 8.49287 163.657
-0.91432 8.4793 163.583
-0.534632 8.46466 163.563
-0.132142 8.44966 163.629
0.241927 8.43535 163.751
0.603421 8.42036 163.92
0.92235 8.40682 164.137
1.20097 8.39553 164.426
1.43652 8.38425 164.735

-1.52218 8.49492 163.439
-1.2202 8.48444 163.351
-0.841092 8.47111 163.31
-0.345202 8.45286 163.317
0.065416 8.43678 163.387
0.463304 8.42023 163.516
0.86041 8.40396 163.742
1.20441 8.38947 164.018
1.51023 8.37507 164.34
1.75268 8.36301 164.692
1.9352 8.35391 165.104
2.05513 8.34569 165.519

-0.806601 8.46537 162.741
-0.431657 8.45185 162.737
0.0237207 8.435 162.809
0.594338 8.41284 162.977
1.04515 8.39426 163.191
1.46124 8.37579 163.47
1.85296 8.35827 163.855
2.16689 8.34359 164.286
2.41704 8.32978 164.759
2.58301 8.31921 165.248
2.66943 8.3123 165.782
2.67374 8.30712 166.304

-0.0910247 8.43582 162.043
0.356889 8.41926 162.123
0.888533 8.39889 162.308
1.53388 8.37283 162.637
2.02489 8.35175 162.995
2.45917 8.33135 163.424
2.84551 8.31257 163.967
3.12937 8.29771 164.553
3.32385 8.28449 165.178
3.41334 8.2754 165.803
3.40366 8.27069 166.459
3.29235 8.26856 167.089

0.624552 8.40627 161.345
1.14544 8.38667 161.509
1.75335 8.36278 161.808
2.47342 8.33281 162.297
3.00462 8.30923 162.8
3.45711 8.28692 163.377
3.83806 8.26687 164.08
4.09185 8.25183 164.82
4.23066 8.2392 165.597
4.24367 8.23159 166.359
4.13789 8.22907 167.137
3.91095 8.22999 167.874

-5.05565 9.6417 166.931
-5.11801 9.64637 166.426
-5.11983 9.65061 165.82
-4.99738 9.65186 165.026
-4.78783 9.64828 164.376
-4.4813 9.6413 163.761
-4.05796 9.63136 163.191
-3.56453 9.61782 162.696
-2.98156 9.6005 162.261
-2.358 9.58105 161.932
-1.69647 9.56103 161.734
-1.00001 9.5376 161.615

-4.34007 9.61214 166.233
-4.32946 9.61378 165.812
-4.25502 9.6145 165.319
-4.05784 9.61184 164.686
-3.80809 9.60576 164.18
-3.48336 9.59687 163.715
-3.0654 9.58566 163.304
-2.60205 9.57194 162.963
-2.07475 9.55521 162.68
-1.52767 9.53724 162.488
-0.96224 9.51942 162.412
-0.381405 9.49904 162.399

-3.62449 9.58259 165.536
-3.54092 9.58119 165.198
-3.39021 9.57839 164.819
-3.1183 9.57183 164.346
-2.82836 9.56324 163.984
-2.48542 9.55243 163.668
-2.07285 9.53997 163.417
-1.63957 9.52606 163.231
-1.16794 9.50992 163.099
-0.697342 9.49344 163.043
-0.228007 9.4778 163.09
0.237203 9.46047 163.184

-2.90892 9.55304 164.838
-2.75237 9.5486 164.584
-2.5254 9.54228 164.318
-2.17876 9.53181 164.006
-1.84862 9.52073 163.789
-1.48749 9.508 163.622
-1.0803 9.49427 163.53
-0.677087 9.48017 163.498
-0.261131 9.46463 163.518
0.132988 9.44963 163.599
0.506225 9.43619 163.767
0.855811 9.42191 163.969

-2.19334 9.52349 164.14
-1.96382 9.51601 163.97
-1.66058 9.50617 163.817
-1.23922 9.4918 163.666
-0.868885 9.47821 163.593
-0.489554 9.46356 163.576
-0.0877487 9.44858 163.643
0.285393 9.43429 163.766
0.645679 9.41933 163.937
0.963319 9.40583 164.154
1.24046 9.39458 164.445
1.47442 9.38335 164.754

-1.47777 9.49393 163.442
-1.17528 9.48342 163.356
-0.795773 9.47006 163.316
-0.299682 9.45179 163.326
0.110851 9.43569 163.397
0.508381 9.41913 163.529
0.904803 9.40288 163.756
1.24787 9.38841 164.033
1.55249 9.37404 164.356
1.79365 9.36202 164.71
1.97469 9.35296 165.122
2.09303 9.34478 165.538

-0.762189 9.46438 162.744
-0.386731 9.45083 162.742
0.0690397 9.43395 162.815
0.639858 9.41177 162.985
1.09059 9.39318 163.202
1.50632 9.37469 163.483
1.89735 9.35718 163.869
2.21035 9.34253 164.301
2.4593 9.32875 164.775
2.62398 9.31821 165.265
2.70892 9.31135 165.8
2.71163 9.30622 166.323

-0.0466123 9.43483 162.046
0.401815 9.41824 162.128
0.933852 9.39784 162.315
1.5794 9.37176 162.645
2.07032 9.35066 163.006
2.50425 9.33025 163.437
2.88991 9.31149 163.982
3.17283 9.29665 164.568
3.36611 9.28346 165.194
3.45431 9.27441 165.821
3.44315 9.26973 166.478
3.33024 9.26766 167.108

0.668964 9.40527 161.348
1.19036 9.38565 161.513
1.79866 9.36173 161.814
2.51894 9.33174 162.305
3.05006 9.30814 162.81
3.50219 9.28582 163.39
3.88246 9.26579 164.094
4.13532 9.25077 164.835
4.27292 9.23817 165.613
4.28464 9.2306 166.376
4.17738 9.22812 167.155
3.94885 9.22909 167.893

-5.01124 10.6407 166.935
-5.07308 10.6453 166.431
-5.07451 10.6496 165.826
-4.95186 10.6508 165.034
-4.74239 10.6472 164.386
-4.43622 10.6402 163.774
-4.01356 10.6303 163.205
-3.52106 10.6168 162.711
-2.9393 10.5995 162.277
-2.31703 10.5801 161.95
-1.65698 10.5601 161.753
-0.962117 10.5367 161.634

-4.29566 10.6112 166.237
-4.28454 10.6128 165.817
-4.2097 10.6134 165.326
-4.01232 10.6108 164.694
-3.76266 10.6047 164.191
-3.43828 10.5958 163.728
-3.02101 10.5846 163.318
-2.55858 10.5709 162.978
-2.03249 10.5542 162.696
-1.4867 10.5363 162.505
-0.922749 10.5185 162.431
-0.343509 10.4981 162.419

-3.58008 10.5816 165.539
-3.49599 10.5802 165.203
-3.34489 10.5773 164.825
-3.07278 10.5708 164.354
-2.78292 10.5622 163.995
-2.44035 10.5513 163.681
-2.02846 10.5389 163.431
-1.5961 10.525 163.246
-1.12568 10.5089 163.115
-0.656374 10.4924 163.061
-0.188516 10.4769 163.108
0.275099 10.4596 163.203

-2.86451 10.552 164.841
-2.70744 10.5476 164.589
-2.48008 10.5412 164.324
-2.13324 10.5307 164.014
-1.80319 10.5196 163.799
-1.44241 10.5069 163.635
-1.03591 10.4932 163.544
-0.633621 10.4791 163.513
-0.218873 10.4636 163.534
0.173957 10.4486 163.616
0.545716 10.4352 163.786
0.893707 10.421 163.988

-2.14893 10.5225 164.143
-1.9189 10.515 163.975
-1.61527 10.5051 163.823
-1.1937 10.4907 163.674
-0.82345 10.4771 163.603
-0.444477 10.4625 163.589
-0.0433557 10.4475 163.657
0.32886 10.4332 163.781
0.687938 10.4183 163.953
1.00429 10.4048 164.172
1.27995 10.3936 164.463
1.51231 10.3824 164.773

-1.43335 10.4929 163.445
-1.13035 10.4824 163.36
-0.750454 10.469 163.322
-0.254163 10.4507 163.334
0.156287 10.4346 163.408
0.553458 10.418 163.542
0.949196 10.4018 163.77
1.29134 10.3874 164.048
1.59475 10.373 164.373
1.83462 10.361 164.727
2.01418 10.352 165.141
2.13092 10.3439 165.558

-0.717776 10.4634 162.747
-0.341805 10.4498 162.746
0.114359 10.4329 162.822
0.685377 10.4107 162.994
1.13602 10.3921 163.212
1.55139 10.3736 163.496
1.94175 10.3561 163.883
2.25382 10.3415 164.315
2.50156 10.3277 164.792
2.66495 10.3172 165.283
2.74841 10.3104 165.819
2.74953 10.3053 166.342

-0.00219988 10.4338 162.049
0.446742 10.4172 162.132
0.979171 10.3968 162.321
1.62492 10.3707 162.654
2.11576 10.3496 163.016
2.54933 10.3292 163.449
2.9343 10.3104 163.996
3.2163 10.2956 164.583
3.40837 10.2824 165.211
3.49528 10.2734 165.838
3.48264 10.2688 166.496
3.36814 10.2668 167.127

0.713377 10.4043 161.351
1.23529 10.3846 161.518
1.84398 10.3607 161.82
2.56446 10.3307 162.313
3.0955 10.3071 162.821
3.54726 10.2847 163.403
3.92685 10.2647 164.108
4.17878 10.2497 164.85
4.31518 10.2371 165.63
4.32561 10.2296 166.394
4.21688 10.2272 167.174
3.98675 10.2282 167.912

