-1.2089 -8.46896 153.053
-1.48965 -8.45449 153.171
-1.80445 -8.43963 153.326
-2.12298 -8.42364 153.53
-2.3976 -8.40868 153.754
-2.67398 -8.3919 154.019
-2.9175 -8.37512 154.303
-3.12913 -8.35891 154.622
-3.30835 -8.34283 154.971
-3.45231 -8.32639 155.341

-0.364587 -8.45226 153.589
-0.603851 -8.4407 153.635
-0.878025 -8.42985 153.702
-1.16262 -8.41796 153.809
-1.41467 -8.40667 153.938
-1.67696 -8.39381 154.096
-1.91789 -8.38057 154.276
-2.13809 -8.36761 154.488
-2.33745 -8.35442 154.732
-2.51352 -8.34052 154.997

0.479725 -8.43556 154.124
0.281947 -8.42692 154.098
0.0484045 -8.42006 154.079
-0.202272 -8.41227 154.088
-0.431739 -8.40465 154.122
-0.679941 -8.39573 154.173
-0.918288 -8.38603 154.248
-1.14704 -8.3763 154.355
-1.36656 -8.366 154.493
-1.57473 -8.35466 154.653

1.32404 -8.41886 154.66
1.16775 -8.41313 154.562
0.974834 -8.41028 154.455
0.758081 -8.40659 154.367
0.551191 -8.40264 154.306
0.317077 -8.39765 154.25
0.0813165 -8.39149 154.22
-0.15599 -8.385 154.222
-0.395672 -8.37759 154.254
-0.635936 -8.36879 154.308

2.16835 -8.40216 155.196
2.05354 -8.39934 155.026
1.90126 -8.40049 154.831
1.71843 -8.4009 154.645
1.53412 -8.40062 154.49
1.3141 -8.39956 154.327
1.08092 -8.39694 154.193
0.835057 -8.3937 154.089
0.57522 -8.38917 154.014
0.302855 -8.38293 153.964

3.01266 -8.38546 155.731
2.93934 -8.38556 155.49
2.82769 -8.39071 155.208
2.67879 -8.39522 154.924
2.51705 -8.39861 154.674
2.31111 -8.40148 154.405
2.08053 -8.4024 154.165
1.8261 -8.4024 153.955
1.54611 -8.40076 153.775
1.24165 -8.39706 153.62

3.85697 -8.36876 156.267
3.82514 -8.37177 155.954
3.75412 -8.38092 155.584
3.63914 -8.38953 155.203
3.49998 -8.3966 154.858
3.30813 -8.4034 154.482
3.08013 -8.40786 154.138
2.81715 -8.4111 153.822
2.517 -8.41234 153.536
2.18044 -8.4112 153.276

4.70128 -8.35206 156.802
4.71094 -8.35798 156.418
4.68055 -8.37114 155.96
4.59949 -8.38385 155.482
4.48291 -8.39458 155.042
4.30515 -8.40531 154.559
4.07974 -8.41331 154.11
3.8082 -8.41979 153.689
3.48789 -8.42393 153.297
3.11923 -8.42533 152.932

5.54559 -8.33536 157.338
5.59674 -8.34419 156.882
5.60698 -8.36135 156.337
5.55984 -8.37817 155.76
5.46584 -8.39257 155.226
5.30217 -8.40723 154.636
5.07934 -8.41877 154.083
4.79925 -8.42849 153.556
4.45879 -8.43551 153.057
4.05802 -8.43947 152.587

-1.21867 -7.46913 153.038
-1.49879 -7.45461 153.158
-1.81152 -7.4397 153.317
-2.12743 -7.42366 153.525
-2.39925 -7.40869 153.752
-2.67218 -7.3919 154.021
-2.912 -7.37513 154.305
-3.11962 -7.35897 154.627
-3.29456 -7.34296 154.979
-3.434 -7.3266 155.35

-0.374359 -7.45243 153.573
-0.612991 -7.44082 153.622
-0.885089 -7.42991 153.694
-1.16708 -7.41798 153.804
-1.41632 -7.40667 153.936
-1.67516 -7.39382 154.098
-1.9124 -7.38059 154.277
-2.12857 -7.36767 154.494
-2.32367 -7.35454 154.74
-2.49521 -7.34073 155.006

0.469952 -7.43573 154.109
0.272808 -7.42703 154.086
0.0413411 -7.42013 154.07
-0.206726 -7.41229 154.083
-0.433387 -7.40466 154.12
-0.678146 -7.39573 154.175
-0.912793 -7.38605 154.249
-1.13752 -7.37636 154.361
-1.35278 -7.36613 154.5
-1.55642 -7.35487 154.661

1.31426 -7.41903 154.644
1.15861 -7.41325 154.55
0.967771 -7.41034 154.446
0.753627 -7.40661 154.362
0.549543 -7.40264 154.304
0.318873 -7.39765 154.252
0.0868122 -7.3915 154.222
-0.146473 -7.38506 154.227
-0.381886 -7.37771 154.261
-0.617629 -7.369 154.317

2.15858 -7.40233 155.18
2.0444 -7.39946 155.014
1.8942 -7.40055 154.823
1.71398 -7.40093 154.64
1.53247 -7.40063 154.488
1.31589 -7.39957 154.329
1.08642 -7.39696 154.194
0.844574 -7.39376 154.094
0.589005 -7.3893 154.022
0.321162 -7.38314 153.973

3.00289 -7.38563 155.715
2.9302 -7.38567 155.478
2.82063 -7.39077 155.199
2.67433 -7.39524 154.919
2.5154 -7.39861 154.672
2.31291 -7.40148 154.406
2.08602 -7.40242 154.167
1.83562 -7.40246 153.961
1.5599 -7.40088 153.783
1.25995 -7.39727 153.629

3.8472 -7.36893 156.251
3.816 -7.37189 155.942
3.74706 -7.38098 155.575
3.63469 -7.38956 155.198
3.49833 -7.3966 154.856
3.30993 -7.4034 154.483
3.08563 -7.40787 154.139
2.82667 -7.41116 153.828
2.53079 -7.41247 153.543
2.19875 -7.41141 153.285

4.69151 -7.35223 156.787
4.7018 -7.3581 156.405
4.67349 -7.3712 155.952
4.59504 -7.38387 155.476
4.48126 -7.39458 155.04
4.30695 -7.40532 154.561
4.08523 -7.41333 154.111
3.81772 -7.41985 153.694
3.50168 -7.42405 153.304
3.13754 -7.42554 152.94

5.53582 -7.33554 157.322
5.5876 -7.34431 156.869
5.59992 -7.36141 156.328
5.55539 -7.37819 155.755
5.4642 -7.39257 155.224
5.30397 -7.40723 154.638
5.08484 -7.41879 154.084
4.80876 -7.42855 153.561
4.47257 -7.43564 153.065
4.07633 -7.43967 152.596

-1.22844 -6.4693 153.022
-1.50793 -6.45472 153.146
-1.81858 -6.43976 153.309
-2.13188 -6.42369 153.52
-2.4009 -6.40869 153.75
-2.67039 -6.3919 154.022
-2.90651 -6.37515 154.306
-3.1101 -6.35903 154.633
-3.28078 -6.34308 154.986
-3.4157 -6.3268 155.359

-0.384132 -6.4526 153.557
-0.622131 -6.44094 153.61
-0.892152 -6.42997 153.685
-1.17153 -6.418 153.799
-1.41797 -6.40667 153.934
-1.67337 -6.39382 154.099
-1.9069 -6.38061 154.278
-2.11905 -6.36773 154.499
-2.30988 -6.35466 154.747
-2.47691 -6.34094 155.014

0.46018 -6.4359 154.093
0.263668 -6.42715 154.074
0.0342776 -6.42019 154.062
-0.211179 -6.41232 154.078
-0.435035 -6.40466 154.118
-0.67635 -6.39574 154.176
-0.907297 -6.38606 154.251
-1.128 -6.37642 154.366
-1.33899 -6.36625 154.508
-1.53811 -6.35507 154.67

1.30449 -6.4192 154.629
1.14947 -6.41336 154.538
0.960707 -6.4104 154.438
0.749174 -6.40663 154.356
0.547895 -6.40265 154.302
0.320668 -6.39765 154.254
0.0923079 -6.39152 154.223
-0.136956 -6.38512 154.233
-0.368101 -6.37783 154.269
-0.599322 -6.36921 154.326

2.1488 -6.4025 155.164
2.03527 -6.39958 155.002
1.88714 -6.40062 154.814
1.70953 -6.40095 154.635
1.53083 -6.40063 154.486
1.31769 -6.39957 154.331
1.09191 -6.39698 154.196
0.854091 -6.39382 154.1
0.60279 -6.38942 154.029
0.339469 -6.38334 153.982

2.99311 -6.38581 155.7
2.92106 -6.38579 155.465
2.81357 -6.39083 155.191
2.66988 -6.39526 154.914
2.51376 -6.39862 154.67
2.31471 -6.40149 154.408
2.09152 -6.40243 154.168
1.84514 -6.40252 153.966
1.57368 -6.401 153.79
1.27826 -6.39748 153.638

3.83743 -6.36911 156.235
3.80686 -6.372 155.929
3.74 -6.38105 155.567
3.63023 -6.38958 155.193
3.49669 -6.3966 154.854
3.31172 -6.4034 154.485
3.09112 -6.40789 154.14
2.83619 -6.41122 153.833
2.54457 -6.41259 153.551
2.21705 -6.41161 153.294

4.68174 -6.35241 156.771
4.69266 -6.35822 156.393
4.66643 -6.37126 155.943
4.59058 -6.38389 155.471
4.47962 -6.39459 155.038
4.30874 -6.40532 154.562
4.09073 -6.41335 154.113
3.82723 -6.41992 153.7
3.51546 -6.42417 153.312
3.15584 -6.42575 152.949

5.52605 -6.33571 157.306
5.57846 -6.34443 156.857
5.59286 -6.36147 156.32
5.55094 -6.37821 155.75
5.46255 -6.39257 155.222
5.30576 -6.40724 154.639
5.09033 -6.4188 154.085
4.81828 -6.42861 153.567
4.48636 -6.43576 153.072
4.09464 -6.43988 152.605

-1.23822 -5.46947 153.006
-1.51707 -5.45484 153.134
-1.82565 -5.43982 153.3
-2.13634 -5.42371 153.515
-2.40254 -5.40869 153.748
-2.66859 -5.39191 154.024
-2.90101 -5.37516 154.307
-3.10058 -5.35909 154.638
-3.26699 -5.3432 154.994
-3.39739 -5.32701 155.368

-0.393904 -5.45278 153.542
-0.63127 -5.44105 153.598
-0.899215 -5.43003 153.677
-1.17599 -5.41802 153.794
-1.41961 -5.40668 153.932
-1.67157 -5.39382 154.101
-1.90141 -5.38062 154.28
-2.10953 -5.36779 154.505
-2.2961 -5.35479 154.755
-2.4586 -5.34114 155.023

0.450407 -5.43608 154.077
0.254528 -5.42727 154.062
0.0272142 -5.42025 154.053
-0.215633 -5.41234 154.073
-0.436683 -5.40466 154.116
-0.674555 -5.39574 154.178
-0.901801 -5.38608 154.252
-1.11849 -5.37648 154.372
-1.32521 -5.36637 154.515
-1.51981 -5.35528 154.679

1.29472 -5.41938 154.613
1.14033 -5.41348 154.525
0.953644 -5.41046 154.429
0.74472 -5.40665 154.351
0.546248 -5.40265 154.3
0.322464 -5.39766 154.255
0.0978036 -5.39153 154.224
-0.127439 -5.38518 154.238
-0.354315 -5.37796 154.276
-0.581016 -5.36941 154.335

2.13903 -5.40268 155.148
2.02613 -5.39969 154.989
1.88007 -5.40068 154.806
1.70507 -5.40097 154.63
1.52918 -5.40064 154.484
1.31948 -5.39957 154.332
1.09741 -5.39699 154.197
0.863608 -5.39388 154.105
0.616576 -5.38954 154.037
0.357776 -5.38355 153.991

2.98334 -5.38598 155.684
2.91192 -5.38591 155.453
2.8065 -5.39089 155.182
2.66543 -5.39529 154.909
2.51211 -5.39862 154.668
2.3165 -5.40149 154.41
2.09701 -5.40245 154.169
1.85466 -5.40258 153.972
1.58747 -5.40113 153.798
1.29657 -5.39768 153.647

3.82765 -5.36928 156.22
3.79772 -5.37212 155.917
3.73293 -5.38111 155.558
3.62578 -5.3896 155.188
3.49504 -5.39661 154.852
3.31352 -5.40341 154.487
3.09662 -5.40791 154.142
2.8457 -5.41128 153.839
2.55836 -5.41271 153.558
2.23536 -5.41182 153.302

4.67197 -5.35258 156.755
4.68352 -5.35833 156.381
4.65936 -5.37132 155.935
4.58613 -5.38392 155.466
4.47797 -5.39459 155.035
4.31054 -5.40532 154.564
4.09622 -5.41336 154.114
3.83675 -5.41998 153.705
3.52925 -5.4243 153.319
3.17415 -5.42595 152.958

5.51628 -5.33588 157.291
5.56932 -5.34455 156.845
5.58579 -5.36154 156.311
5.54648 -5.37823 155.745
5.4609 -5.39258 155.219
5.30756 -5.40724 154.641
5.09583 -5.41882 154.087
4.8278 -5.42867 153.572
4.50014 -5.43588 153.08
4.11294 -5.44009 152.614

-1.24799 -4.46965 152.99
-1.52621 -4.45496 153.122
-1.83271 -4.43988 153.292
-2.14079 -4.42373 153.51
-2.40419 -4.4087 153.746
-2.6668 -4.39191 154.025
-2.89551 -4.37518 154.309
-3.09107 -4.35915 154.644
-3.2532 -4.34333 155.001
-3.37908 -4.32722 155.376

-0.403677 -4.45295 153.526
-0.64041 -4.44117 153.585
-0.906279 -4.4301 153.668
-1.18044 -4.41805 153.789
-1.42126 -4.40668 153.93
-1.66978 -4.39383 154.103
-1.89591 -4.38064 154.281
-2.10002 -4.36785 154.51
-2.28231 -4.35491 154.762
-2.44029 -4.34135 155.032

0.440635 -4.43625 154.061
0.245389 -4.42738 154.049
0.0201508 -4.42031 154.044
-0.220086 -4.41236 154.068
-0.438331 -4.40467 154.114
-0.672759 -4.39574 154.18
-0.896306 -4.38609 154.253
-1.10897 -4.37655 154.377
-1.31142 -4.3665 154.523
-1.5015 -4.35549 154.688

1.28495 -4.41955 154.597
1.13119 -4.4136 154.513
0.94658 -4.41053 154.421
0.740267 -4.40668 154.346
0.5446 -4.40265 154.297
0.32426 -4.39766 154.257
0.103299 -4.39155 154.226
-0.117922 -4.38524 154.244
-0.34053 -4.37808 154.284
-0.562709 -4.36962 154.344

2.12926 -4.40285 155.133
2.01699 -4.39981 154.977
1.87301 -4.40074 154.797
1.70062 -4.40099 154.625
1.52753 -4.40064 154.481
1.32128 -4.39958 154.334
1.1029 -4.39701 154.198
0.873126 -4.39394 154.111
0.630361 -4.38967 154.044
0.376083 -4.38376 154

2.97357 -4.38615 155.668
2.90278 -4.38602 155.441
2.79944 -4.39095 155.173
2.66097 -4.39531 154.904
2.51046 -4.39862 154.665
2.3183 -4.40149 154.411
2.10251 -4.40246 154.171
1.86417 -4.40264 153.977
1.60125 -4.40125 153.805
1.31487 -4.39789 153.655

3.81788 -4.36945 156.204
3.78858 -4.37224 155.905
3.72587 -4.38117 155.55
3.62132 -4.38962 155.183
3.49339 -4.39661 154.849
3.31532 -4.40341 154.488
3.10211 -4.40792 154.143
2.85522 -4.41134 153.844
2.57214 -4.41284 153.566
2.25367 -4.41203 153.311

4.66219 -4.35275 156.739
4.67438 -4.35845 156.369
4.6523 -4.37138 155.926
4.58168 -4.38394 155.461
4.47632 -4.3946 155.033
4.31233 -4.40533 154.565
4.10172 -4.41338 154.115
3.84627 -4.42004 153.711
3.54304 -4.42442 153.327
3.19246 -4.42616 152.967

5.5065 -4.33605 157.275
5.56018 -4.34466 156.833
5.57873 -4.3616 156.302
5.54203 -4.37826 155.74
5.45925 -4.39258 155.217
5.30935 -4.40724 154.643
5.10132 -4.41884 154.088
4.83732 -4.42873 153.578
4.51393 -4.43601 153.088
4.13125 -4.4403 152.623

-1.25776 -3.46982 152.974
-1.53535 -3.45508 153.109
-1.83977 -3.43994 153.283
-2.14525 -3.42375 153.505
-2.40584 -3.4087 153.743
-2.665 -3.39191 154.027
-2.89002 -3.3752 154.31
-3.08155 -3.35921 154.649
-3.23942 -3.34345 155.009
-3.36078 -3.32742 155.385

-0.413449 -3.45312 153.51
-0.64955 -3.44129 153.573
-0.913342 -3.43016 153.659
-1.18489 -3.41807 153.784
-1.42291 -3.40669 153.927
-1.66798 -3.39383 154.104
-1.89041 -3.38065 154.282
-2.0905 -3.36791 154.516
-2.26853 -3.35503 154.77
-2.42199 -3.34156 155.041

0.430862 -3.43642 154.046
0.236249 -3.4275 154.037
0.0130874 -3.42037 154.036
-0.22454 -3.41238 154.063
-0.439979 -3.40467 154.111
-0.670964 -3.39575 154.181
-0.89081 -3.38611 154.255
-1.09945 -3.37661 154.383
-1.29764 -3.36662 154.531
-1.48319 -3.35569 154.697

1.27517 -3.41972 154.581
1.12205 -3.41371 154.501
0.939517 -3.41059 154.412
0.735813 -3.4067 154.341
0.542952 -3.40266 154.295
0.326055 -3.39766 154.259
0.108795 -3.39157 154.227
-0.108405 -3.3853 154.249
-0.326745 -3.3782 154.291
-0.544402 -3.36983 154.353

2.11949 -3.40302 155.117
2.00785 -3.39993 154.965
1.86595 -3.4008 154.788
1.69617 -3.40102 154.62
1.52588 -3.40064 154.479
1.32307 -3.39958 154.336
1.1084 -3.39702 154.2
0.882643 -3.394 154.116
0.644147 -3.38979 154.052
0.39439 -3.38396 154.009

2.9638 -3.38632 155.652
2.89364 -3.38614 155.429
2.79238 -3.39102 155.165
2.65652 -3.39533 154.899
2.50881 -3.39863 154.663
2.32009 -3.4015 154.413
2.108 -3.40248 154.172
1.87369 -3.4027 153.983
1.61504 -3.40137 153.813
1.33318 -3.3981 153.664

3.80811 -3.36962 156.188
3.77944 -3.37235 155.893
3.71881 -3.38123 155.541
3.61687 -3.38965 155.178
3.49174 -3.39661 154.847
3.31711 -3.40341 154.49
3.10761 -3.40794 154.144
2.86474 -3.4114 153.85
2.58593 -3.41296 153.574
2.27197 -3.41223 153.32

4.65242 -3.35292 156.724
4.66524 -3.35857 156.356
4.64524 -3.37145 155.917
4.57722 -3.38396 155.456
4.47467 -3.3946 155.031
4.31413 -3.40533 154.567
4.10721 -3.41339 154.117
3.85579 -3.4201 153.716
3.55682 -3.42454 153.334
3.21076 -3.42637 152.976

5.49673 -3.33622 157.259
5.55104 -3.34478 156.82
5.57167 -3.36166 156.294
5.53758 -3.37828 155.735
5.4576 -3.39259 155.215
5.31115 -3.40725 154.644
5.10682 -3.41885 154.089
4.84683 -3.42879 153.583
4.52771 -3.43613 153.095
4.14956 -3.4405 152.632

-1.26753 -2.46999 152.959
-1.54449 -2.45519 153.097
-1.84684 -2.44001 153.274
-2.1497 -2.42378 153.5
-2.40749 -2.4087 153.741
-2.66321 -2.39192 154.029
-2.88452 -2.37521 154.311
-3.07203 -2.35927 154.655
-3.22563 -2.34357 155.017
-3.34247 -2.32763 155.394

-0.423222 -2.45329 153.494
-0.65869 -2.44141 153.561
-0.920406 -2.43022 153.651
-1.18935 -2.41809 153.779
-1.42456 -2.40669 153.925
-1.66619 -2.39383 154.106
-1.88492 -2.38067 154.284
-2.08098 -2.36797 154.521
-2.25474 -2.35516 154.777
-2.40368 -2.34176 155.05

0.42109 -2.43659 154.03
0.227109 -2.42762 154.025
0.00602401 -2.42044 154.027
-0.228993 -2.41241 154.058
-0.441627 -2.40468 154.109
-0.669168 -2.39575 154.183
-0.885314 -2.38613 154.256
-1.08994 -2.37667 154.388
-1.28385 -2.36674 154.538
-1.46489 -2.3559 154.706

1.2654 -2.41989 154.565
1.11291 -2.41383 154.489
0.932454 -2.41065 154.403
0.731359 -2.40672 154.336
0.541304 -2.40266 154.293
0.327851 -2.39767 154.26
0.114291 -2.39158 154.228
-0.098888 -2.38536 154.255
-0.312959 -2.37833 154.299
-0.526095 -2.37003 154.362

2.10971 -2.40319 155.101
1.99871 -2.40004 154.953
1.85888 -2.40086 154.78
1.69171 -2.40104 154.615
1.52423 -2.40065 154.477
1.32487 -2.39958 154.337
1.1139 -2.39704 154.201
0.89216 -2.39406 154.122
0.657932 -2.38991 154.06
0.412697 -2.38417 154.017

2.95402 -2.38649 155.637
2.8845 -2.38626 155.416
2.78531 -2.39108 155.156
2.65207 -2.39535 154.894
2.50716 -2.39863 154.661
2.32189 -2.4015 154.414
2.1135 -2.4025 154.173
1.88321 -2.40276 153.988
1.62882 -2.4015 153.82
1.35149 -2.3983 153.673

3.79834 -2.36979 156.172
3.7703 -2.37247 155.88
3.71174 -2.38129 155.532
3.61242 -2.38967 155.172
3.49009 -2.39662 154.845
3.31891 -2.40342 154.492
3.11311 -2.40795 154.146
2.87425 -2.41146 153.855
2.59972 -2.41308 153.581
2.29028 -2.41244 153.329

4.64265 -2.3531 156.708
4.6561 -2.35868 156.344
4.63817 -2.37151 155.909
4.57277 -2.38399 155.451
4.47303 -2.3946 155.029
4.31593 -2.40533 154.569
4.11271 -2.41341 154.118
3.8653 -2.42016 153.722
3.57061 -2.42467 153.342
3.22907 -2.42657 152.985

5.48696 -2.3364 157.243
5.5419 -2.3449 156.808
5.5646 -2.36172 156.285
5.53312 -2.3783 155.73
5.45596 -2.39259 155.213
5.31294 -2.40725 154.646
5.11231 -2.41887 154.091
4.85635 -2.42885 153.589
4.5415 -2.43625 153.103
4.16786 -2.44071 152.641

-1.27731 -1.47016 152.943
-1.55363 -1.45531 153.085
-1.8539 -1.44007 153.266
-2.15415 -1.4238 153.495
-2.40914 -1.40871 153.739
-2.66141 -1.39192 154.03
-2.87903 -1.37523 154.313
-3.06251 -1.35933 154.66
-3.21185 -1.3437 155.024
-3.32416 -1.32784 155.403

-0.432994 -1.45346 153.478
-0.667829 -1.44152 153.549
-0.927469 -1.43028 153.642
-1.1938 -1.41811 153.774
-1.4262 -1.40669 153.923
-1.66439 -1.39383 154.108
-1.87942 -1.38068 154.285
-2.07147 -1.36803 154.527
-2.24096 -1.35528 154.785
-2.38537 -1.34197 155.059

0.411317 -1.43676 154.014
0.217969 -1.42774 154.013
-0.0010394 -1.4205 154.018
-0.233447 -1.41243 154.053
-0.443274 -1.40468 154.107
-0.667372 -1.39575 154.185
-0.879818 -1.38614 154.257
-1.08042 -1.37673 154.394
-1.27007 -1.36687 154.546
-1.44658 -1.35611 154.715

1.25563 -1.42006 154.55
1.10377 -1.41395 154.476
0.92539 -1.41071 154.395
0.726906 -1.40675 154.331
0.539656 -1.40266 154.291
0.329646 -1.39767 154.262
0.119786 -1.3916 154.23
-0.0893709 -1.38542 154.26
-0.299174 -1.37845 154.306
-0.507788 -1.37024 154.37

2.09994 -1.40337 155.085
1.98957 -1.40016 154.94
1.85182 -1.40093 154.771
1.68726 -1.40106 154.61
1.52259 -1.40065 154.475
1.32666 -1.39959 154.339
1.11939 -1.39706 154.202
0.901677 -1.39412 154.127
0.671718 -1.39004 154.067
0.431003 -1.38438 154.026

2.94425 -1.38667 155.621
2.87537 -1.38637 155.404
2.77825 -1.39114 155.147
2.64761 -1.39538 154.889
2.50552 -1.39864 154.659
2.32368 -1.4015 154.416
2.119 -1.40251 154.175
1.89272 -1.40282 153.994
1.64261 -1.40162 153.828
1.3698 -1.39851 153.682

3.78856 -1.36997 156.156
3.76116 -1.37259 155.868
3.70468 -1.38136 155.524
3.60796 -1.38969 155.167
3.48845 -1.39662 154.843
3.3207 -1.40342 154.493
3.1186 -1.40797 154.147
2.88377 -1.41152 153.861
2.6135 -1.41321 153.589
2.30859 -1.41265 153.338

4.63287 -1.35327 156.692
4.64696 -1.3588 156.332
4.63111 -1.37157 155.9
4.56832 -1.38401 155.446
4.47138 -1.39461 155.027
4.31772 -1.40534 154.57
4.11821 -1.41343 154.119
3.87482 -1.42022 153.728
3.58439 -1.42479 153.349
3.24738 -1.42678 152.994

5.47719 -1.33657 157.228
5.53276 -1.34501 156.796
5.55754 -1.36178 156.276
5.52867 -1.37832 155.725
5.45431 -1.39259 155.211
5.31474 -1.40725 154.648
5.11781 -1.41888 154.092
4.86587 -1.42892 153.594
4.55528 -1.43638 153.11
4.18617 -1.44092 152.649

-1.28708 -0.470335 152.927
-1.56277 -0.455427 153.073
-1.86096 -0.44013 153.257
-2.15861 -0.423822 153.49
-2.41078 -0.408711 153.737
-2.65961 -0.391921 154.032
-2.87353 -0.375244 154.314
-3.053 -0.359391 154.666
-3.19806 -0.34382 155.032
-3.30586 -0.328044 155.412

-0.442767 -0.453636 153.463
-0.676969 -0.44164 153.536
-0.934532 -0.430345 153.633
-1.19825 -0.418137 153.769
-1.42785 -0.406697 153.921
-1.6626 -0.393838 154.109
-1.87393 -0.380701 154.286
-2.06195 -0.368089 154.532
-2.22717 -0.355405 154.792
-2.36706 -0.342179 155.068

0.401545 -0.436936 153.998
0.20883 -0.427853 154
-0.00810281 -0.420559 154.01
-0.2379 -0.412453 154.047
-0.444922 -0.404682 154.105
-0.665577 -0.395755 154.186
-0.874323 -0.386158 154.259
-1.0709 -0.376787 154.399
-1.25628 -0.36699 154.553
-1.42827 -0.356314 154.724

1.24586 -0.420237 154.534
1.09463 -0.414066 154.464
0.918327 -0.410774 154.386
0.722452 -0.406768 154.326
0.538008 -0.402668 154.289
0.331442 -0.397671 154.263
0.125282 -0.391615 154.231
-0.0798538 -0.385485 154.266
-0.285388 -0.378575 154.314
-0.489481 -0.370449 154.379

2.09017 -0.403538 155.069
1.98043 -0.400279 154.928
1.84476 -0.400988 154.763
1.68281 -0.401084 154.605
1.52094 -0.400654 154.473
1.32846 -0.399588 154.341
1.12489 -0.397072 154.204
0.911194 -0.394183 154.133
0.685503 -0.39016 154.075
0.44931 -0.384584 154.035

2.93448 -0.386838 155.605
2.86623 -0.386492 155.392
2.77119 -0.391203 155.139
2.64316 -0.395399 154.884
2.50387 -0.398639 154.657
2.32548 -0.401505 154.418
2.12449 -0.402529 154.176
1.90224 -0.402882 153.999
1.65639 -0.401745 153.835
1.3881 -0.398719 153.691

3.77879 -0.370139 156.141
3.75202 -0.372705 155.856
3.69762 -0.381418 155.515
3.60351 -0.389715 155.162
3.4868 -0.396625 154.841
3.3225 -0.403422 154.495
3.1241 -0.407986 154.148
2.89329 -0.41158 153.866
2.62729 -0.41333 153.596
2.32689 -0.412854 153.347

4.6231 -0.353439 156.676
4.63782 -0.358917 156.32
4.62405 -0.371632 155.892
4.56386 -0.384031 155.441
4.46973 -0.39461 155.025
4.31952 -0.405338 154.572
4.1237 -0.413443 154.121
3.88434 -0.420278 153.733
3.59818 -0.424915 153.357
3.26569 -0.426989 153.003

5.46741 -0.33674 157.212
5.52362 -0.34513 156.783
5.55048 -0.361847 156.268
5.52422 -0.378346 155.72
5.45266 -0.392596 155.209
5.31653 -0.407255 154.649
5.12331 -0.4189 154.093
4.87538 -0.428976 153.6
4.56907 -0.4365 153.118
4.20448 -0.441124 152.658

