2.14439 6.34049 264.821
1.63484 6.33451 265.212
0.993885 6.32836 265.856
0.523344 6.321 266.422
0.285005 6.32009 266.87
0.0325288 6.31287 267.537
-0.141638 6.30565 268.218
-0.193632 6.30016 268.393
-0.189394 6.30178 269.371
-0.0454269 6.29898 270.308
0.201118 6.29507 271.038
0.537472 6.29125 271.753
0.887944 6.28666 272.251
1.40946 6.28536 272.894

2.75895 6.35574 265.61
2.34271 6.35125 265.918
1.81516 6.34689 266.426
1.42215 6.34116 266.86
1.22404 6.34068 267.214
1.01047 6.33482 267.745
0.85679 6.32884 268.269
0.80562 6.32405 268.362
0.795094 6.32745 269.197
0.894534 6.32619 269.968
1.07834 6.32348 270.559
1.33502 6.32079 271.151
1.60653 6.31693 271.556
2.01454 6.31655 272.098

3.3735 6.37098 266.399
3.05059 6.36799 266.625
2.63644 6.36543 266.996
2.32095 6.36131 267.298
2.16307 6.36126 267.557
1.98841 6.35676 267.952
1.85522 6.35203 268.32
1.80487 6.34795 268.332
1.77958 6.35311 269.023
1.8345 6.35341 269.627
1.95557 6.3519 270.079
2.13257 6.35034 270.548
2.32511 6.3472 270.862
2.61963 6.34774 271.303

3.98806 6.38623 267.187
3.75846 6.38472 267.331
3.45771 6.38396 267.567
3.21976 6.38146 267.735
3.10211 6.38185 267.9
2.96634 6.37871 268.16
2.85365 6.37522 268.371
2.80412 6.37184 268.302
2.76407 6.37877 268.85
2.77446 6.38062 269.287
2.83279 6.38031 269.6
2.93012 6.37988 269.946
3.04369 6.37748 270.167
3.22472 6.37893 270.507

4.60262 6.40147 267.976
4.46634 6.40146 268.037
4.27899 6.4025 268.137
4.11856 6.40162 268.173
4.04114 6.40244 268.243
3.94428 6.40065 268.368
3.85208 6.39841 268.422
3.80338 6.39574 268.271
3.74856 6.40443 268.676
3.71442 6.40783 268.947
3.71002 6.40873 269.121
3.72767 6.40942 269.343
3.76227 6.40775 269.472
3.82981 6.41013 269.712

5.21718 6.41672 268.765
5.17422 6.41819 268.743
5.10027 6.42103 268.707
5.01736 6.42177 268.611
4.98017 6.42302 268.587
4.92222 6.4226 268.576
4.8505 6.4216 268.473
4.80263 6.41964 268.241
4.73305 6.4301 268.503
4.65438 6.43504 268.607
4.58724 6.43714 268.642
4.52522 6.43897 268.741
4.48086 6.43802 268.777
4.43489 6.44132 268.916

5.83174 6.43196 269.554
5.88209 6.43493 269.449
5.92154 6.43957 269.277
5.91617 6.44193 269.049
5.91921 6.44361 268.93
5.90016 6.44454 268.783
5.84893 6.44479 268.524
5.80188 6.44353 268.21
5.71754 6.45576 268.329
5.59434 6.46225 268.267
5.46446 6.46555 268.163
5.32277 6.46851 268.138
5.19944 6.46829 268.082
5.03998 6.47251 268.121

6.44629 6.4472 270.342
6.58997 6.45167 270.155
6.74282 6.4581 269.848
6.81497 6.46208 269.487
6.85824 6.4642 269.273
6.8781 6.46649 268.991
6.84736 6.46798 268.575
6.80113 6.46743 268.18
6.70203 6.48142 268.156
6.5343 6.48947 267.926
6.34169 6.49397 267.683
6.12032 6.49806 267.536
5.91802 6.49856 267.388
5.64507 6.5037 267.325

7.06085 6.46245 271.131
7.29784 6.4684 270.861
7.56409 6.47664 270.418
7.71378 6.48224 269.925
7.79727 6.48479 269.616
7.85604 6.48843 269.199
7.84579 6.49116 268.626
7.80039 6.49132 268.15
7.68651 6.50709 267.982
7.47426 6.51668 267.586
7.21891 6.52238 267.204
6.91787 6.5276 266.933
6.6366 6.52884 266.693
6.25016 6.53489 266.53

2.12749 7.34033 264.815
1.61594 7.33432 265.208
0.972659 7.32813 265.854
0.500779 7.32075 266.422
0.26229 7.31983 266.873
0.00910515 7.31259 267.542
-0.165463 7.3053 268.23
-0.216735 7.29955 268.419
-0.212397 7.30137 269.388
-0.0676827 7.29856 270.326
0.179966 7.29463 271.059
0.517601 7.29079 271.776
0.869242 7.28619 272.275
1.39263 7.28487 272.92

2.74205 7.35558 265.604
2.32381 7.35106 265.914
1.79393 7.34667 266.424
1.39958 7.3409 266.86
1.20132 7.34042 267.216
0.987044 7.33453 267.749
0.832965 7.32849 268.281
0.782517 7.32344 268.389
0.772091 7.32703 269.214
0.872279 7.32578 269.986
1.05719 7.32305 270.579
1.31515 7.32034 271.174
1.58782 7.31646 271.581
1.99772 7.31606 272.125

3.35661 7.37082 266.393
3.03169 7.3678 266.62
2.61521 7.3652 266.995
2.29839 7.36106 267.298
2.14036 7.361 267.559
1.96498 7.35648 267.957
1.83139 7.35168 268.332
1.78177 7.34734 268.358
1.75658 7.35269 269.041
1.81224 7.35299 269.646
1.93441 7.35146 270.1
2.1127 7.34988 270.571
2.30641 7.34674 270.886
2.60281 7.34725 271.329

3.97117 7.38607 267.181
3.73957 7.38453 267.326
3.43649 7.38374 267.565
3.19719 7.38121 267.736
3.07939 7.38159 267.902
2.94292 7.37842 268.165
2.82982 7.37486 268.383
2.78102 7.37124 268.328
2.74107 7.37836 268.867
2.7522 7.3802 269.306
2.81164 7.37988 269.621
2.91025 7.37943 269.969
3.02499 7.37701 270.191
3.2079 7.37844 270.534

4.58573 7.40131 267.97
4.44744 7.40127 268.032
4.25776 7.40227 268.135
4.09599 7.40136 268.174
4.01842 7.40218 268.245
3.92086 7.40037 268.373
3.82825 7.39805 268.434
3.78027 7.39513 268.297
3.72556 7.40402 268.694
3.69216 7.40741 268.966
3.68886 7.40829 269.142
3.7078 7.40897 269.366
3.74357 7.40728 269.496
3.81298 7.40964 269.738

5.20028 7.41655 268.759
5.15532 7.418 268.738
5.07904 7.42081 268.705
4.9948 7.42152 268.612
4.95746 7.42276 268.589
4.8988 7.42231 268.58
4.82668 7.42124 268.485
4.77953 7.41903 268.267
4.71005 7.42968 268.52
4.63212 7.43462 268.625
4.56609 7.43671 268.662
4.50535 7.43851 268.763
4.46215 7.43755 268.801
4.41807 7.44083 268.943

5.81484 7.4318 269.547
5.86319 7.43474 269.444
5.90031 7.43934 269.275
5.8936 7.44167 269.049
5.89649 7.44335 268.932
5.87674 7.44426 268.788
5.82511 7.44443 268.536
5.77878 7.44292 268.237
5.69453 7.45535 268.347
5.57208 7.46184 268.285
5.44331 7.46512 268.183
5.3029 7.46806 268.161
5.18074 7.46782 268.107
5.02316 7.47202 268.147

6.4294 7.44704 270.336
6.57107 7.45148 270.15
6.72159 7.45788 269.846
6.79241 7.46183 269.487
6.83552 7.46394 269.275
6.85468 7.4662 268.996
6.82353 7.46762 268.587
6.77803 7.46682 268.206
6.67902 7.48101 268.173
6.51205 7.48905 267.945
6.32054 7.49353 267.704
6.10045 7.4976 267.558
5.89932 7.4981 267.412
5.62825 7.50321 267.352

7.04396 7.46229 271.125
7.27894 7.46821 270.857
7.54287 7.47641 270.416
7.69121 7.48198 269.925
7.77456 7.48453 269.618
7.83261 7.48815 269.203
7.82196 7.49081 268.638
7.77728 7.49071 268.176
7.66351 7.50667 267.999
7.45201 7.51626 267.605
7.19776 7.52195 267.225
6.898 7.52715 266.956
6.6179 7.52837 266.717
6.23333 7.5344 266.556

2.1106 8.34017 264.809
1.59704 8.33413 265.203
0.951432 8.3279 265.852
0.478213 8.32049 266.422
0.239575 8.31957 266.875
-0.0143185 8.3123 267.546
-0.189288 8.30494 268.242
-0.239839 8.29894 268.445
-0.2354 8.30095 269.405
-0.0899385 8.29815 270.345
0.158814 8.2942 271.079
0.49773 8.29034 271.799
0.85054 8.28572 272.3
1.37581 8.28438 272.947

2.72516 8.35541 265.598
2.30492 8.35087 265.909
1.77271 8.34644 266.422
1.37702 8.34065 266.86
1.17861 8.34015 267.218
0.96362 8.33425 267.754
0.809141 8.32813 268.293
0.759413 8.32283 268.415
0.749089 8.32662 269.232
0.850023 8.32536 270.005
1.03604 8.32261 270.6
1.29528 8.31988 271.196
1.56912 8.316 271.605
1.9809 8.31557 272.151

3.33972 8.37066 266.386
3.01279 8.36761 266.615
2.59398 8.36497 266.993
2.27582 8.3608 267.298
2.11764 8.36074 267.561
1.94156 8.35619 267.962
1.80757 8.35132 268.344
1.75867 8.34673 268.384
1.73358 8.35228 269.058
1.78998 8.35257 269.664
1.91326 8.35103 270.121
2.09283 8.34943 270.594
2.28771 8.34627 270.91
2.58599 8.34676 271.356

3.95427 8.3859 267.175
3.72067 8.38434 267.321
3.41526 8.38351 267.563
3.17463 8.38096 267.736
3.05668 8.38133 267.904
2.9195 8.37814 268.169
2.806 8.37451 268.395
2.75792 8.37063 268.354
2.71807 8.37794 268.885
2.72995 8.37978 269.324
2.79049 8.37944 269.641
2.89038 8.37897 269.991
3.00629 8.37654 270.215
3.19107 8.37795 270.56

4.56883 8.40115 267.964
4.42854 8.40108 268.027
4.23654 8.40204 268.133
4.07343 8.40111 268.174
3.99571 8.40192 268.248
3.89744 8.40008 268.377
3.80443 8.3977 268.446
3.75717 8.39452 268.323
3.70255 8.40361 268.711
3.66991 8.40699 268.984
3.66771 8.40786 269.162
3.68793 8.40851 269.389
3.72487 8.40681 269.52
3.79616 8.40915 269.765

5.18339 8.41639 268.753
5.13642 8.41782 268.733
5.05781 8.42058 268.703
4.97223 8.42126 268.612
4.93474 8.4225 268.591
4.87537 8.42203 268.585
4.80285 8.42089 268.497
4.75642 8.41842 268.293
4.68704 8.42927 268.537
4.60987 8.43421 268.644
4.54494 8.43627 268.683
4.48548 8.43806 268.786
4.44345 8.43708 268.826
4.40125 8.44034 268.969

5.79795 8.43164 269.541
5.84429 8.43455 269.44
5.87909 8.43911 269.273
5.87104 8.44142 269.05
5.87378 8.44309 268.934
5.85331 8.44397 268.793
5.80128 8.44408 268.548
5.75567 8.44231 268.263
5.67153 8.45493 268.364
5.54983 8.46142 268.304
5.42216 8.46468 268.204
5.28303 8.4676 268.184
5.16204 8.46736 268.131
5.00634 8.47153 268.173

6.41251 8.44688 270.33
6.55217 8.45129 270.146
6.70036 8.45765 269.844
6.76984 8.46157 269.488
6.81281 8.46368 269.277
6.83125 8.46592 269
6.79971 8.46727 268.599
6.75493 8.46621 268.232
6.65602 8.48059 268.19
6.48979 8.48863 267.963
6.29938 8.4931 267.724
6.08058 8.49715 267.581
5.88062 8.49763 267.436
5.61142 8.50272 267.378

7.02706 8.46213 271.119
7.26005 8.46802 270.852
7.52164 8.47618 270.414
7.66865 8.48173 269.926
7.75184 8.48427 269.62
7.80919 8.48786 269.208
7.79814 8.49046 268.65
7.75418 8.49011 268.202
7.64051 8.50626 268.017
7.42975 8.51584 267.623
7.17661 8.52151 267.245
6.87813 8.52669 266.979
6.5992 8.5279 266.741
6.21651 8.53391 266.582

2.09371 9.34001 264.803
1.57814 9.33394 265.198
0.930206 9.32768 265.85
0.455648 9.32024 266.423
0.21686 9.31931 266.877
-0.0377422 9.31202 267.551
-0.213112 9.30459 268.254
-0.262943 9.29833 268.471
-0.258403 9.30054 269.423
-0.112194 9.29773 270.363
0.137662 9.29376 271.1
0.47786 9.28988 271.822
0.831838 9.28525 272.324
1.35899 9.28389 272.973

2.70827 9.35525 265.592
2.28602 9.35068 265.904
1.75148 9.34621 266.42
1.35445 9.34039 266.861
1.15589 9.33989 267.22
0.940196 9.33396 267.759
0.785316 9.32778 268.305
0.736309 9.32223 268.441
0.726086 9.3262 269.249
0.827767 9.32494 270.023
1.01489 9.32218 270.62
1.27541 9.31943 271.219
1.55042 9.31553 271.629
1.96408 9.31508 272.178

3.32282 9.3705 266.38
2.99389 9.36742 266.61
2.57276 9.36475 266.991
2.25326 9.36055 267.298
2.09493 9.36048 267.563
1.91813 9.35591 267.966
1.78374 9.35097 268.356
1.73556 9.34612 268.41
1.71057 9.35186 269.075
1.76773 9.35215 269.683
1.89211 9.35059 270.141
2.07296 9.34897 270.616
2.269 9.3458 270.934
2.56916 9.34627 271.382

3.93738 9.38574 267.169
3.70177 9.38415 267.316
3.39403 9.38328 267.561
3.15206 9.3807 267.736
3.03396 9.38107 267.907
2.89607 9.37785 268.174
2.78217 9.37416 268.407
2.73481 9.37002 268.38
2.69506 9.37753 268.902
2.70769 9.37936 269.343
2.76934 9.37901 269.662
2.87051 9.37851 270.014
2.98759 9.37607 270.239
3.17425 9.37746 270.587

4.55194 9.40099 267.958
4.40964 9.40089 268.023
4.21531 9.40182 268.131
4.05086 9.40086 268.174
3.97299 9.40166 268.25
3.87401 9.3998 268.382
3.7806 9.39734 268.458
3.73407 9.39391 268.35
3.67955 9.40319 268.728
3.64765 9.40658 269.002
3.64656 9.40742 269.183
3.66806 9.40806 269.411
3.70617 9.40634 269.545
3.77934 9.40866 269.791

5.1665 9.41623 268.746
5.11752 9.41763 268.729
5.03659 9.42035 268.701
4.94967 9.42101 268.612
4.91203 9.42224 268.593
4.85195 9.42174 268.59
4.77903 9.42053 268.509
4.73332 9.41781 268.319
4.66404 9.42885 268.555
4.58761 9.43379 268.662
4.52378 9.43583 268.703
4.46561 9.4376 268.809
4.42475 9.43662 268.85
4.38443 9.43985 268.995

5.78106 9.43148 269.535
5.8254 9.43436 269.435
5.85786 9.43889 269.272
5.84847 9.44116 269.05
5.85106 9.44283 268.936
5.82989 9.44369 268.797
5.77746 9.44372 268.56
5.73257 9.4417 268.289
5.64853 9.45452 268.381
5.52757 9.461 268.322
5.40101 9.46425 268.224
5.26316 9.46715 268.206
5.14333 9.46689 268.155
4.98951 9.47104 268.2

6.39561 9.44672 270.324
6.53327 9.4511 270.141
6.67914 9.45742 269.842
6.74728 9.46132 269.488
6.79009 9.46342 269.279
6.80783 9.46563 269.005
6.77589 9.46691 268.611
6.73182 9.4656 268.258
6.63302 9.48018 268.208
6.46753 9.48821 267.982
6.27823 9.49266 267.745
6.06071 9.49669 267.604
5.86192 9.49716 267.46
5.5946 9.50223 267.404

7.01017 9.46196 271.113
7.24115 9.46783 270.847
7.50041 9.47596 270.412
7.64608 9.48147 269.926
7.72913 9.48401 269.623
7.78577 9.48758 269.213
7.77431 9.4901 268.662
7.73107 9.4895 268.228
7.61751 9.50584 268.034
7.4075 9.51542 267.642
7.15546 9.52108 267.266
6.85826 9.52624 267.001
6.5805 9.52743 266.765
6.19969 9.53342 266.609

2.07681 10.3398 264.797
1.55924 10.3338 265.193
0.908979 10.3274 265.848
0.433083 10.32 266.423
0.194145 10.319 266.879
-0.0611659 10.3117 267.556
-0.236937 10.3042 268.266
-0.286047 10.2977 268.497
-0.281406 10.3001 269.44
-0.13445 10.2973 270.382
0.11651 10.2933 271.12
0.457989 10.2894 271.844
0.813136 10.2848 272.348
1.34217 10.2834 273

2.69137 10.3551 265.585
2.26712 10.3505 265.899
1.73026 10.346 266.418
1.33189 10.3401 266.861
1.13318 10.3396 267.222
0.916773 10.3337 267.763
0.761491 10.3274 268.317
0.713206 10.3216 268.467
0.703083 10.3258 269.266
0.805511 10.3245 270.042
0.993735 10.3217 270.641
1.25554 10.319 271.242
1.53172 10.3151 271.653
1.94725 10.3146 272.204

3.30593 10.3703 266.374
2.97499 10.3672 266.606
2.55153 10.3645 266.989
2.23069 10.3603 267.299
2.07221 10.3602 267.566
1.89471 10.3556 267.971
1.75992 10.3506 268.368
1.71246 10.3455 268.437
1.68757 10.3514 269.093
1.74547 10.3517 269.701
1.87096 10.3502 270.162
2.05309 10.3485 270.639
2.2503 10.3453 270.958
2.55234 10.3458 271.408

3.92049 10.3856 267.163
3.68287 10.384 267.312
3.37281 10.3831 267.559
3.12949 10.3804 267.737
3.01125 10.3808 267.909
2.87265 10.3776 268.179
2.75835 10.3738 268.419
2.71171 10.3694 268.406
2.67206 10.3771 268.919
2.68543 10.3789 269.361
2.74818 10.3786 269.682
2.85064 10.3781 270.037
2.96888 10.3756 270.264
3.15743 10.377 270.613

4.53505 10.4008 267.952
4.39075 10.4007 268.018
4.19408 10.4016 268.129
4.0283 10.4006 268.175
3.95028 10.4014 268.252
3.85059 10.3995 268.387
3.75678 10.397 268.47
3.71096 10.3933 268.376
3.65655 10.4028 268.746
3.62539 10.4062 269.021
3.62541 10.407 269.203
3.64819 10.4076 269.434
3.68747 10.4059 269.569
3.76252 10.4082 269.817

5.1496 10.4161 268.74
5.09862 10.4174 268.724
5.01536 10.4201 268.699
4.9271 10.4208 268.612
4.88931 10.422 268.595
4.82853 10.4215 268.594
4.7552 10.4202 268.521
4.71021 10.4172 268.345
4.64104 10.4284 268.572
4.56536 10.4334 268.681
4.50263 10.4354 268.724
4.44574 10.4371 268.832
4.40605 10.4361 268.874
4.3676 10.4394 269.022

5.76416 10.4313 269.529
5.8065 10.4342 269.43
5.83663 10.4387 269.27
5.82591 10.4409 269.05
5.82835 10.4426 268.938
5.80647 10.4434 268.802
5.75363 10.4434 268.572
5.70947 10.4411 268.315
5.62553 10.4541 268.399
5.50532 10.4606 268.341
5.37986 10.4638 268.245
5.24329 10.4667 268.229
5.12463 10.4664 268.179
4.97269 10.4705 268.226

6.37872 10.4466 270.318
6.51437 10.4509 270.136
6.65791 10.4572 269.84
6.72471 10.4611 269.488
6.76738 10.4632 269.282
6.7844 10.4653 269.01
6.75206 10.4666 268.623
6.70872 10.465 268.285
6.61001 10.4798 268.225
6.44528 10.4878 268
6.25708 10.4922 267.766
6.04084 10.4962 267.626
5.84321 10.4967 267.484
5.57778 10.5017 267.431

6.99328 10.4618 271.106
7.22225 10.4676 270.842
7.47919 10.4757 270.41
7.62351 10.4812 269.926
7.70641 10.4837 269.625
7.76234 10.4873 269.217
7.75049 10.4897 268.674
7.70797 10.4889 268.254
7.5945 10.5054 268.051
7.38524 10.515 267.66
7.13431 10.5206 267.286
6.83839 10.5258 267.024
6.5618 10.527 266.79
6.18287 10.5329 266.635

2.05992 11.3397 264.79
1.54034 11.3336 265.189
0.887753 11.3272 265.846
0.410517 11.3197 266.423
0.17143 11.3188 266.881
-0.0845896 11.3114 267.56
-0.260762 11.3039 268.277
-0.30915 11.2971 268.523
-0.304409 11.2997 269.457
-0.156706 11.2969 270.4
0.0953584 11.2929 271.141
0.438119 11.289 271.867
0.794434 11.2843 272.372
1.32534 11.2829 273.026

2.67448 11.3549 265.579
2.24822 11.3503 265.895
1.70903 11.3458 266.417
1.30932 11.3399 266.861
1.11046 11.3394 267.225
0.893349 11.3334 267.768
0.737666 11.3271 268.328
0.690102 11.321 268.493
0.68008 11.3254 269.284
0.783255 11.3241 270.06
0.972583 11.3213 270.661
1.23567 11.3185 271.264
1.51302 11.3146 271.677
1.93043 11.3141 272.23

3.28904 11.3702 266.368
2.95609 11.367 266.601
2.5303 11.3643 266.987
2.20813 11.36 267.299
2.0495 11.36 267.568
1.87129 11.3553 267.976
1.73609 11.3503 268.38
1.68935 11.3449 268.463
1.66457 11.351 269.11
1.72322 11.3513 269.72
1.84981 11.3497 270.182
2.03322 11.3481 270.662
2.2316 11.3449 270.983
2.53552 11.3453 271.435

3.9036 11.3854 267.157
3.66397 11.3838 267.307
3.35158 11.3828 267.557
3.10693 11.3802 267.737
2.98853 11.3805 267.911
2.84923 11.3773 268.183
2.73452 11.3734 268.431
2.68861 11.3688 268.432
2.64906 11.3767 268.937
2.66318 11.3785 269.38
2.72703 11.3781 269.703
2.83077 11.3776 270.059
2.95018 11.3751 270.288
3.14061 11.3765 270.639

4.51815 11.4007 267.945
4.37185 11.4005 268.013
4.17286 11.4014 268.127
4.00573 11.4003 268.175
3.92756 11.4011 268.254
3.82716 11.3992 268.391
3.73295 11.3966 268.482
3.68786 11.3927 268.402
3.63355 11.4024 268.763
3.60314 11.4057 269.039
3.60426 11.4066 269.224
3.62832 11.4071 269.457
3.66876 11.4054 269.593
3.7457 11.4077 269.844

5.13271 11.4159 268.734
5.07972 11.4172 268.719
4.99413 11.4199 268.697
4.90454 11.4205 268.613
4.8666 11.4217 268.597
4.8051 11.4212 268.599
4.73138 11.4198 268.533
4.68711 11.4166 268.372
4.61803 11.428 268.589
4.5431 11.433 268.699
4.48148 11.435 268.745
4.42587 11.4367 268.854
4.38735 11.4357 268.898
4.35078 11.4389 269.048

5.74727 11.4312 269.523
5.7876 11.434 269.425
5.81541 11.4384 269.268
5.80334 11.4407 269.051
5.80563 11.4423 268.941
5.78304 11.4431 268.807
5.72981 11.443 268.584
5.68636 11.4405 268.341
5.60252 11.4537 268.416
5.48306 11.4602 268.359
5.3587 11.4634 268.265
5.22342 11.4662 268.252
5.10593 11.466 268.203
4.95587 11.4701 268.253

6.36183 11.4464 270.312
6.49547 11.4507 270.131
6.63668 11.457 269.838
6.70215 11.4608 269.489
6.74466 11.4629 269.284
6.76098 11.4651 269.014
6.72824 11.4662 268.635
6.68562 11.4644 268.311
6.58701 11.4794 268.242
6.42302 11.4874 268.019
6.23593 11.4918 267.786
6.02097 11.4958 267.649
5.82451 11.4962 267.509
5.56096 11.5012 267.457

6.97638 11.4616 271.1
7.20335 11.4675 270.838
7.45796 11.4755 270.408
7.60095 11.481 269.926
7.6837 11.4835 269.627
7.73892 11.487 269.222
7.72666 11.4894 268.686
7.68487 11.4883 268.28
7.5715 11.505 268.069
7.36298 11.5146 267.679
7.11315 11.5202 267.307
6.81852 11.5253 267.047
6.5431 11.5265 266.814
6.16605 11.5324 266.662

2.04303 12.3395 264.784
1.52144 12.3334 265.184
0.866526 12.327 265.844
0.387952 12.3195 266.424
0.148715 12.3185 266.884
-0.108013 12.3112 267.565
-0.284587 12.3035 268.289
-0.332254 12.2965 268.55
-0.327411 12.2993 269.475
-0.178962 12.2965 270.419
0.0742064 12.2925 271.161
0.418248 12.2885 271.89
0.775733 12.2839 272.396
1.30852 12.2824 273.052

2.65759 12.3548 265.573
2.22932 12.3501 265.89
1.6878 12.3455 266.415
1.28676 12.3396 266.862
1.08775 12.3391 267.227
0.869925 12.3331 267.773
0.713842 12.3267 268.34
0.666998 12.3204 268.519
0.657077 12.325 269.301
0.761 12.3237 270.078
0.951431 12.3209 270.682
1.2158 12.3181 271.287
1.49432 12.3141 271.702
1.91361 12.3136 272.257

3.27214 12.37 266.362
2.9372 12.3668 266.596
2.50908 12.3641 266.985
2.18556 12.3598 267.299
2.02678 12.3597 267.57
1.84786 12.3551 267.98
1.71227 12.3499 268.391
1.66625 12.3443 268.489
1.64157 12.3506 269.127
1.70096 12.3509 269.738
1.82866 12.3493 270.203
2.01335 12.3476 270.685
2.2129 12.3444 271.007
2.5187 12.3448 271.461

3.8867 12.3853 267.151
3.64507 12.3836 267.302
3.33035 12.3826 267.555
3.08436 12.3799 267.737
2.96582 12.3803 267.913
2.8258 12.377 268.188
2.7107 12.3731 268.442
2.6655 12.3682 268.458
2.62605 12.3763 268.954
2.64092 12.3781 269.398
2.70588 12.3777 269.724
2.8109 12.3771 270.082
2.93148 12.3747 270.312
3.12379 12.376 270.666

4.50126 12.4005 267.939
4.35295 12.4003 268.008
4.15163 12.4011 268.125
3.98317 12.4001 268.175
3.90485 12.4009 268.256
3.80374 12.3989 268.396
3.70913 12.3963 268.493
3.66475 12.3921 268.428
3.61054 12.4019 268.78
3.58088 12.4053 269.058
3.5831 12.4061 269.244
3.60845 12.4067 269.48
3.65006 12.4049 269.617
3.72887 12.4072 269.87

5.11582 12.4157 268.728
5.06082 12.4171 268.714
4.97291 12.4197 268.696
4.88197 12.4202 268.613
4.84388 12.4215 268.6
4.78168 12.4209 268.604
4.70755 12.4195 268.544
4.66401 12.416 268.398
4.59503 12.4276 268.607
4.52084 12.4325 268.718
4.46033 12.4345 268.765
4.406 12.4362 268.877
4.36865 12.4352 268.922
4.33396 12.4384 269.075

5.73038 12.431 269.517
5.7687 12.4338 269.421
5.79418 12.4382 269.266
5.78078 12.4404 269.051
5.78292 12.442 268.943
5.75962 12.4428 268.811
5.70598 12.4427 268.595
5.66326 12.4399 268.367
5.57952 12.4533 268.433
5.46081 12.4597 268.377
5.33755 12.4629 268.286
5.20355 12.4658 268.274
5.08723 12.4655 268.228
4.93905 12.4696 268.279

6.34493 12.4462 270.305
6.47657 12.4505 270.127
6.61546 12.4567 269.836
6.67958 12.4606 269.489
6.72195 12.4626 269.286
6.73756 12.4648 269.019
6.70441 12.4658 268.646
6.66251 12.4638 268.337
6.56401 12.4789 268.26
6.40077 12.487 268.037
6.21478 12.4914 267.807
6.0011 12.4953 267.672
5.80581 12.4958 267.533
5.54414 12.5008 267.484

6.95949 12.4615 271.094
7.18445 12.4673 270.833
7.43673 12.4753 270.406
7.57838 12.4807 269.927
7.66098 12.4832 269.629
7.7155 12.4867 269.227
7.70284 12.489 268.698
7.66176 12.4877 268.306
7.5485 12.5046 268.086
7.34073 12.5142 267.697
7.092 12.5198 267.327
6.79865 12.5249 267.069
6.52439 12.526 266.838
6.14922 12.532 266.688

2.02613 13.3394 264.778
1.50255 13.3332 265.179
0.8453 13.3268 265.842
0.365387 13.3192 266.424
0.126 13.3183 266.886
-0.131437 13.3109 267.57
-0.308411 13.3032 268.301
-0.355358 13.2959 268.576
-0.350414 13.2989 269.492
-0.201217 13.2961 270.437
0.0530545 13.292 271.182
0.398378 13.2881 271.912
0.757031 13.2834 272.421
1.2917 13.2819 273.079

2.64069 13.3546 265.567
2.21042 13.3499 265.885
1.66658 13.3453 266.413
1.26419 13.3394 266.862
1.06503 13.3389 267.229
0.846502 13.3328 267.777
0.690017 13.3264 268.352
0.643894 13.3198 268.545
0.634074 13.3245 269.318
0.738744 13.3233 270.097
0.930279 13.3204 270.703
1.19593 13.3176 271.31
1.47561 13.3137 271.726
1.89679 13.3131 272.283

3.25525 13.3699 266.356
2.9183 13.3667 266.591
2.48785 13.3638 266.983
2.16299 13.3595 267.3
2.00407 13.3594 267.572
1.82444 13.3548 267.985
1.68845 13.3495 268.403
1.64315 13.3437 268.515
1.61856 13.3502 269.145
1.6787 13.3505 269.757
1.8075 13.3489 270.223
1.99348 13.3471 270.707
2.1942 13.3439 271.031
2.50188 13.3443 271.488

3.86981 13.3851 267.144
3.62617 13.3834 267.297
3.30913 13.3824 267.553
3.0618 13.3797 267.738
2.9431 13.38 267.915
2.80238 13.3767 268.193
2.68687 13.3727 268.454
2.6424 13.3676 268.485
2.60305 13.3759 268.971
2.61867 13.3777 269.417
2.68473 13.3773 269.744
2.79103 13.3767 270.105
2.91278 13.3742 270.336
3.10696 13.3755 270.692

4.48437 13.4003 267.933
4.33405 13.4001 268.004
4.1304 13.4009 268.123
3.9606 13.3998 268.175
3.88213 13.4006 268.259
3.78032 13.3987 268.4
3.6853 13.3959 268.505
3.64165 13.3915 268.454
3.58754 13.4015 268.798
3.55863 13.4049 269.076
3.56195 13.4057 269.265
3.58858 13.4062 269.502
3.63136 13.4045 269.641
3.71205 13.4067 269.897

5.09892 13.4156 268.722
5.04192 13.4169 268.71
4.95168 13.4194 268.694
4.85941 13.42 268.613
4.82117 13.4212 268.602
4.75826 13.4206 268.608
4.68373 13.4191 268.556
4.6409 13.4154 268.424
4.57203 13.4272 268.624
4.49859 13.4321 268.736
4.43918 13.4341 268.786
4.38613 13.4358 268.9
4.34994 13.4347 268.947
4.31714 13.4379 269.101

5.71348 13.4308 269.511
5.7498 13.4336 269.416
5.77295 13.438 269.264
5.75821 13.4401 269.051
5.7602 13.4418 268.945
5.73619 13.4425 268.816
5.68216 13.4423 268.607
5.64016 13.4393 268.393
5.55652 13.4529 268.451
5.43855 13.4593 268.396
5.3164 13.4625 268.306
5.18368 13.4653 268.297
5.06853 13.465 268.252
4.92223 13.4691 268.305

6.32804 13.4461 270.299
6.45768 13.4503 270.122
6.59423 13.4565 269.834
6.65701 13.4603 269.489
6.69923 13.4624 269.288
6.71413 13.4645 269.024
6.68059 13.4655 268.658
6.63941 13.4632 268.363
6.54101 13.4785 268.277
6.37851 13.4865 268.056
6.19362 13.4909 267.827
5.98123 13.4949 267.695
5.78711 13.4953 267.557
5.52731 13.5003 267.51

6.9426 13.4613 271.088
7.16555 13.4671 270.828
7.41551 13.475 270.404
7.55582 13.4805 269.927
7.63827 13.483 269.631
7.69207 13.4864 269.231
7.67902 13.4887 268.709
7.63866 13.4871 268.333
7.52549 13.5042 268.103
7.31847 13.5138 267.716
7.07085 13.5193 267.348
6.77878 13.5244 267.092
6.50569 13.5256 266.862
6.1324 13.5315 266.714

2.00924 14.3392 264.772
1.48365 14.333 265.174
0.824073 14.3265 265.841
0.342821 14.319 266.424
0.103285 14.318 266.888
-0.154861 14.3106 267.574
-0.332236 14.3028 268.313
-0.378462 14.2953 268.602
-0.373417 14.2985 269.509
-0.223473 14.2956 270.456
0.0319026 14.2916 271.202
0.378507 14.2876 271.935
0.738329 14.2829 272.445
1.27488 14.2814 273.105

2.6238 14.3544 265.561
2.19152 14.3497 265.88
1.64535 14.3451 266.411
1.24163 14.3391 266.862
1.04232 14.3386 267.231
0.823078 14.3325 267.782
0.666192 14.326 268.364
0.620791 14.3192 268.572
0.611072 14.3241 269.336
0.716488 14.3228 270.115
0.909127 14.32 270.723
1.17606 14.3171 271.333
1.45691 14.3132 271.75
1.87997 14.3126 272.31

3.23836 14.3697 266.349
2.8994 14.3665 266.587
2.46662 14.3636 266.981
2.14043 14.3593 267.3
1.98135 14.3592 267.574
1.80102 14.3545 267.99
1.66462 14.3492 268.415
1.62004 14.3431 268.541
1.59556 14.3498 269.162
1.65645 14.3501 269.775
1.78635 14.3484 270.244
1.97361 14.3467 270.73
2.17549 14.3435 271.055
2.48505 14.3438 271.514

3.85292 14.3849 267.138
3.60727 14.3832 267.293
3.2879 14.3821 267.551
3.03923 14.3794 267.738
2.92039 14.3798 267.918
2.77896 14.3764 268.197
2.66305 14.3724 268.466
2.6193 14.367 268.511
2.58005 14.3755 268.988
2.59641 14.3773 269.435
2.66358 14.3768 269.765
2.77116 14.3762 270.127
2.89408 14.3737 270.36
3.09014 14.375 270.719

4.46747 14.4002 267.927
4.31515 14.3999 267.999
4.10918 14.4007 268.121
3.93804 14.3996 268.176
3.85942 14.4004 268.261
3.75689 14.3984 268.405
3.66148 14.3956 268.517
3.61855 14.3909 268.48
3.56454 14.4011 268.815
3.53637 14.4045 269.095
3.5408 14.4052 269.285
3.56871 14.4058 269.525
3.61266 14.404 269.666
3.69523 14.4062 269.923

5.08203 14.4154 268.716
5.02303 14.4167 268.705
4.93045 14.4192 268.692
4.83684 14.4197 268.614
4.79845 14.4209 268.604
4.73483 14.4203 268.613
4.65991 14.4188 268.568
4.6178 14.4148 268.45
4.54903 14.4268 268.641
4.47633 14.4317 268.755
4.41802 14.4337 268.806
4.36626 14.4353 268.922
4.33124 14.4343 268.971
4.30032 14.4374 269.127

5.69659 14.4307 269.504
5.7309 14.4334 269.411
5.75173 14.4378 269.262
5.73565 14.4399 269.052
5.73749 14.4415 268.947
5.71277 14.4423 268.821
5.65833 14.442 268.619
5.61705 14.4387 268.42
5.53351 14.4524 268.468
5.41629 14.4589 268.414
5.29525 14.4621 268.327
5.16381 14.4649 268.32
5.04982 14.4645 268.276
4.9054 14.4686 268.332

6.31115 14.4459 270.293
6.43878 14.4501 270.117
6.573 14.4563 269.832
6.63445 14.46 269.489
6.67652 14.4621 269.29
6.69071 14.4642 269.028
6.65676 14.4651 268.67
6.6163 14.4626 268.389
6.518 14.4781 268.294
6.35626 14.4861 268.074
6.17247 14.4905 267.848
5.96136 14.4944 267.717
5.76841 14.4948 267.581
5.51049 14.4998 267.536

6.92571 14.4612 271.082
7.14665 14.4669 270.823
7.39428 14.4748 270.402
7.53325 14.4802 269.927
7.61555 14.4827 269.634
7.66865 14.4862 269.236
7.65519 14.4883 268.721
7.61556 14.4865 268.359
7.50249 14.5038 268.121
7.29622 14.5133 267.734
7.0497 14.5189 267.368
6.75891 14.524 267.115
6.48699 14.5251 266.887
6.11558 14.531 266.741

