1.8888 -7.75274 187.128
1.47774 -7.76052 187.337
1.10037 -7.77076 187.621
0.771416 -7.78246 187.952
0.501658 -7.79487 188.345
0.296432 -7.80855 188.759
0.156908 -7.82296 189.209
0.0897527 -7.83684 189.684

2.53074 -7.79199 187.893
2.23139 -7.79612 187.993
1.94794 -7.80222 188.151
1.6918 -7.8094 188.342
1.47206 -7.81724 188.586
1.29259 -7.82617 188.844
1.15466 -7.836 189.143
1.06443 -7.84536 189.46

3.17268 -7.83125 188.659
2.98505 -7.83172 188.649
2.79551 -7.83367 188.68
2.61218 -7.83633 188.732
2.44246 -7.83961 188.826
2.28874 -7.84379 188.93
2.15241 -7.84904 189.078
2.03911 -7.85389 189.237

3.81462 -7.8705 189.425
3.73871 -7.86732 189.306
3.64308 -7.86512 189.21
3.53256 -7.86327 189.122
3.41286 -7.86198 189.067
3.2849 -7.86142 189.016
3.15017 -7.86208 189.012
3.01379 -7.86241 189.013

4.45656 -7.90975 190.191
4.49236 -7.90291 189.962
4.49064 -7.89658 189.74
4.45295 -7.8902 189.512
4.38327 -7.88435 189.307
4.28105 -7.87904 189.102
4.14792 -7.87512 188.946
3.98847 -7.87093 188.79

5.0985 -7.94901 190.956
5.24602 -7.93851 190.618
5.33821 -7.92803 190.27
5.37333 -7.91714 189.902
5.35367 -7.90672 189.548
5.27721 -7.89666 189.188
5.14567 -7.88816 188.88
4.96315 -7.87945 188.566

5.74044 -7.98826 191.722
5.99967 -7.97411 191.275
6.18578 -7.95949 190.799
6.29371 -7.94407 190.292
6.32407 -7.92909 189.788
6.27336 -7.91429 189.273
6.14343 -7.9012 188.815
5.93783 -7.88798 188.343

6.38238 -8.02752 192.488
6.75333 -8.00971 191.931
7.03335 -7.99094 191.329
7.2141 -7.97101 190.683
7.29447 -7.95146 190.029
7.26952 -7.93191 189.359
7.14118 -7.91424 188.749
6.91251 -7.8965 188.12

7.02431 -8.06677 193.254
7.50698 -8.04531 192.587
7.88092 -8.02239 191.859
8.13448 -7.99794 191.073
8.26487 -7.97383 190.269
8.26567 -7.94953 189.445
8.13894 -7.92727 188.683
7.88719 -7.90502 187.896

1.90129 -6.75365 187.168
1.49179 -6.76134 187.375
1.11554 -6.77149 187.656
0.787187 -6.78309 187.984
0.517439 -6.79542 188.375
0.311763 -6.80904 188.786
0.171161 -6.82323 189.227
0.102644 -6.83709 189.702

2.54323 -6.7929 187.934
2.24545 -6.79694 188.031
1.96311 -6.80294 188.186
1.70757 -6.81003 188.374
1.48784 -6.81779 188.615
1.30792 -6.82666 188.872
1.16891 -6.83627 189.161
1.07732 -6.84561 189.478

3.18517 -6.83215 188.7
2.9991 -6.83254 188.688
2.81068 -6.8344 188.716
2.62795 -6.83696 188.764
2.45824 -6.84016 188.856
2.30407 -6.84428 188.957
2.16667 -6.8493 189.096
2.052 -6.85413 189.255

3.82711 -6.87141 189.466
3.75276 -6.86814 189.344
3.65825 -6.86585 189.245
3.54834 -6.8639 189.154
3.42865 -6.86253 189.096
3.30023 -6.86191 189.043
3.16442 -6.86234 189.03
3.02668 -6.86266 189.031

4.46905 -6.91066 190.231
4.50641 -6.90374 190
4.50582 -6.89731 189.775
4.46872 -6.89083 189.544
4.39905 -6.8849 189.336
4.29638 -6.87953 189.129
4.16217 -6.87538 188.964
4.00136 -6.87118 188.808

5.11099 -6.94992 190.997
5.26007 -6.93934 190.656
5.35339 -6.92876 190.305
5.3891 -6.91777 189.934
5.36945 -6.90727 189.577
5.29254 -6.89715 189.215
5.15993 -6.88842 188.898
4.97604 -6.8797 188.585

5.75293 -6.98917 191.763
6.01372 -6.97493 191.313
6.20095 -6.96022 190.835
6.30948 -6.9447 190.324
6.33985 -6.92964 189.817
6.28869 -6.91478 189.301
6.15768 -6.90146 188.833
5.95072 -6.88822 188.361

6.39487 -7.02842 192.529
6.76738 -7.01053 191.969
7.04852 -6.99167 191.364
7.22987 -6.97164 190.714
7.31025 -6.95202 190.058
7.28485 -6.9324 189.387
7.15543 -6.9145 188.767
6.9254 -6.89674 188.138

7.03681 -7.06768 193.294
7.52104 -7.04613 192.625
7.89609 -7.02312 191.894
8.15025 -6.99857 191.104
8.28066 -6.97439 190.298
8.281 -6.95002 189.472
8.15319 -6.92754 188.701
7.90008 -6.90527 187.914

1.91378 -5.75455 187.209
1.50584 -5.76217 187.413
1.13071 -5.77222 187.691
0.802959 -5.78372 188.015
0.53322 -5.79597 188.404
0.327093 -5.80953 188.813
0.185414 -5.82349 189.245
0.115534 -5.83734 189.72

2.55572 -5.79381 187.975
2.2595 -5.79777 188.069
1.97828 -5.80367 188.221
1.72334 -5.81066 188.406
1.50362 -5.81835 188.644
1.32325 -5.82715 188.899
1.18317 -5.83653 189.179
1.09021 -5.84586 189.496

3.19766 -5.83306 188.741
3.01315 -5.83336 188.726
2.82585 -5.83513 188.751
2.64372 -5.83759 188.796
2.47402 -5.84072 188.885
2.3194 -5.84477 188.985
2.18092 -5.84957 189.114
2.06489 -5.85438 189.273

3.8396 -5.87232 189.506
3.76681 -5.86896 189.382
3.67342 -5.86658 189.28
3.56411 -5.86453 189.186
3.44443 -5.86309 189.125
3.31556 -5.8624 189.071
3.17867 -5.86261 189.048
3.03957 -5.8629 189.049

4.48154 -5.91157 190.272
4.52046 -5.90456 190.038
4.52099 -5.89804 189.81
4.48449 -5.89146 189.576
4.41483 -5.88546 189.366
4.31171 -5.88002 189.156
4.17643 -5.87565 188.982
4.01425 -5.87142 188.826

5.12348 -5.95082 191.038
5.27412 -5.94016 190.694
5.36856 -5.92949 190.34
5.40487 -5.9184 189.966
5.38523 -5.90783 189.606
5.30787 -5.89764 189.242
5.17418 -5.88869 188.916
4.98893 -5.87995 188.603

5.76542 -5.99008 191.804
6.02778 -5.97576 191.351
6.21613 -5.96095 190.87
6.32526 -5.94533 190.356
6.35563 -5.9302 189.847
6.30402 -5.91527 189.328
6.17193 -5.90172 188.851
5.96361 -5.88847 188.379

6.40736 -6.02933 192.569
6.78143 -6.01135 192.007
7.06369 -5.9924 191.399
7.24564 -5.97227 190.746
7.32604 -5.95257 190.087
7.30018 -5.93289 189.414
7.16969 -5.91476 188.785
6.93829 -5.89699 188.156

7.0493 -6.06859 193.335
7.53509 -6.04695 192.663
7.91126 -6.02385 191.929
8.16602 -5.9992 191.136
8.29644 -5.97494 190.328
8.29633 -5.95051 189.5
8.16744 -5.9278 188.719
7.91297 -5.90551 187.932

1.92628 -4.75546 187.25
1.51989 -4.76299 187.451
1.14589 -4.77295 187.726
0.81873 -4.78435 188.047
0.549001 -4.79653 188.433
0.342423 -4.81002 188.84
0.199667 -4.82376 189.263
0.128425 -4.83758 189.738

2.56821 -4.79472 188.016
2.27355 -4.79859 188.107
1.99345 -4.8044 188.256
1.73911 -4.81129 188.437
1.5194 -4.8189 188.674
1.33858 -4.82764 188.926
1.19742 -4.83679 189.197
1.1031 -4.8461 189.514

3.21015 -4.83397 188.781
3.0272 -4.83419 188.764
2.84102 -4.83586 188.786
2.6595 -4.83822 188.827
2.48981 -4.84127 188.914
2.33473 -4.84526 189.012
2.19517 -4.84983 189.132
2.07778 -4.85463 189.291

3.85209 -4.87322 189.547
3.78086 -4.86979 189.42
3.68859 -4.86731 189.315
3.57988 -4.86516 189.218
3.46021 -4.86364 189.155
3.33089 -4.86289 189.098
3.19293 -4.86287 189.066
3.05246 -4.86315 189.068

4.49403 -4.91248 190.313
4.53452 -4.90538 190.076
4.53616 -4.89877 189.845
4.50026 -4.89209 189.608
4.43061 -4.88601 189.395
4.32704 -4.88051 189.184
4.19068 -4.87591 189
4.02714 -4.87167 188.844

5.13597 -4.95173 191.079
5.28817 -4.94098 190.733
5.38373 -4.93022 190.375
5.42064 -4.91903 189.998
5.40101 -4.90838 189.636
5.3232 -4.89813 189.27
5.18843 -4.88895 188.935
5.00182 -4.88019 188.621

5.77791 -4.99099 191.844
6.04183 -4.97658 191.389
6.2313 -4.96168 190.905
6.34103 -4.94596 190.388
6.37141 -4.93075 189.876
6.31935 -4.91576 189.355
6.18619 -4.90199 188.869
5.9765 -4.88872 188.397

6.41985 -5.03024 192.61
6.79548 -5.01218 192.045
7.07887 -4.99313 191.434
7.26141 -4.9729 190.778
7.34182 -4.95312 190.116
7.31551 -4.93338 189.441
7.18394 -4.91503 188.803
6.95118 -4.89724 188.174

7.06179 -5.0695 193.376
7.54914 -5.04778 192.701
7.92643 -5.02458 191.964
8.18179 -4.99983 191.168
8.31222 -4.97549 190.357
8.31166 -4.951 189.527
8.18169 -4.92807 188.737
7.92586 -4.90576 187.95

1.93877 -3.75637 187.291
1.53395 -3.76381 187.489
1.16106 -3.77368 187.761
0.834501 -3.78498 188.079
0.564782 -3.79708 188.463
0.357754 -3.81051 188.868
0.21392 -3.82402 189.281
0.141316 -3.83783 189.756

2.58071 -3.79563 188.056
2.2876 -3.79941 188.145
2.00863 -3.80513 188.291
1.75488 -3.81192 188.469
1.53518 -3.81945 188.703
1.35391 -3.82813 188.954
1.21167 -3.83706 189.215
1.116 -3.84635 189.533

3.22265 -3.83488 188.822
3.04126 -3.83501 188.802
2.85619 -3.83659 188.821
2.67527 -3.83885 188.859
2.50559 -3.84182 188.943
2.35006 -3.84575 189.039
2.20943 -3.8501 189.15
2.09067 -3.85487 189.309

3.86459 -3.87413 189.588
3.79491 -3.87061 189.458
3.70376 -3.86804 189.35
3.59565 -3.86579 189.249
3.47599 -3.86419 189.184
3.34622 -3.86338 189.125
3.20718 -3.86314 189.084
3.06535 -3.8634 189.086

4.50653 -3.91339 190.354
4.54857 -3.90621 190.114
4.55133 -3.8995 189.88
4.51603 -3.89272 189.639
4.44639 -3.88656 189.424
4.34237 -3.881 189.211
4.20493 -3.87618 189.018
4.04003 -3.87192 188.862

5.14846 -3.95264 191.119
5.30222 -3.94181 190.771
5.3989 -3.93095 190.41
5.43642 -3.91966 190.03
5.41679 -3.90894 189.665
5.33853 -3.89862 189.297
5.20269 -3.88921 188.953
5.01471 -3.88044 188.639

5.7904 -3.9919 191.885
6.05588 -3.9774 191.427
6.24647 -3.96241 190.94
6.3568 -3.94659 190.42
6.3872 -3.93131 189.905
6.33468 -3.91625 189.383
6.20044 -3.90225 188.887
5.98939 -3.88896 188.415

6.43234 -4.03115 192.651
6.80953 -4.013 192.083
7.09404 -3.99386 191.469
7.27718 -3.97353 190.81
7.3576 -3.95368 190.146
7.33084 -3.93387 189.468
7.19819 -3.91529 188.821
6.96407 -3.89749 188.192

7.07428 -4.0704 193.417
7.56319 -4.0486 192.74
7.94161 -4.02531 191.999
8.19756 -4.00046 191.2
8.328 -3.97605 190.386
8.32699 -3.95149 189.554
8.19595 -3.92833 188.755
7.93875 -3.90601 187.968

1.95126 -2.75728 187.331
1.548 -2.76464 187.527
1.17623 -2.77441 187.796
0.850272 -2.78561 188.111
0.580563 -2.79764 188.492
0.373084 -2.811 188.895
0.228172 -2.82428 189.299
0.154207 -2.83808 189.774

2.5932 -2.79653 188.097
2.30165 -2.80024 188.183
2.0238 -2.80586 188.326
1.77066 -2.81255 188.501
1.55097 -2.82001 188.732
1.36924 -2.82862 188.981
1.22593 -2.83732 189.233
1.12889 -2.8466 189.551

3.23514 -2.83579 188.863
3.05531 -2.83583 188.84
2.87137 -2.83732 188.856
2.69104 -2.83948 188.891
2.52137 -2.84238 188.973
2.36539 -2.84624 189.067
2.22368 -2.85036 189.168
2.10357 -2.85512 189.327

3.87708 -2.87504 189.629
3.80896 -2.87143 189.496
3.71894 -2.86877 189.386
3.61142 -2.86642 189.281
3.49177 -2.86475 189.213
3.36155 -2.86387 189.152
3.22143 -2.8634 189.102
3.07824 -2.86364 189.104

4.51902 -2.9143 190.394
4.56262 -2.90703 190.152
4.5665 -2.90023 189.915
4.5318 -2.89335 189.671
4.46217 -2.88712 189.454
4.3577 -2.88149 189.238
4.21919 -2.87644 189.036
4.05292 -2.87217 188.88

5.16096 -2.95355 191.16
5.31627 -2.94263 190.809
5.41407 -2.93168 190.445
5.45219 -2.92029 190.061
5.43257 -2.90949 189.694
5.35386 -2.89911 189.324
5.21694 -2.88948 188.971
5.0276 -2.88069 188.657

5.8029 -2.9928 191.926
6.06993 -2.97823 191.465
6.26164 -2.96314 190.975
6.37257 -2.94722 190.451
6.40298 -2.93186 189.935
6.35001 -2.91674 189.41
6.21469 -2.90252 188.905
6.00228 -2.88921 188.433

6.44484 -3.03206 192.692
6.82359 -3.01382 192.121
7.10921 -2.99459 191.505
7.29295 -2.97416 190.841
7.37338 -2.95423 190.175
7.34617 -2.93436 189.496
7.21245 -2.91556 188.839
6.97696 -2.89773 188.21

7.08677 -3.07131 193.457
7.57724 -3.04942 192.778
7.95678 -3.02604 192.034
8.21334 -3.00109 191.232
8.34378 -2.9766 190.415
8.34232 -2.95198 189.582
8.2102 -2.9286 188.773
7.95164 -2.90625 187.987

1.96375 -1.75819 187.372
1.56205 -1.76546 187.565
1.1914 -1.77514 187.831
0.866044 -1.78624 188.143
0.596344 -1.79819 188.521
0.388414 -1.81149 188.922
0.242425 -1.82455 189.317
0.167098 -1.83832 189.792

2.60569 -1.79744 188.138
2.3157 -1.80106 188.222
2.03897 -1.80659 188.361
1.78643 -1.81318 188.533
1.56675 -1.82056 188.762
1.38457 -1.82911 189.008
1.24018 -1.83759 189.251
1.14178 -1.84685 189.569

3.24763 -1.8367 188.904
3.06936 -1.83666 188.878
2.88654 -1.83805 188.891
2.70681 -1.84011 188.923
2.53715 -1.84293 189.002
2.38072 -1.84673 189.094
2.23793 -1.85063 189.186
2.11646 -1.85537 189.345

3.88957 -1.87595 189.669
3.82301 -1.87226 189.534
3.73411 -1.8695 189.421
3.62719 -1.86705 189.313
3.50755 -1.8653 189.243
3.37688 -1.86436 189.18
3.23569 -1.86367 189.12
3.09114 -1.86389 189.122

4.53151 -1.9152 190.435
4.57667 -1.90785 190.19
4.58168 -1.90096 189.95
4.54758 -1.89398 189.703
4.47795 -1.88767 189.483
4.37303 -1.88198 189.266
4.23344 -1.8767 189.054
4.06581 -1.87241 188.898

5.17345 -1.95446 191.201
5.33033 -1.94345 190.847
5.42924 -1.93241 190.48
5.46796 -1.92092 190.093
5.44836 -1.91004 189.723
5.36919 -1.8996 189.351
5.23119 -1.88974 188.989
5.04049 -1.88093 188.675

5.81539 -1.99371 191.967
6.08398 -1.97905 191.503
6.27681 -1.96387 191.01
6.38834 -1.94785 190.483
6.41876 -1.93241 189.964
6.36534 -1.91723 189.437
6.22895 -1.90278 188.923
6.01517 -1.88946 188.452

6.45733 -2.03297 192.732
6.83764 -2.01465 192.159
7.12438 -1.99532 191.54
7.30872 -1.97479 190.873
7.38916 -1.95478 190.204
7.3615 -1.93485 189.523
7.2267 -1.91582 188.857
6.98985 -1.89798 188.228

7.09927 -2.07222 193.498
7.59129 -2.05025 192.816
7.97195 -2.02677 192.069
8.22911 -2.00172 191.263
8.35956 -1.97716 190.445
8.35765 -1.95247 189.609
8.22445 -1.92886 188.792
7.96453 -1.9065 188.005

1.97624 -0.759097 187.413
1.5761 -0.766285 187.603
1.20657 -0.77587 187.866
0.881815 -0.786872 188.174
0.612126 -0.798743 188.55
0.403745 -0.811978 188.95
0.256678 -0.824813 189.335
0.179989 -0.83857 189.81

2.61818 -0.798351 188.179
2.32976 -0.801883 188.26
2.05414 -0.807324 188.396
1.8022 -0.813806 188.565
1.58253 -0.821114 188.791
1.3999 -0.829602 189.035
1.25443 -0.837852 189.27
1.15467 -0.847093 189.587

3.26012 -0.837605 188.944
3.08341 -0.837481 188.916
2.90171 -0.838778 188.926
2.72258 -0.840741 188.955
2.55293 -0.843485 189.031
2.39605 -0.847225 189.121
2.25219 -0.850891 189.204
2.12935 -0.855615 189.363

3.90206 -0.876859 189.71
3.83707 -0.873079 189.572
3.74928 -0.870233 189.456
3.64296 -0.867676 189.345
3.52333 -0.865855 189.272
3.39221 -0.864848 189.207
3.24994 -0.863929 189.138
3.10403 -0.864137 189.14

4.544 -0.916113 190.476
4.59072 -0.908677 190.228
4.59685 -0.901687 189.985
4.56335 -0.894611 189.735
4.49373 -0.888226 189.512
4.38836 -0.882472 189.293
4.24769 -0.876968 189.072
4.07871 -0.872659 188.917

5.18594 -0.955367 191.242
5.34438 -0.944275 190.885
5.44442 -0.933141 190.515
5.48373 -0.921546 190.125
5.46414 -0.910597 189.753
5.38452 -0.900095 189.379
5.24545 -0.890007 189.007
5.05339 -0.881182 188.693

5.82788 -0.994621 192.007
6.09803 -0.979874 191.541
6.29198 -0.964595 191.045
6.40411 -0.94848 190.515
6.43454 -0.932967 189.993
6.38067 -0.917719 189.465
6.2432 -0.903046 188.941
6.02806 -0.889704 188.47

6.46982 -1.03387 192.773
6.85169 -1.01547 192.197
7.13955 -0.996049 191.575
7.3245 -0.975415 190.905
7.40494 -0.955338 190.234
7.37683 -0.935342 189.55
7.24095 -0.916085 188.875
7.00274 -0.898226 188.246

7.11176 -1.07313 193.539
7.60534 -1.05107 192.854
7.98712 -1.0275 192.104
8.24488 -1.00235 191.295
8.37534 -0.977709 190.474
8.37298 -0.952965 189.636
8.23871 -0.929124 188.81
7.97742 -0.906748 188.023

1.98874 0.239995 187.454
1.59015 0.232892 187.641
1.22174 0.2234 187.901
0.897586 0.212498 188.206
0.627907 0.200703 188.58
0.419075 0.187531 188.977
0.270931 0.174923 189.353
0.19288 0.161183 189.828

2.63067 0.200741 188.219
2.34381 0.197294 188.298
2.06931 0.191946 188.431
1.81797 0.185564 188.596
1.59831 0.178332 188.82
1.41523 0.169908 189.063
1.26868 0.161884 189.288
1.16756 0.152661 189.605

3.27261 0.161487 188.985
3.09746 0.161696 188.954
2.91688 0.160492 188.961
2.73835 0.158629 188.986
2.56871 0.155962 189.061
2.41138 0.152284 189.149
2.26644 0.148845 189.222
2.14224 0.144138 189.382

3.91455 0.122233 189.751
3.85112 0.126098 189.61
3.76445 0.129038 189.491
3.65874 0.131694 189.377
3.53911 0.133591 189.301
3.40754 0.134661 189.234
3.26419 0.135806 189.156
3.11692 0.135616 189.158

4.55649 0.0829789 190.517
4.60477 0.0904994 190.267
4.61202 0.0975835 190.02
4.57912 0.104759 189.767
4.50952 0.11122 189.542
4.40369 0.117038 189.32
4.26194 0.122767 189.09
4.0916 0.127094 188.935

5.19843 0.0437248 191.282
5.35843 0.0549012 190.923
5.45959 0.0661293 190.55
5.4995 0.0778245 190.157
5.47992 0.0888494 189.782
5.39985 0.0994144 189.406
5.2597 0.109728 189.025
5.06628 0.118571 188.711

5.84037 0.0044708 192.048
6.11208 0.0193031 191.579
6.30716 0.0346752 191.08
6.41988 0.0508897 190.547
6.45032 0.0664787 190.022
6.396 0.0817911 189.492
6.25745 0.0966894 188.959
6.04096 0.110049 188.488

6.48231 -0.0347832 192.814
6.86574 -0.016295 192.235
7.15472 0.00322101 191.61
7.34027 0.0239549 190.937
7.42072 0.044108 190.263
7.39216 0.0641677 189.578
7.25521 0.0836504 188.893
7.01563 0.101527 188.264

7.12425 -0.0740373 193.58
7.6194 -0.0518932 192.892
8.00229 -0.0282331 192.139
8.26065 -0.00297986 191.327
8.39112 0.0217373 190.503
8.38831 0.0465444 189.664
8.25296 0.0706115 188.828
7.99031 0.0930046 188.041

