-3.11245 -11.589 320.619
-3.93676 -11.5787 321.074
-4.57853 -11.5687 321.577
-4.9463 -11.5622 321.997
-5.47927 -11.5441 322.664
-5.79015 -11.5302 323.394
-6.01925 -11.5103 324.275
-6.07256 -11.4975 325.029
-6.03583 -11.48 325.824

-2.23681 -11.5555 321.101
-2.98428 -11.5493 321.377
-3.58711 -11.5429 321.705
-3.94664 -11.5392 322.009
-4.49303 -11.5262 322.5
-4.84244 -11.5162 323.075
-5.1391 -11.5008 323.8
-5.26911 -11.491 324.433
-5.33437 -11.4768 325.111

-1.36117 -11.522 321.583
-2.0318 -11.5198 321.68
-2.59568 -11.5171 321.833
-2.94697 -11.5162 322.02
-3.50679 -11.5083 322.336
-3.89473 -11.5021 322.756
-4.25895 -11.4913 323.325
-4.46566 -11.4845 323.838
-4.63292 -11.4736 324.398

-0.485528 -11.4885 322.065
-1.07932 -11.4904 321.983
-1.60426 -11.4914 321.961
-1.9473 -11.4932 322.032
-2.52055 -11.4903 322.171
-2.94702 -11.4881 322.438
-3.3788 -11.4818 322.851
-3.66222 -11.4779 323.243
-3.93147 -11.4704 323.686

0.390113 -11.455 322.546
-0.126844 -11.4609 322.286
-0.612831 -11.4656 322.089
-0.947635 -11.4702 322.044
-1.53431 -11.4724 322.007
-1.99932 -11.474 322.119
-2.49865 -11.4723 322.376
-2.85877 -11.4714 322.647
-3.23002 -11.4672 322.973

1.26575 -11.4214 323.028
0.825634 -11.4315 322.589
0.378593 -11.4399 322.218
0.052032 -11.4472 322.055
-0.548067 -11.4545 321.843
-1.05161 -11.4599 321.8
-1.6185 -11.4627 321.902
-2.05532 -11.4649 322.052
-2.52856 -11.464 322.26

2.14139 -11.3879 323.51
1.77811 -11.402 322.893
1.37002 -11.4141 322.346
1.0517 -11.4242 322.067
0.438173 -11.4366 321.678
-0.103902 -11.4459 321.481
-0.738353 -11.4532 321.427
-1.25188 -11.4584 321.457
-1.82711 -11.4608 321.548

3.01703 -11.3544 323.992
2.73059 -11.3726 323.196
2.36144 -11.3884 322.474
2.05137 -11.4012 322.079
1.42441 -11.4186 321.514
0.843806 -11.4318 321.162
0.141796 -11.4437 320.952
-0.448429 -11.4518 320.861
-1.12566 -11.4576 320.835

3.89267 -11.3209 324.474
3.68307 -11.3431 323.499
3.35287 -11.3626 322.602
3.05103 -11.3782 322.09
2.41065 -11.4007 321.35
1.79151 -11.4178 320.843
1.02195 -11.4342 320.478
0.355018 -11.4453 320.266
-0.424206 -11.4544 320.122

-3.15811 -10.5902 320.633
-3.97401 -10.5796 321.094
-4.60748 -10.5693 321.6
-4.96949 -10.5626 322.014
-5.49172 -10.5448 322.699
-5.79373 -10.5308 323.428
-6.01277 -10.5109 324.307
-6.05881 -10.4981 325.058
-6.01414 -10.4806 325.85

-2.28247 -10.5567 321.114
-3.02153 -10.5502 321.397
-3.61606 -10.5436 321.728
-3.96983 -10.5396 322.025
-4.50548 -10.5268 322.534
-4.84602 -10.5167 323.109
-5.13262 -10.5014 323.832
-5.25536 -10.4915 324.463
-5.31269 -10.4774 325.137

-1.40683 -10.5231 321.596
-2.06905 -10.5207 321.7
-2.62464 -10.5178 321.856
-2.97016 -10.5166 322.037
-3.51924 -10.5089 322.37
-3.89831 -10.5027 322.79
-4.25247 -10.4918 323.358
-4.45191 -10.485 323.867
-4.61124 -10.4742 324.424

-0.531188 -10.4896 322.078
-1.11657 -10.4913 322.003
-1.63321 -10.4921 321.984
-1.97049 -10.4936 322.049
-2.533 -10.491 322.206
-2.95061 -10.4886 322.471
-3.37232 -10.4823 322.883
-3.64847 -10.4785 323.272
-3.90978 -10.471 323.712

0.344452 -10.4561 322.56
-0.164097 -10.4618 322.306
-0.641786 -10.4663 322.113
-0.970824 -10.4706 322.06
-1.54676 -10.4731 322.041
-2.0029 -10.4746 322.152
-2.49217 -10.4728 322.408
-2.84502 -10.472 322.677
-3.20833 -10.4677 322.999

1.22009 -10.4226 323.042
0.788381 -10.4324 322.609
0.349638 -10.4406 322.241
0.028843 -10.4476 322.072
-0.560519 -10.4552 321.877
-1.05519 -10.4605 321.833
-1.61202 -10.4633 321.934
-2.04157 -10.4654 322.081
-2.50688 -10.4645 322.286

2.09573 -10.389 323.523
1.74086 -10.4029 322.913
1.34106 -10.4148 322.369
1.02851 -10.4246 322.084
0.425721 -10.4372 321.712
-0.107483 -10.4464 321.515
-0.731874 -10.4537 321.459
-1.23813 -10.4589 321.486
-1.80543 -10.4613 321.573

2.97137 -10.3555 324.005
2.69334 -10.3735 323.216
2.33249 -10.3891 322.497
2.02818 -10.4016 322.095
1.41196 -10.4193 321.548
0.840225 -10.4324 321.196
0.148276 -10.4442 320.984
-0.43468 -10.4524 320.891
-1.10397 -10.4581 320.861

3.84701 -10.322 324.487
3.64581 -10.344 323.519
3.32391 -10.3633 322.625
3.02784 -10.3786 322.107
2.3982 -10.4014 321.384
1.78793 -10.4183 320.877
1.02843 -10.4347 320.51
0.368767 -10.4459 320.295
-0.40252 -10.4549 320.148

-3.20377 -9.59131 320.646
-4.01126 -9.58052 321.113
-4.63644 -9.57004 321.623
-4.99268 -9.56301 322.03
-5.50417 -9.54544 322.733
-5.79731 -9.53136 323.461
-6.00629 -9.51141 324.339
-6.04506 -9.49858 325.088
-5.99246 -9.48114 325.876

-2.32813 -9.55779 321.128
-3.05878 -9.55107 321.417
-3.64502 -9.54428 321.751
-3.99301 -9.54001 322.042
-4.51793 -9.52751 322.568
-4.8496 -9.5173 323.142
-5.12614 -9.50189 323.864
-5.24161 -9.49206 324.492
-5.291 -9.47793 325.163

-1.45249 -9.52426 321.61
-2.10631 -9.52162 321.72
-2.65359 -9.51852 321.879
-2.99335 -9.51702 322.054
-3.53169 -9.50959 322.404
-3.90189 -9.50324 322.823
-4.24599 -9.49237 323.39
-4.43817 -9.48553 323.897
-4.58955 -9.47473 324.45

-0.576849 -9.49074 322.092
-1.15383 -9.49217 322.023
-1.66217 -9.49277 322.008
-1.99368 -9.49402 322.065
-2.54545 -9.49167 322.24
-2.95419 -9.48918 322.504
-3.36584 -9.48285 322.915
-3.63472 -9.47901 323.302
-3.8881 -9.47152 323.737

0.298792 -9.45722 322.573
-0.20135 -9.46272 322.326
-0.670741 -9.46701 322.136
-0.994013 -9.47102 322.077
-1.55921 -9.47374 322.075
-2.00648 -9.47512 322.186
-2.48569 -9.47332 322.44
-2.83127 -9.47248 322.706
-3.18665 -9.46832 323.025

1.17443 -9.4237 323.055
0.751128 -9.43326 322.629
0.320683 -9.44125 322.264
0.00565402 -9.44803 322.089
-0.572971 -9.45582 321.911
-1.05877 -9.46107 321.867
-1.60554 -9.4638 321.966
-2.02782 -9.46596 322.111
-2.48519 -9.46511 322.312

2.05007 -9.39018 323.537
1.70361 -9.40381 322.933
1.31211 -9.4155 322.392
1.00532 -9.42503 322.1
0.413269 -9.43789 321.747
-0.111064 -9.44701 321.548
-0.725394 -9.45428 321.491
-1.22438 -9.45943 321.516
-1.78374 -9.46191 321.599

2.92571 -9.35666 324.019
2.65608 -9.37436 323.236
2.30353 -9.38974 322.52
2.00499 -9.40203 322.112
1.39951 -9.41997 321.582
0.836644 -9.43295 321.229
0.154756 -9.44476 321.017
-0.42093 -9.45291 320.92
-1.08229 -9.4587 320.887

3.80135 -9.32314 324.501
3.60856 -9.34491 323.539
3.29496 -9.36398 322.648
3.00466 -9.37904 322.124
2.38575 -9.40204 321.418
1.78435 -9.41889 320.91
1.03491 -9.43524 320.542
0.382517 -9.44638 320.325
-0.380834 -9.4555 320.174

-3.24943 -8.59244 320.66
-4.04851 -8.58142 321.133
-4.66539 -8.57072 321.646
-5.01587 -8.56341 322.047
-5.51662 -8.5461 322.767
-5.80089 -8.53193 323.494
-5.99981 -8.51194 324.371
-6.03131 -8.49911 325.117
-5.97077 -8.48171 325.901

-2.37379 -8.55892 321.141
-3.09604 -8.55197 321.437
-3.67397 -8.54497 321.775
-4.0162 -8.54042 322.058
-4.53038 -8.52818 322.603
-4.85318 -8.51787 323.176
-5.11966 -8.50242 323.896
-5.22786 -8.49259 324.522
-5.26932 -8.4785 325.189

-1.49815 -8.5254 321.623
-2.14356 -8.52251 321.74
-2.68255 -8.51921 321.903
-3.01654 -8.51742 322.07
-3.54414 -8.51025 322.438
-3.90547 -8.50381 322.857
-4.23951 -8.4929 323.422
-4.42442 -8.48606 323.926
-4.56786 -8.4753 324.476

-0.622509 -8.49188 322.105
-1.19108 -8.49306 322.043
-1.69112 -8.49345 322.031
-2.01687 -8.49443 322.082
-2.5579 -8.49233 322.274
-2.95777 -8.48975 322.538
-3.35936 -8.48338 322.947
-3.62097 -8.47954 323.331
-3.86641 -8.47209 323.763

0.253131 -8.45836 322.587
-0.238603 -8.46361 322.346
-0.699696 -8.4677 322.159
-1.0172 -8.47143 322.094
-1.57166 -8.47441 322.11
-2.01006 -8.47569 322.219
-2.47921 -8.47386 322.472
-2.81752 -8.47301 322.736
-3.16496 -8.46889 323.051

1.12877 -8.42484 323.069
0.713875 -8.43416 322.649
0.291728 -8.44194 322.287
-0.017535 -8.44843 322.105
-0.585423 -8.45648 321.945
-1.06235 -8.46163 321.9
-1.59906 -8.46434 321.998
-2.01408 -8.46649 322.14
-2.46351 -8.46568 322.338

2.00441 -8.39132 323.55
1.66635 -8.4047 322.953
1.28315 -8.41618 322.415
0.982132 -8.42544 322.117
0.400817 -8.43856 321.781
-0.114645 -8.44757 321.581
-0.718914 -8.45482 321.523
-1.21063 -8.45996 321.545
-1.76205 -8.46247 321.625

2.88005 -8.3578 324.032
2.61883 -8.37525 323.256
2.27458 -8.39043 322.543
1.9818 -8.40244 322.129
1.38706 -8.42063 321.617
0.833063 -8.43351 321.263
0.161236 -8.4453 321.049
-0.407181 -8.45344 320.95
-1.0606 -8.45927 320.912

3.75569 -8.32428 324.514
3.57131 -8.3458 323.559
3.266 -8.36467 322.671
2.98147 -8.37944 322.14
2.3733 -8.40271 321.452
1.78077 -8.41945 320.944
1.04139 -8.43578 320.574
0.396266 -8.44691 320.354
-0.359149 -8.45607 320.2

-3.29509 -7.59357 320.673
-4.08577 -7.58231 321.153
-4.69435 -7.57141 321.67
-5.03906 -7.56382 322.063
-5.52908 -7.54677 322.801
-5.80447 -7.53249 323.528
-5.99333 -7.51248 324.403
-6.01756 -7.49964 325.147
-5.94908 -7.48228 325.927

-2.41945 -7.56005 321.155
-3.13329 -7.55286 321.457
-3.70293 -7.54566 321.798
-4.03939 -7.54083 322.075
-4.54284 -7.52884 322.637
-4.85676 -7.51843 323.209
-5.11318 -7.50296 323.928
-5.21411 -7.49312 324.551
-5.24763 -7.47907 325.215

-1.54381 -7.52653 321.637
-2.18081 -7.52341 321.76
-2.7115 -7.5199 321.926
-3.03973 -7.51783 322.087
-3.5566 -7.51092 322.473
-3.90906 -7.50437 322.89
-4.23303 -7.49344 323.454
-4.41067 -7.48659 323.956
-4.54618 -7.47587 324.502

-0.66817 -7.49301 322.119
-1.22833 -7.49396 322.063
-1.72008 -7.49414 322.054
-2.04006 -7.49483 322.098
-2.57036 -7.493 322.308
-2.96135 -7.49031 322.571
-3.35288 -7.48392 322.979
-3.60722 -7.48007 323.361
-3.84473 -7.47266 323.789

0.20747 -7.45949 322.6
-0.275856 -7.4645 322.366
-0.728651 -7.46838 322.182
-1.04039 -7.47184 322.11
-1.58411 -7.47507 322.144
-2.01364 -7.47625 322.253
-2.47273 -7.4744 322.505
-2.80377 -7.47354 322.765
-3.14327 -7.46945 323.076

1.08311 -7.42597 323.082
0.676622 -7.43505 322.669
0.262773 -7.44263 322.31
-0.0407239 -7.44884 322.122
-0.597875 -7.45715 321.98
-1.06593 -7.4622 321.934
-1.59258 -7.46487 322.03
-2.00033 -7.46702 322.17
-2.44182 -7.46625 322.364

1.95875 -7.39245 323.564
1.6291 -7.4056 322.973
1.2542 -7.41687 322.438
0.958943 -7.42584 322.134
0.388365 -7.43922 321.815
-0.118226 -7.44814 321.615
-0.712434 -7.45535 321.555
-1.19688 -7.46049 321.575
-1.74037 -7.46304 321.651

2.83439 -7.35893 324.046
2.58158 -7.37615 323.276
2.24562 -7.39111 322.566
1.95861 -7.40285 322.145
1.37461 -7.4213 321.651
0.829482 -7.43408 321.296
0.167716 -7.44583 321.081
-0.393432 -7.45397 320.979
-1.03892 -7.45984 320.938

3.71003 -7.32541 324.528
3.53406 -7.34669 323.579
3.23705 -7.36536 322.695
2.95828 -7.37985 322.157
2.36085 -7.40337 321.487
1.77719 -7.42002 320.977
1.04787 -7.43631 320.606
0.410015 -7.44744 320.384
-0.337463 -7.45663 320.226

-3.34075 -6.59471 320.687
-4.12302 -6.58321 321.173
-4.7233 -6.5721 321.693
-5.06225 -6.56423 322.08
-5.54153 -6.54743 322.836
-5.80805 -6.53306 323.561
-5.98685 -6.51301 324.435
-6.00381 -6.50017 325.176
-5.9274 -6.48284 325.953

-2.46511 -6.56119 321.168
-3.17054 -6.55375 321.477
-3.73188 -6.54634 321.821
-4.06258 -6.54123 322.092
-4.55529 -6.52951 322.671
-4.86034 -6.519 323.242
-5.1067 -6.50349 323.96
-5.20036 -6.49365 324.581
-5.22595 -6.47964 325.24

-1.58947 -6.52767 321.65
-2.21806 -6.5243 321.78
-2.74046 -6.52059 321.949
-3.06291 -6.51824 322.103
-3.56905 -6.51158 322.507
-3.91264 -6.50494 322.924
-4.22655 -6.49397 323.486
-4.39692 -6.48712 323.986
-4.52449 -6.47643 324.528

-0.713831 -6.49415 322.132
-1.26559 -6.49485 322.083
-1.74903 -6.49483 322.077
-2.06325 -6.49524 322.115
-2.58281 -6.49366 322.343
-2.96493 -6.49088 322.605
-3.3464 -6.48445 323.011
-3.59347 -6.4806 323.39
-3.82304 -6.47323 323.815

0.16181 -6.46063 322.614
-0.313109 -6.4654 322.386
-0.757606 -6.46907 322.205
-1.06358 -6.47224 322.127
-1.59657 -6.47574 322.178
-2.01722 -6.47682 322.286
-2.46625 -6.47493 322.537
-2.79002 -6.47407 322.795
-3.12159 -6.47002 323.102

1.03745 -6.4271 323.096
0.639369 -6.43594 322.689
0.233818 -6.44332 322.333
-0.0639129 -6.44925 322.138
-0.610327 -6.45781 322.014
-1.06951 -6.46276 321.967
-1.5861 -6.46541 322.062
-1.98658 -6.46755 322.199
-2.42014 -6.46682 322.39

1.91309 -6.39358 323.577
1.59185 -6.40649 322.992
1.22524 -6.41756 322.461
0.935754 -6.42625 322.15
0.375914 -6.43989 321.85
-0.121807 -6.4487 321.648
-0.705954 -6.45589 321.587
-1.18313 -6.46102 321.604
-1.71868 -6.46361 321.677

2.78873 -6.36006 324.059
2.54432 -6.37704 323.296
2.21667 -6.3918 322.59
1.93542 -6.40325 322.162
1.36215 -6.42196 321.685
0.825901 -6.43464 321.329
0.174195 -6.44637 321.113
-0.379682 -6.4545 321.009
-1.01723 -6.46041 320.964

3.66437 -6.32654 324.541
3.4968 -6.34759 323.599
3.20809 -6.36605 322.718
2.93509 -6.38026 322.173
2.34839 -6.40404 321.521
1.77361 -6.42058 321.011
1.05434 -6.43685 320.638
0.423765 -6.44797 320.413
-0.315777 -6.4572 320.251

-3.38641 -5.59584 320.7
-4.16027 -5.5841 321.193
-4.75226 -5.57279 321.716
-5.08544 -5.56464 322.097
-5.55398 -5.5481 322.87
-5.81163 -5.53362 323.595
-5.98037 -5.51355 324.467
-5.99006 -5.5007 325.206
-5.90571 -5.48341 325.979

-2.51077 -5.56232 321.182
-3.2078 -5.55465 321.497
-3.76084 -5.54703 321.844
-4.08577 -5.54164 322.108
-4.56774 -5.53017 322.706
-4.86392 -5.51956 323.276
-5.10022 -5.50403 323.992
-5.18661 -5.49418 324.61
-5.20426 -5.48021 325.266

-1.63513 -5.5288 321.664
-2.25532 -5.5252 321.8
-2.76941 -5.52127 321.972
-3.0861 -5.51864 322.12
-3.5815 -5.51225 322.541
-3.91622 -5.5055 322.957
-4.22007 -5.49451 323.518
-4.38317 -5.48765 324.015
-4.50281 -5.477 324.553

-0.759491 -5.49528 322.146
-1.30284 -5.49574 322.103
-1.77799 -5.49552 322.1
-2.08644 -5.49565 322.132
-2.59526 -5.49433 322.377
-2.96851 -5.49145 322.638
-3.33992 -5.48499 323.043
-3.57972 -5.48113 323.42
-3.80135 -5.4738 323.841

0.116149 -5.46176 322.627
-0.350362 -5.46629 322.406
-0.786561 -5.46976 322.228
-1.08677 -5.47265 322.143
-1.60902 -5.4764 322.213
-2.0208 -5.47739 322.319
-2.45977 -5.47547 322.569
-2.77627 -5.4746 322.824
-3.0999 -5.47059 323.128

0.99179 -5.42824 323.109
0.602116 -5.43684 322.709
0.204863 -5.444 322.357
-0.0871019 -5.44965 322.155
-0.622779 -5.45848 322.048
-1.0731 -5.46333 322.001
-1.57962 -5.46595 322.094
-1.97283 -5.46808 322.229
-2.39845 -5.46739 322.415

1.86743 -5.39472 323.591
1.55459 -5.40739 323.012
1.19629 -5.41825 322.485
0.912565 -5.42666 322.167
0.363462 -5.44055 321.884
-0.125388 -5.44927 321.682
-0.699474 -5.45642 321.619
-1.16938 -5.46155 321.634
-1.697 -5.46418 321.703

2.74307 -5.3612 324.073
2.50707 -5.37793 323.316
2.18771 -5.39249 322.613
1.91223 -5.40366 322.178
1.3497 -5.42263 321.72
0.82232 -5.43521 321.363
0.180675 -5.4469 321.145
-0.365933 -5.45503 321.038
-0.995544 -5.46098 320.99

3.61871 -5.32768 324.555
3.45955 -5.34848 323.619
3.17914 -5.36673 322.741
2.9119 -5.38066 322.19
2.33594 -5.4047 321.555
1.77003 -5.42115 321.044
1.06082 -5.43738 320.67
0.437514 -5.4485 320.443
-0.294091 -5.45777 320.277

-3.43207 -4.59698 320.714
-4.19753 -4.58499 321.213
-4.78122 -4.57348 321.739
-5.10863 -4.56504 322.113
-5.56643 -4.54876 322.904
-5.81521 -4.53419 323.628
-5.97389 -4.51409 324.499
-5.97631 -4.50123 325.235
-5.88403 -4.48398 326.005

-2.55643 -4.56346 321.195
-3.24505 -4.55554 321.517
-3.78979 -4.54772 321.867
-4.10896 -4.54205 322.125
-4.58019 -4.53084 322.74
-4.86751 -4.52013 323.309
-5.09374 -4.50456 324.025
-5.17287 -4.49471 324.64
-5.18257 -4.48078 325.292

-1.68079 -4.52993 321.677
-2.29257 -4.52609 321.82
-2.79837 -4.52196 321.995
-3.10929 -4.51905 322.137
-3.59395 -4.51291 322.576
-3.9198 -4.50607 322.99
-4.21359 -4.49504 323.55
-4.36942 -4.48818 324.045
-4.48112 -4.47757 324.579

-0.805152 -4.49641 322.159
-1.34009 -4.49664 322.123
-1.80694 -4.4962 322.123
-2.10963 -4.49605 322.148
-2.60771 -4.49499 322.411
-2.97209 -4.49201 322.672
-3.33344 -4.48552 323.075
-3.56597 -4.48166 323.449
-3.77967 -4.47437 323.867

0.0704886 -4.46289 322.641
-0.387615 -4.46718 322.426
-0.815516 -4.47045 322.252
-1.10996 -4.47306 322.16
-1.62147 -4.47707 322.247
-2.02438 -4.47795 322.353
-2.45329 -4.476 322.601
-2.76252 -4.47513 322.854
-3.07822 -4.47116 323.154

0.946129 -4.42937 323.123
0.564863 -4.43773 322.729
0.175908 -4.44469 322.38
-0.110291 -4.45006 322.172
-0.635231 -4.45914 322.082
-1.07668 -4.46389 322.034
-1.57314 -4.46648 322.126
-1.95908 -4.46861 322.259
-2.37676 -4.46796 322.441

1.82177 -4.39585 323.604
1.51734 -4.40828 323.032
1.16733 -4.41893 322.508
0.889376 -4.42706 322.183
0.35101 -4.44122 321.918
-0.128969 -4.44983 321.715
-0.692994 -4.45696 321.652
-1.15563 -4.46208 321.663
-1.67531 -4.46475 321.728

2.69741 -4.36233 324.086
2.46982 -4.37883 323.336
2.15876 -4.39318 322.636
1.88904 -4.40407 322.195
1.33725 -4.42329 321.754
0.818739 -4.43577 321.396
0.187155 -4.44744 321.177
-0.352184 -4.45556 321.068
-0.973858 -4.46155 321.016

3.57305 -4.32881 324.568
3.4223 -4.34937 323.639
3.15018 -4.36742 322.764
2.88871 -4.38107 322.207
2.32349 -4.40537 321.589
1.76645 -4.42171 321.077
1.0673 -4.43792 320.702
0.451263 -4.44903 320.473
-0.272405 -4.45834 320.303

-3.47773 -3.59811 320.727
-4.23478 -3.58589 321.233
-4.81017 -3.57416 321.762
-5.13182 -3.56545 322.13
-5.57888 -3.54943 322.938
-5.81879 -3.53475 323.662
-5.96741 -3.51462 324.531
-5.96256 -3.50176 325.265
-5.86234 -3.48455 326.031

-2.60209 -3.56459 321.209
-3.2823 -3.55644 321.537
-3.81875 -3.54841 321.89
-4.13215 -3.54245 322.141
-4.59264 -3.5315 322.774
-4.87109 -3.52069 323.343
-5.08726 -3.5051 324.057
-5.15912 -3.49524 324.669
-5.16089 -3.48135 325.318

-1.72645 -3.53107 321.691
-2.32982 -3.52698 321.84
-2.82732 -3.52265 322.018
-3.13248 -3.51946 322.153
-3.6064 -3.51358 322.61
-3.92338 -3.50664 323.024
-4.20711 -3.49558 323.582
-4.35567 -3.48871 324.074
-4.45944 -3.47814 324.605

-0.850812 -3.49755 322.173
-1.37735 -3.49753 322.143
-1.8359 -3.49689 322.147
-2.13281 -3.49646 322.165
-2.62016 -3.49566 322.445
-2.97567 -3.49258 322.705
-3.32696 -3.48606 323.107
-3.55222 -3.48219 323.479
-3.75798 -3.47494 323.892

0.024828 -3.46403 322.654
-0.424868 -3.46808 322.446
-0.844471 -3.47114 322.275
-1.13315 -3.47346 322.177
-1.63392 -3.47773 322.281
-2.02796 -3.47852 322.386
-2.44681 -3.47654 322.633
-2.74878 -3.47566 322.883
-3.05653 -3.47173 323.18

0.900468 -3.43051 323.136
0.52761 -3.43863 322.749
0.146953 -3.44538 322.403
-0.13348 -3.45047 322.188
-0.647682 -3.45981 322.117
-1.08026 -3.46446 322.067
-1.56666 -3.46702 322.158
-1.94533 -3.46914 322.288
-2.35508 -3.46853 322.467

1.77611 -3.39699 323.618
1.48009 -3.40917 323.052
1.13838 -3.41962 322.531
0.866187 -3.42747 322.2
0.338558 -3.44188 321.952
-0.13255 -3.4504 321.749
-0.686515 -3.45749 321.684
-1.14188 -3.46261 321.693
-1.65363 -3.46532 321.754

2.65175 -3.36347 324.1
2.43257 -3.37972 323.356
2.1298 -3.39387 322.659
1.86585 -3.40447 322.212
1.3248 -3.42396 321.788
0.815158 -3.43634 321.43
0.193635 -3.44797 321.209
-0.338434 -3.45609 321.097
-0.952172 -3.46212 321.042

3.52739 -3.32995 324.582
3.38504 -3.35027 323.659
3.12123 -3.36811 322.787
2.86552 -3.38148 322.223
2.31104 -3.40603 321.624
1.76287 -3.42228 321.111
1.07378 -3.43845 320.734
0.465013 -3.44956 320.502
-0.25072 -3.45891 320.329

