4.02823 -3.69581 277.049
3.68313 -3.70381 277.223
2.96425 -3.72485 277.713
2.46404 -3.74692 278.207
2.06171 -3.77008 278.752
1.71218 -3.79768 279.377
1.53653 -3.81857 279.761
1.41764 -3.84696 280.34
1.41124 -3.87667 281.268
1.51029 -3.90355 281.983
1.71367 -3.92776 282.679
2.06156 -3.95262 283.361

4.59189 -3.71418 277.875
4.31961 -3.71977 277.994
3.74273 -3.73482 278.341
3.33413 -3.75136 278.699
2.99854 -3.76891 279.102
2.69731 -3.79009 279.549
2.53572 -3.80587 279.799
2.41314 -3.82845 280.247
2.37859 -3.85266 281.016
2.42475 -3.87435 281.579
2.55299 -3.89382 282.137
2.79405 -3.91421 282.681

5.15555 -3.73255 278.701
4.9561 -3.73574 278.765
4.5212 -3.74479 278.968
4.20422 -3.7558 279.192
3.93538 -3.76774 279.452
3.68244 -3.7825 279.72
3.53491 -3.79317 279.837
3.40865 -3.80994 280.154
3.34593 -3.82866 280.764
3.33922 -3.84515 281.176
3.3923 -3.85988 281.594
3.52655 -3.8758 282.002

5.71921 -3.75092 279.526
5.59259 -3.7517 279.536
5.29967 -3.75476 279.596
5.07431 -3.76024 279.685
4.87221 -3.76656 279.801
4.66756 -3.77491 279.892
4.53411 -3.78048 279.876
4.40415 -3.79143 280.061
4.31328 -3.80465 280.511
4.25369 -3.81596 280.772
4.23162 -3.82594 281.051
4.25904 -3.83739 281.322

6.28288 -3.7693 280.352
6.22908 -3.76767 280.308
6.07815 -3.76474 280.223
5.9444 -3.76468 280.178
5.80904 -3.76539 280.151
5.65269 -3.76732 280.064
5.5333 -3.76778 279.914
5.39965 -3.77292 279.968
5.28062 -3.78065 280.259
5.16815 -3.78676 280.368
5.07094 -3.792 280.509
4.99154 -3.79898 280.642

6.84654 -3.78767 281.178
6.86557 -3.78363 281.079
6.85662 -3.77471 280.851
6.81449 -3.76912 280.671
6.74587 -3.76422 280.501
6.63782 -3.75974 280.235
6.53249 -3.75508 279.952
6.39516 -3.75441 279.875
6.24797 -3.75664 280.007
6.08262 -3.75757 279.965
5.91026 -3.75806 279.966
5.72403 -3.76057 279.963

7.4102 -3.80604 282.004
7.50206 -3.7996 281.85
7.63509 -3.78468 281.479
7.68458 -3.77356 281.164
7.68271 -3.76305 280.851
7.62294 -3.75215 280.407
7.53168 -3.74238 279.99
7.39066 -3.73589 279.782
7.21531 -3.73264 279.754
6.99709 -3.72837 279.561
6.74957 -3.72412 279.424
6.45653 -3.72216 279.283

7.97386 -3.82441 282.83
8.13855 -3.81556 282.621
8.41357 -3.79465 282.106
8.55467 -3.778 281.657
8.61954 -3.76188 281.2
8.60807 -3.74456 280.579
8.53088 -3.72969 280.028
8.38617 -3.71738 279.689
8.18266 -3.70863 279.502
7.91155 -3.69918 279.158
7.58889 -3.69018 278.881
7.18902 -3.68375 278.603

8.53753 -3.84278 283.655
8.77504 -3.83153 283.392
9.19204 -3.80462 282.734
9.42476 -3.78244 282.15
9.55637 -3.76071 281.55
9.5932 -3.73697 280.75
9.53007 -3.71699 280.066
9.38167 -3.69887 279.597
9.15 -3.68462 279.25
8.82602 -3.66998 278.754
8.42821 -3.65623 278.339
7.92152 -3.64534 277.924

4.00068 -2.69703 277.09
3.65609 -2.7051 277.266
2.93894 -2.72629 277.76
2.44066 -2.74846 278.257
2.04063 -2.77171 278.805
1.6941 -2.79962 279.437
1.52124 -2.82103 279.83
1.40553 -2.84941 280.409
1.4023 -2.87855 281.329
1.50483 -2.90535 282.043
1.71162 -2.92952 282.738
2.06322 -2.95432 283.419

4.56434 -2.7154 277.916
4.29258 -2.72106 278.037
3.71741 -2.73626 278.388
3.31075 -2.7529 278.75
2.97747 -2.77054 279.155
2.67923 -2.79203 279.608
2.52044 -2.80833 279.868
2.40103 -2.8309 280.316
2.36965 -2.85455 281.077
2.4193 -2.87616 281.639
2.55094 -2.89558 282.196
2.79571 -2.91591 282.74

5.12801 -2.73378 278.742
4.92907 -2.73703 278.808
4.49588 -2.74623 279.015
4.18084 -2.75734 279.243
3.9143 -2.76937 279.505
3.66436 -2.78444 279.78
3.51963 -2.79563 279.906
3.39653 -2.81239 280.223
3.33699 -2.83054 280.824
3.33376 -2.84696 281.235
3.39026 -2.86164 281.653
3.5282 -2.8775 282.06

5.69167 -2.75215 279.567
5.56556 -2.75299 279.579
5.27436 -2.7562 279.643
5.05092 -2.76178 279.735
4.85113 -2.7682 279.854
4.64949 -2.77685 279.952
4.51882 -2.78294 279.944
4.39204 -2.79388 280.13
4.30434 -2.80654 280.572
4.24823 -2.81777 280.832
4.22957 -2.8277 281.111
4.2607 -2.83909 281.38

6.25533 -2.77052 280.393
6.20205 -2.76896 280.351
6.05283 -2.76617 280.271
5.92101 -2.76622 280.228
5.78796 -2.76703 280.204
5.63461 -2.76927 280.123
5.51801 -2.77024 279.982
5.38754 -2.77537 280.037
5.27168 -2.78253 280.32
5.1627 -2.78857 280.428
5.06889 -2.79376 280.568
4.99319 -2.80068 280.701

6.81899 -2.78889 281.219
6.83854 -2.78492 281.122
6.8313 -2.77614 280.898
6.7911 -2.77066 280.721
6.7248 -2.76586 280.554
6.61974 -2.76168 280.295
6.51721 -2.75754 280.02
6.38305 -2.75686 279.944
6.23903 -2.75852 280.067
6.07716 -2.75938 280.025
5.90821 -2.75982 280.026
5.72569 -2.76227 280.021

7.38266 -2.80726 282.045
7.47503 -2.80089 281.893
7.60978 -2.78611 281.526
7.66119 -2.7751 281.214
7.66163 -2.76469 280.904
7.60487 -2.75409 280.467
7.5164 -2.74484 280.058
7.37855 -2.73835 279.851
7.20637 -2.73452 279.815
6.99163 -2.73018 279.621
6.74753 -2.72588 279.483
6.45818 -2.72386 279.341

7.94632 -2.82563 282.871
8.11152 -2.81685 282.664
8.38825 -2.79609 282.153
8.53128 -2.77954 281.707
8.59846 -2.76352 281.254
8.58999 -2.7465 280.638
8.51559 -2.73215 280.096
8.37405 -2.71984 279.758
8.17372 -2.71051 279.563
7.9061 -2.70098 279.217
7.58684 -2.69194 278.94
7.19068 -2.68545 278.662

8.50998 -2.844 283.696
8.74801 -2.83282 283.435
9.16672 -2.80606 282.781
9.40137 -2.78398 282.2
9.53529 -2.76235 281.603
9.57512 -2.73891 280.81
9.51478 -2.71945 280.135
9.36956 -2.70133 279.666
9.14106 -2.68651 279.31
8.82056 -2.67179 278.814
8.42616 -2.65799 278.398
7.92317 -2.64704 277.982

3.97314 -1.69825 277.131
3.62906 -1.70639 277.309
2.91362 -1.72773 277.807
2.41727 -1.75 278.307
2.01956 -1.77334 278.858
1.67603 -1.80156 279.496
1.50596 -1.82349 279.898
1.39341 -1.85187 280.478
1.39336 -1.88044 281.39
1.49937 -1.90716 282.103
1.70957 -1.93128 282.798
2.06487 -1.95601 283.478

4.5368 -1.71663 277.957
4.26555 -1.72235 278.08
3.69209 -1.7377 278.435
3.28736 -1.75444 278.8
2.95639 -1.77217 279.208
2.66115 -1.79397 279.668
2.50515 -1.81079 279.936
2.38892 -1.83336 280.385
2.36071 -1.85643 281.137
2.41384 -1.87796 281.699
2.54889 -1.89734 282.255
2.79737 -1.9176 282.798

5.10046 -1.735 278.783
4.90204 -1.73832 278.851
4.47057 -1.74767 279.063
4.15745 -1.75888 279.293
3.89322 -1.771 279.558
3.64628 -1.78639 279.84
3.50434 -1.79809 279.974
3.38442 -1.81485 280.292
3.32805 -1.83242 280.885
3.32831 -1.84877 281.295
3.38821 -1.8634 281.713
3.52986 -1.87919 282.118

5.66412 -1.75337 279.608
5.53853 -1.75428 279.622
5.24904 -1.75764 279.69
5.02754 -1.76332 279.786
4.83005 -1.76983 279.908
4.63141 -1.7788 280.011
4.50353 -1.7854 280.012
4.37993 -1.79634 280.199
4.2954 -1.80842 280.633
4.24277 -1.81957 280.892
4.22753 -1.82946 281.17
4.26236 -1.84078 281.439

6.22779 -1.77174 280.434
6.17502 -1.77025 280.394
6.02751 -1.76761 280.318
5.89763 -1.76776 280.279
5.76689 -1.76866 280.257
5.61653 -1.77121 280.183
5.50273 -1.7727 280.051
5.37543 -1.77783 280.106
5.26274 -1.78441 280.38
5.15724 -1.79038 280.488
5.06684 -1.79552 280.627
4.99485 -1.80237 280.759

6.79145 -1.79011 281.26
6.81151 -1.78621 281.165
6.80599 -1.77758 280.945
6.76772 -1.7722 280.771
6.70372 -1.76749 280.607
6.60166 -1.76362 280.355
6.50192 -1.76 280.089
6.37093 -1.75932 280.013
6.23008 -1.76041 280.128
6.0717 -1.76118 280.085
5.90616 -1.76158 280.085
5.72735 -1.76396 280.079

7.35511 -1.80848 282.086
7.448 -1.80218 281.936
7.58446 -1.78755 281.573
7.63781 -1.77664 281.264
7.64055 -1.76632 280.957
7.58679 -1.75603 280.526
7.50111 -1.7473 280.127
7.36644 -1.74081 279.92
7.19743 -1.7364 279.876
6.98617 -1.73199 279.681
6.74548 -1.72764 279.542
6.45984 -1.72555 279.399

7.91877 -1.82685 282.912
8.08449 -1.81814 282.707
8.36293 -1.79752 282.201
8.5079 -1.78108 281.757
8.57738 -1.76515 281.307
8.57191 -1.74845 280.698
8.50031 -1.73461 280.165
8.36194 -1.72229 279.827
8.16477 -1.7124 279.623
7.90064 -1.70279 279.277
7.5848 -1.6937 279
7.19234 -1.68714 278.72

8.48244 -1.84522 283.737
8.72097 -1.83411 283.478
9.14141 -1.80749 282.828
9.37799 -1.78552 282.25
9.51422 -1.76398 281.656
9.55704 -1.74086 280.87
9.4995 -1.72191 280.203
9.35745 -1.70378 279.735
9.13212 -1.68839 279.371
8.8151 -1.6736 278.874
8.42411 -1.65976 278.457
7.92483 -1.64873 278.04

3.94559 -0.699476 277.172
3.60203 -0.707678 277.352
2.8883 -0.729169 277.855
2.39388 -0.75154 278.357
1.99848 -0.774978 278.911
1.65795 -0.803507 279.556
1.49067 -0.82595 279.966
1.3813 -0.854325 280.547
1.38442 -0.882319 281.45
1.49391 -0.908966 282.162
1.70753 -0.933044 282.857
2.06653 -0.957709 283.536

4.50925 -0.717847 277.998
4.23852 -0.723643 278.123
3.66678 -0.739139 278.482
3.26397 -0.75598 278.85
2.93531 -0.773808 279.261
2.64307 -0.795918 279.728
2.48986 -0.813253 280.005
2.37681 -0.835814 280.454
2.35176 -0.858313 281.198
2.40838 -0.879771 281.759
2.54684 -0.899103 282.314
2.79902 -0.919299 282.856

5.07292 -0.736218 278.824
4.87501 -0.739607 278.894
4.44525 -0.74911 279.11
4.13406 -0.76042 279.343
3.87214 -0.772637 279.611
3.6282 -0.78833 279.899
3.48906 -0.800555 280.043
3.37231 -0.817303 280.361
3.31911 -0.834307 280.946
3.32285 -0.850575 281.355
3.38616 -0.865162 281.772
3.53152 -0.880889 282.176

5.63658 -0.754589 279.649
5.5115 -0.755572 279.665
5.22372 -0.759081 279.738
5.00415 -0.76486 279.836
4.80898 -0.771466 279.961
4.61333 -0.780742 280.071
4.48825 -0.787858 280.081
4.36781 -0.798793 280.268
4.28645 -0.810301 280.693
4.23731 -0.82138 280.952
4.22548 -0.831221 281.229
4.26401 -0.84248 281.497

6.20024 -0.77296 280.475
6.14798 -0.771537 280.437
6.0022 -0.769051 280.365
5.87424 -0.7693 280.329
5.74581 -0.770296 280.31
5.59845 -0.773154 280.243
5.48744 -0.77516 280.119
5.36332 -0.780282 280.175
5.2538 -0.786296 280.441
5.15178 -0.792185 280.548
5.0648 -0.79728 280.687
4.99651 -0.80407 280.817

6.7639 -0.791331 281.301
6.78447 -0.787502 281.208
6.78067 -0.779022 280.993
6.74433 -0.77374 280.822
6.68264 -0.769125 280.66
6.58358 -0.765566 280.414
6.48663 -0.762462 280.157
6.35882 -0.761771 280.082
6.22114 -0.76229 280.189
6.06625 -0.762989 280.144
5.90411 -0.763339 280.144
5.729 -0.76566 280.137

7.32757 -0.809702 282.127
7.42096 -0.803467 281.979
7.55914 -0.788992 281.62
7.61442 -0.778179 281.315
7.61947 -0.767955 281.01
7.56871 -0.757978 280.586
7.48583 -0.749765 280.195
7.35433 -0.743261 279.989
7.18849 -0.738284 279.936
6.98071 -0.733794 279.741
6.74343 -0.729398 279.602
6.4615 -0.72725 279.458

7.89123 -0.828073 282.953
8.05745 -0.819432 282.75
8.33762 -0.798963 282.248
8.48451 -0.782619 281.807
8.55631 -0.766784 281.36
8.55383 -0.75039 280.758
8.48502 -0.737067 280.233
8.34983 -0.72475 279.896
8.15583 -0.714278 279.684
7.89518 -0.704598 279.337
7.58275 -0.695457 279.059
7.19399 -0.68884 278.778

8.45489 -0.846444 283.778
8.69394 -0.835397 283.521
9.11609 -0.808933 282.876
9.3546 -0.787059 282.3
9.49314 -0.765614 281.71
9.53896 -0.742802 280.929
9.48421 -0.72437 280.271
9.34533 -0.706239 279.804
9.12318 -0.690272 279.432
8.80965 -0.675403 278.934
8.42207 -0.661516 278.516
7.92649 -0.65043 278.098

3.91805 0.299303 277.213
3.57499 0.291032 277.395
2.86298 0.269392 277.902
2.3705 0.246921 278.408
1.9774 0.223388 278.964
1.63987 0.19455 279.616
1.47538 0.17159 280.035
1.36919 0.14322 280.616
1.37548 0.115798 281.511
1.48846 0.0892269 282.222
1.70548 0.0651954 282.916
2.06818 0.0405944 283.594

4.48171 0.280932 278.039
4.21148 0.275067 278.166
3.64146 0.259422 278.53
3.24059 0.242481 278.901
2.91423 0.224558 279.314
2.62499 0.202138 279.787
2.47458 0.184287 280.073
2.36469 0.16173 280.523
2.34282 0.139804 281.259
2.40292 0.118422 281.819
2.5448 0.0991364 282.374
2.80068 0.0790043 282.914

5.04537 0.262561 278.865
4.84797 0.259102 278.937
4.41993 0.249451 279.157
4.11068 0.238041 279.393
3.85106 0.225729 279.664
3.61012 0.209726 279.959
3.47377 0.196985 280.111
3.3602 0.180241 280.43
3.31017 0.16381 281.006
3.31739 0.147618 281.415
3.38411 0.133077 281.831
3.53317 0.117414 282.235

5.60903 0.24419 279.69
5.48446 0.243137 279.708
5.1984 0.239481 279.785
4.98076 0.233601 279.886
4.7879 0.2269 280.014
4.59525 0.217314 280.131
4.47296 0.209682 280.149
4.3557 0.198752 280.337
4.27751 0.187816 280.754
4.23186 0.176813 281.011
4.22343 0.167018 281.289
4.26567 0.155824 281.555

6.1727 0.225819 280.516
6.12095 0.227172 280.48
5.97688 0.22951 280.412
5.85085 0.229162 280.379
5.72473 0.22807 280.364
5.58037 0.224902 280.302
5.47215 0.22238 280.187
5.35121 0.217263 280.244
5.24486 0.211822 280.502
5.14632 0.206008 280.608
5.06275 0.200959 280.746
4.99816 0.194234 280.875

6.73636 0.207448 281.342
6.75744 0.211207 281.251
6.75535 0.21954 281.04
6.72094 0.224722 280.872
6.66156 0.229241 280.713
6.5655 0.232491 280.474
6.47135 0.235078 280.225
6.34671 0.235773 280.151
6.2122 0.235828 280.249
6.06079 0.235204 280.204
5.90207 0.2349 280.203
5.73066 0.232644 280.196

7.30002 0.189077 282.168
7.39393 0.195242 282.022
7.53382 0.209569 281.668
7.59103 0.220282 281.365
7.5984 0.230411 281.063
7.55063 0.240079 280.646
7.47054 0.247775 280.264
7.34221 0.254284 280.058
7.17955 0.259833 279.997
6.97526 0.264399 279.801
6.74138 0.268841 279.661
6.46315 0.271054 279.516

7.86368 0.170706 282.994
8.03042 0.179277 282.793
8.3123 0.199599 282.295
8.46112 0.215842 281.858
8.53523 0.231582 281.413
8.53575 0.247667 280.817
8.46973 0.260473 280.302
8.33772 0.272795 279.965
8.14689 0.283839 279.745
7.88972 0.293595 279.397
7.5807 0.302782 279.118
7.19565 0.309464 278.836

8.42735 0.152335 283.819
8.66691 0.163312 283.564
9.09077 0.189628 282.923
9.33121 0.211402 282.351
9.47206 0.232752 281.763
9.52088 0.255255 280.989
9.46892 0.27317 280.34
9.33322 0.291305 279.872
9.11424 0.307845 279.492
8.80419 0.32279 278.993
8.42002 0.336723 278.576
7.92814 0.347874 278.156

3.8905 1.29808 277.254
3.54796 1.28974 277.438
2.83767 1.26795 277.949
2.34711 1.24538 278.458
1.95632 1.22175 279.018
1.62179 1.19261 279.675
1.4601 1.16913 280.103
1.35708 1.14076 280.685
1.36654 1.11392 281.572
1.483 1.08742 282.282
1.70343 1.06343 282.976
2.06984 1.0389 283.652

4.45416 1.27971 278.08
4.18445 1.27378 278.209
3.61614 1.25798 278.577
3.2172 1.24094 278.951
2.89315 1.22292 279.367
2.60691 1.20019 279.847
2.45929 1.18183 280.141
2.35258 1.15928 280.592
2.33388 1.13792 281.319
2.39747 1.11662 281.878
2.54275 1.09738 282.433
2.80234 1.07731 282.972

5.01783 1.26134 278.906
4.82094 1.25781 278.98
4.39461 1.24801 279.204
4.08729 1.2365 279.444
3.82999 1.22409 279.717
3.59204 1.20778 280.019
3.45848 1.19452 280.18
3.34809 1.17779 280.499
3.30123 1.16193 281.067
3.31193 1.14581 281.475
3.38207 1.13132 281.89
3.53483 1.11572 282.293

5.58149 1.24297 279.731
5.45743 1.24185 279.751
5.17309 1.23804 279.832
4.95738 1.23206 279.937
4.76682 1.22527 280.067
4.57717 1.21537 280.19
4.45768 1.20722 280.218
4.34359 1.1963 280.406
4.26857 1.18593 280.815
4.2264 1.17501 281.071
4.22138 1.16526 281.348
4.26733 1.15413 281.613

6.14515 1.2246 280.557
6.09392 1.22588 280.523
5.95156 1.22807 280.46
5.82747 1.22762 280.429
5.70365 1.22644 280.417
5.56229 1.22296 280.362
5.45687 1.21992 280.256
5.33909 1.21481 280.313
5.23592 1.20994 280.562
5.14087 1.2042 280.668
5.0607 1.1992 280.805
4.99982 1.19254 280.933

6.70881 1.20623 281.383
6.73041 1.20992 281.294
6.73003 1.2181 281.087
6.69756 1.22318 280.922
6.64049 1.22761 280.766
6.54742 1.23055 280.534
6.45606 1.23262 280.294
6.3346 1.23332 280.22
6.20326 1.23394 280.31
6.05533 1.2334 280.264
5.90002 1.23314 280.263
5.73232 1.23095 280.254

7.27248 1.18786 282.209
7.3669 1.19395 282.065
7.50851 1.20813 281.715
7.56765 1.21874 281.415
7.57732 1.22878 281.116
7.53255 1.23814 280.705
7.45525 1.24531 280.332
7.3301 1.25183 280.127
7.17061 1.25795 280.058
6.9698 1.26259 279.86
6.73934 1.26708 279.72
6.46481 1.26936 279.574

7.83614 1.16948 283.035
8.00339 1.17799 282.836
8.28698 1.19816 282.342
8.43774 1.2143 281.908
8.51415 1.22995 281.466
8.51767 1.24572 280.877
8.45445 1.25801 280.37
8.32561 1.27034 280.034
8.13795 1.28196 279.805
7.88427 1.29179 279.457
7.57866 1.30102 279.178
7.1973 1.30777 278.894

8.3998 1.15111 283.86
8.63988 1.16202 283.607
9.06545 1.18819 282.97
9.30783 1.20986 282.401
9.45098 1.23112 281.816
9.5028 1.25331 281.049
9.45364 1.27071 280.408
9.32111 1.28885 279.941
9.10529 1.30596 279.553
8.79873 1.32098 279.053
8.41797 1.33496 278.635
7.9298 1.34618 278.215

3.86296 2.29686 277.295
3.52093 2.28845 277.481
2.81235 2.26652 277.997
2.32372 2.24384 278.508
1.93524 2.22012 279.071
1.60371 2.19066 279.735
1.44481 2.16667 280.172
1.34497 2.13831 280.754
1.3576 2.11203 281.632
1.47754 2.08561 282.342
1.70138 2.06167 283.035
2.0715 2.0372 283.71

4.42662 2.27849 278.121
4.15742 2.27249 278.252
3.59082 2.25654 278.624
3.19381 2.2394 279.001
2.87208 2.22129 279.421
2.58883 2.19825 279.907
2.444 2.17937 280.21
2.34047 2.15682 280.661
2.32494 2.13604 281.38
2.39201 2.11481 281.938
2.5407 2.09562 282.492
2.80399 2.07561 283.031

4.99028 2.26012 278.947
4.79391 2.25652 279.023
4.3693 2.24657 279.252
4.0639 2.23496 279.494
3.80891 2.22246 279.77
3.57396 2.20584 280.078
3.4432 2.19206 280.248
3.33597 2.17533 280.568
3.29229 2.16004 281.128
3.30648 2.144 281.535
3.38002 2.12956 281.95
3.53649 2.11402 282.351

5.55394 2.24175 279.772
5.4304 2.24056 279.794
5.14777 2.2366 279.879
4.93399 2.23052 279.987
4.74574 2.22363 280.12
4.55909 2.21343 280.25
4.44239 2.20476 280.286
4.33148 2.19384 280.475
4.25963 2.18405 280.875
4.22094 2.1732 281.131
4.21934 2.1635 281.407
4.26898 2.15243 281.671

6.11761 2.22338 280.598
6.06689 2.22459 280.566
5.92624 2.22663 280.507
5.80408 2.22608 280.48
5.68257 2.2248 280.47
5.54421 2.22102 280.422
5.44158 2.21746 280.324
5.32698 2.21235 280.382
5.22697 2.20806 280.623
5.13541 2.20239 280.727
5.05865 2.19744 280.865
5.00148 2.19084 280.992

6.68127 2.205 281.424
6.70338 2.20863 281.337
6.70472 2.21666 281.135
6.67417 2.22164 280.973
6.61941 2.22597 280.82
6.52934 2.2286 280.593
6.44077 2.23016 280.362
6.32249 2.23086 280.289
6.19432 2.23206 280.371
6.04987 2.23159 280.324
5.89797 2.23138 280.322
5.73397 2.22925 280.312

7.24493 2.18663 282.25
7.33987 2.19266 282.108
7.48319 2.20669 281.762
7.54426 2.2172 281.465
7.55624 2.22714 281.169
7.51447 2.23619 280.765
7.43997 2.24286 280.4
7.31799 2.24937 280.196
7.16166 2.25607 280.118
6.96434 2.26079 279.92
6.73729 2.26532 279.779
6.46647 2.26766 279.632

7.80859 2.16826 283.076
7.97636 2.1767 282.879
8.26166 2.19672 282.39
8.41435 2.21276 281.958
8.49307 2.22831 281.519
8.49959 2.24378 280.937
8.43916 2.25555 280.439
8.31349 2.26788 280.103
8.12901 2.28007 279.866
7.87881 2.28998 279.517
7.57661 2.29926 279.237
7.19896 2.30607 278.953

8.37226 2.14989 283.901
8.61284 2.16073 283.65
9.04014 2.18675 283.017
9.28444 2.20832 282.451
9.42991 2.22948 281.869
9.48472 2.25137 281.108
9.43835 2.26825 280.477
9.309 2.28639 280.01
9.09635 2.30408 279.614
8.79327 2.31918 279.113
8.41593 2.3332 278.694
7.93146 2.34448 278.273

3.83541 3.29564 277.336
3.4939 3.28716 277.524
2.78703 3.26508 278.044
2.30034 3.24231 278.559
1.91417 3.21849 279.124
1.58563 3.18872 279.795
1.42952 3.16421 280.24
1.33285 3.13585 280.823
1.34865 3.11015 281.693
1.47208 3.08381 282.402
1.69934 3.05991 283.094
2.07315 3.03551 283.769

4.39907 3.27727 278.162
4.13039 3.2712 278.295
3.56551 3.25511 278.671
3.17043 3.23787 279.051
2.851 3.21966 279.474
2.57075 3.19631 279.966
2.42872 3.17691 280.278
2.32836 3.15436 280.73
2.316 3.13416 281.441
2.38655 3.113 281.998
2.53865 3.09385 282.552
2.80565 3.07392 283.089

4.96274 3.2589 278.988
4.76688 3.25523 279.066
4.34398 3.24514 279.299
4.04052 3.23343 279.544
3.78783 3.22083 279.823
3.55588 3.2039 280.138
3.42791 3.1896 280.316
3.32386 3.17287 280.637
3.28334 3.15816 281.188
3.30102 3.1422 281.595
3.37797 3.1278 282.009
3.53814 3.11232 282.409

5.5264 3.24053 279.813
5.40337 3.23927 279.837
5.12245 3.23516 279.927
4.91061 3.22899 280.037
4.72466 3.222 280.173
4.54101 3.21148 280.31
4.4271 3.2023 280.354
4.31937 3.19139 280.544
4.25069 3.18217 280.936
4.21548 3.17139 281.191
4.21729 3.16174 281.466
4.27064 3.15073 281.729

6.09006 3.22215 280.639
6.03985 3.2233 280.609
5.90093 3.22519 280.554
5.78069 3.22455 280.53
5.6615 3.22317 280.523
5.52613 3.21907 280.481
5.42629 3.215 280.393
5.31487 3.2099 280.451
5.21803 3.20617 280.684
5.12995 3.20059 280.787
5.05661 3.19568 280.924
5.00313 3.18914 281.05

6.65372 3.20378 281.465
6.67634 3.20734 281.38
6.6794 3.21522 281.182
6.65078 3.22011 281.023
6.59833 3.22434 280.873
6.51126 3.22666 280.653
6.42549 3.2277 280.431
6.31037 3.22841 280.358
6.18538 3.23018 280.431
6.04442 3.22978 280.384
5.89593 3.22962 280.381
5.73563 3.22755 280.37

7.21739 3.18541 282.291
7.31283 3.19137 282.151
7.45787 3.20525 281.809
7.52087 3.21567 281.516
7.53516 3.22551 281.222
7.49639 3.23425 280.825
7.42468 3.24039 280.469
7.30588 3.24692 280.265
7.15272 3.25418 280.179
6.95888 3.25898 279.98
6.73524 3.26356 279.839
6.46812 3.26596 279.69

7.78105 3.16704 283.117
7.94932 3.17541 282.922
8.23635 3.19528 282.437
8.39096 3.21123 282.009
8.472 3.22668 281.572
8.48151 3.24184 280.996
8.42387 3.25309 280.507
8.30138 3.26543 280.172
8.12007 3.27819 279.927
7.87335 3.28817 279.576
7.57456 3.2975 279.296
7.20062 3.30437 279.011

8.34471 3.14867 283.942
8.58581 3.15944 283.693
9.01482 3.18531 283.065
9.26105 3.20679 282.501
9.40883 3.22785 281.922
9.46664 3.24942 281.168
9.42307 3.26579 280.545
9.29689 3.28394 280.079
9.08741 3.3022 279.674
8.78782 3.31737 279.173
8.41388 3.33144 278.754
7.93311 3.34278 278.331

3.80787 4.29442 277.377
3.46686 4.28587 277.567
2.76172 4.26364 278.091
2.27695 4.24077 278.609
1.89309 4.21685 279.177
1.56755 4.18678 279.854
1.41424 4.16175 280.309
1.32074 4.1334 280.892
1.33971 4.10827 281.754
1.46663 4.082 282.462
1.69729 4.05815 283.153
2.07481 4.03381 283.827

4.37153 4.27605 278.203
4.10335 4.26991 278.338
3.54019 4.25367 278.719
3.14704 4.23633 279.102
2.82992 4.21802 279.527
2.55268 4.19436 280.026
2.41343 4.17445 280.347
2.31625 4.15191 280.799
2.30706 4.13227 281.501
2.38109 4.11119 282.058
2.53661 4.09209 282.611
2.8073 4.07222 283.147

4.93519 4.25767 279.029
4.73984 4.25394 279.109
4.31866 4.2437 279.346
4.01713 4.23189 279.595
3.76675 4.21919 279.876
3.5378 4.20195 280.198
3.41262 4.18714 280.385
3.31175 4.17042 280.706
3.2744 4.15628 281.249
3.29556 4.14039 281.654
3.37592 4.12604 282.068
3.5398 4.11063 282.467

5.49885 4.2393 279.854
5.37633 4.23798 279.88
5.09714 4.23373 279.974
4.88722 4.22745 280.087
4.70359 4.22036 280.226
4.52293 4.20954 280.369
4.41182 4.19984 280.423
4.30725 4.18893 280.613
4.24175 4.18028 280.997
4.21003 4.16959 281.251
4.21524 4.15998 281.526
4.27229 4.14904 281.788

6.06252 4.22093 280.68
6.01282 4.22201 280.651
5.87561 4.22376 280.601
5.75731 4.22301 280.58
5.64042 4.22153 280.576
5.50806 4.21713 280.541
5.41101 4.21254 280.461
5.30276 4.20744 280.52
5.20909 4.20429 280.744
5.12449 4.19878 280.847
5.05456 4.19392 280.983
5.00479 4.18745 281.108

6.62618 4.20256 281.506
6.64931 4.20605 281.423
6.65408 4.21379 281.229
6.6274 4.21857 281.073
6.57725 4.2227 280.926
6.49318 4.22472 280.713
6.4102 4.22524 280.499
6.29826 4.22595 280.427
6.17644 4.2283 280.492
6.03896 4.22798 280.444
5.89388 4.22786 280.441
5.73728 4.22586 280.428

7.18984 4.18419 282.332
7.2858 4.19008 282.194
7.43256 4.20381 281.857
7.49749 4.21413 281.566
7.51408 4.22388 281.276
7.47831 4.2323 280.884
7.40939 4.23794 280.537
7.29377 4.24446 280.334
7.14378 4.2523 280.24
6.95343 4.25717 280.04
6.7332 4.2618 279.898
6.46978 4.26427 279.749

7.7535 4.16582 283.158
7.92229 4.17412 282.965
8.21103 4.19384 282.484
8.36758 4.20969 282.059
8.45092 4.22505 281.625
8.46344 4.23989 281.056
8.40859 4.25063 280.575
8.28927 4.26297 280.241
8.11113 4.27631 279.987
7.86789 4.28637 279.636
7.57251 4.29574 279.355
7.20227 4.30268 279.069

8.31717 4.14745 283.983
8.55878 4.15815 283.736
8.9895 4.18387 283.112
9.23767 4.20525 282.552
9.38775 4.22622 281.975
9.44856 4.24748 281.228
9.40778 4.26333 280.613
9.28477 4.28148 280.148
9.07847 4.30031 279.735
8.78236 4.31556 279.233
8.41183 4.32968 278.813
7.93477 4.34109 278.389

