9.31228 -2.30839 262.313
8.88861 -2.31994 262.831
8.61952 -2.32889 263.242
8.29301 -2.34781 263.934
8.148 -2.36167 264.43
8.04205 -2.37801 265.158
8.03676 -2.40022 265.855
8.15899 -2.41998 266.622
8.32296 -2.43399 267.154
8.59018 -2.45065 267.748
9.04786 -2.47032 268.45
9.42893 -2.48277 268.854

10.072 -2.30131 262.963
9.73612 -2.30936 263.362
9.52102 -2.3154 263.675
9.25529 -2.32947 264.206
9.13457 -2.34027 264.592
9.04168 -2.35276 265.167
9.0233 -2.36993 265.694
9.10727 -2.38563 266.307
9.22566 -2.39696 266.725
9.42326 -2.41053 267.196
9.76652 -2.42678 267.756
10.0549 -2.43717 268.075

10.8317 -2.29424 263.613
10.5836 -2.29878 263.893
10.4225 -2.30191 264.107
10.2176 -2.31113 264.477
10.1211 -2.31886 264.754
10.0413 -2.3275 265.177
10.0098 -2.33965 265.533
10.0556 -2.35129 265.991
10.1284 -2.35993 266.296
10.2563 -2.37042 266.644
10.4852 -2.38324 267.062
10.6808 -2.39156 267.297

11.5915 -2.28716 264.264
11.4311 -2.2882 264.423
11.324 -2.28842 264.54
11.1799 -2.2928 264.749
11.1077 -2.29746 264.916
11.041 -2.30225 265.187
10.9964 -2.30937 265.373
11.0038 -2.31694 265.676
11.0311 -2.3229 265.868
11.0894 -2.33031 266.092
11.2038 -2.3397 266.368
11.3068 -2.34595 266.518

12.3512 -2.28008 264.914
12.2786 -2.27761 264.954
12.2255 -2.27492 264.972
12.1421 -2.27446 265.02
12.0943 -2.27605 265.078
12.0406 -2.277 265.197
11.9829 -2.27909 265.212
11.9521 -2.28259 265.36
11.9338 -2.28587 265.439
11.9225 -2.2902 265.541
11.9225 -2.29616 265.674
11.9327 -2.30035 265.74

13.1109 -2.273 265.564
13.1262 -2.26703 265.485
13.127 -2.26143 265.405
13.1044 -2.25612 265.291
13.0808 -2.25465 265.24
13.0402 -2.25174 265.206
12.9694 -2.2488 265.051
12.9004 -2.24824 265.045
12.8365 -2.24884 265.01
12.7556 -2.25008 264.989
12.6411 -2.25261 264.98
12.5587 -2.25474 264.961

13.8707 -2.26593 266.214
13.9737 -2.25645 266.015
14.0285 -2.24794 265.837
14.0667 -2.23779 265.563
14.0674 -2.23324 265.402
14.0399 -2.22649 265.216
13.956 -2.21852 264.891
13.8487 -2.2139 264.729
13.7392 -2.21181 264.582
13.5887 -2.20997 264.437
13.3598 -2.20907 264.286
13.1846 -2.20913 264.183

14.6304 -2.25885 266.864
14.8212 -2.24587 266.546
14.93 -2.23445 266.27
15.029 -2.21945 265.834
15.054 -2.21184 265.564
15.0395 -2.20124 265.226
14.9425 -2.18824 264.73
14.797 -2.17955 264.414
14.6419 -2.17478 264.153
14.4217 -2.16986 263.886
14.0784 -2.16553 263.592
13.8106 -2.16353 263.404

15.3901 -2.25177 267.515
15.6687 -2.23529 267.077
15.8315 -2.22096 266.703
15.9913 -2.20111 266.106
16.0405 -2.19043 265.725
16.0391 -2.17598 265.235
15.9291 -2.15795 264.569
15.7453 -2.1452 264.098
15.5446 -2.13775 263.724
15.2548 -2.12975 263.334
14.7971 -2.12199 262.898
14.4365 -2.11792 262.625

9.29854 -1.3085 262.318
8.87196 -1.3201 262.838
8.60083 -1.32909 263.25
8.27114 -1.3481 263.944
8.12444 -1.36201 264.441
8.01667 -1.37841 265.17
8.01018 -1.40089 265.88
8.13178 -1.42072 266.649
8.29573 -1.43478 267.183
8.56342 -1.45153 267.78
9.02235 -1.47131 268.486
9.40474 -1.48383 268.893

10.0583 -1.30142 262.968
9.71947 -1.30952 263.368
9.50232 -1.3156 263.682
9.23343 -1.32976 264.216
9.11101 -1.34061 264.603
9.01631 -1.35316 265.18
8.99672 -1.3706 265.719
9.08006 -1.38637 266.334
9.19843 -1.39775 266.754
9.3965 -1.41141 267.228
9.74101 -1.42776 267.792
10.0307 -1.43822 268.114

10.818 -1.29434 263.619
10.567 -1.29894 263.899
10.4038 -1.30211 264.115
10.1957 -1.31142 264.487
10.0976 -1.3192 264.765
10.0159 -1.32791 265.19
9.98326 -1.34032 265.559
10.0284 -1.35202 266.018
10.1011 -1.36072 266.325
10.2296 -1.3713 266.676
10.4597 -1.38422 267.098
10.6566 -1.39262 267.336

11.5777 -1.28727 264.269
11.4145 -1.28836 264.43
11.3053 -1.28862 264.547
11.158 -1.29309 264.759
11.0841 -1.2978 264.927
11.0156 -1.30265 265.199
10.9698 -1.31004 265.398
10.9766 -1.31767 265.703
11.0038 -1.32369 265.897
11.0627 -1.33119 266.125
11.1783 -1.34068 266.404
11.2826 -1.34701 266.557

12.3375 -1.28019 264.919
12.262 -1.27778 264.961
12.2068 -1.27513 264.98
12.1203 -1.27475 265.03
12.0707 -1.27639 265.089
12.0152 -1.2774 265.209
11.9563 -1.27976 265.237
11.9249 -1.28333 265.387
11.9066 -1.28666 265.468
11.8957 -1.29107 265.573
11.897 -1.29714 265.71
11.9085 -1.3014 265.779

13.0972 -1.27311 265.569
13.1095 -1.26719 265.491
13.1083 -1.26164 265.413
13.0826 -1.25641 265.301
13.0573 -1.25499 265.251
13.0148 -1.25215 265.219
12.9429 -1.24947 265.076
12.8732 -1.24898 265.072
12.8093 -1.24963 265.039
12.7288 -1.25096 265.021
12.6156 -1.2536 265.016
12.5345 -1.2558 265

13.8569 -1.26604 266.219
13.957 -1.25661 266.022
14.0098 -1.24815 265.845
14.0448 -1.23807 265.573
14.0438 -1.23358 265.413
14.0145 -1.22689 265.229
13.9294 -1.21919 264.916
13.8215 -1.21463 264.756
13.712 -1.2126 264.611
13.5619 -1.21085 264.47
13.3343 -1.21006 264.322
13.1604 -1.21019 264.222

14.6167 -1.25896 266.87
14.8045 -1.24603 266.553
14.9113 -1.23466 266.278
15.0071 -1.21974 265.844
15.0304 -1.21218 265.575
15.0141 -1.20164 265.238
14.9159 -1.18891 264.755
14.7698 -1.18028 264.44
14.6147 -1.17557 264.182
14.395 -1.17074 263.918
14.0529 -1.16651 263.628
13.7864 -1.16458 263.443

15.3764 -1.25188 267.52
15.652 -1.23545 267.083
15.8128 -1.22117 266.71
15.9694 -1.2014 266.116
16.017 -1.19077 265.737
16.0137 -1.17639 265.248
15.9025 -1.15862 264.594
15.7181 -1.14594 264.125
15.5174 -1.13854 263.753
15.2281 -1.13062 263.366
14.7716 -1.12297 262.934
14.4123 -1.11898 262.665

9.28481 -0.308607 262.323
8.85531 -0.320261 262.844
8.58213 -0.329297 263.258
8.24928 -0.348385 263.954
8.10088 -0.362355 264.453
7.9913 -0.378813 265.183
7.9836 -0.401556 265.905
8.10457 -0.421453 266.676
8.2685 -0.435575 267.212
8.53665 -0.452403 267.812
8.99684 -0.472289 268.523
9.38055 -0.484885 268.932

10.0445 -0.30153 262.974
9.70282 -0.30968 263.375
9.48362 -0.315806 263.69
9.21157 -0.330048 264.226
9.08745 -0.34095 264.615
8.99094 -0.35356 265.193
8.97014 -0.371274 265.744
9.05286 -0.387105 266.361
9.17121 -0.398545 266.783
9.36973 -0.412291 267.26
9.7155 -0.428747 267.829
10.0065 -0.439279 268.153

10.8043 -0.294452 263.624
10.5503 -0.299098 263.906
10.3851 -0.302316 264.123
10.1738 -0.311711 264.497
10.074 -0.319545 264.776
9.99057 -0.328307 265.202
9.95668 -0.340991 265.584
10.0011 -0.352757 266.045
10.0739 -0.361515 266.354
10.2028 -0.372178 266.709
10.4342 -0.385206 267.135
10.6325 -0.393672 267.375

11.564 -0.287375 264.274
11.3978 -0.288517 264.436
11.2866 -0.288826 264.555
11.1361 -0.293374 264.768
11.0606 -0.29814 264.938
10.9902 -0.303053 265.212
10.9432 -0.310708 265.423
10.9494 -0.31841 265.73
10.9766 -0.324484 265.926
11.0359 -0.332065 266.157
11.1528 -0.341664 266.441
11.2584 -0.348066 266.596

12.3237 -0.280298 264.924
12.2453 -0.277936 264.967
12.1881 -0.275335 264.988
12.0984 -0.275037 265.04
12.0471 -0.276735 265.1
11.9898 -0.2778 265.222
11.9297 -0.280425 265.262
11.8977 -0.284062 265.414
11.8793 -0.287454 265.497
11.869 -0.291953 265.605
11.8715 -0.298123 265.747
11.8844 -0.30246 265.818

13.0835 -0.27322 265.574
13.0929 -0.267354 265.498
13.0896 -0.261845 265.42
13.0607 -0.2567 265.311
13.0337 -0.255331 265.262
12.9895 -0.252547 265.231
12.9163 -0.250143 265.102
12.846 -0.249714 265.099
12.782 -0.250423 265.068
12.7021 -0.25184 265.054
12.5901 -0.254581 265.053
12.5103 -0.256853 265.039

13.8432 -0.266143 266.225
13.9404 -0.256773 266.029
13.9911 -0.248355 265.853
14.023 -0.238363 265.583
14.0203 -0.233926 265.424
13.9891 -0.227293 265.241
13.9028 -0.21986 264.941
13.7943 -0.215367 264.783
13.6847 -0.213393 264.64
13.5351 -0.211727 264.502
13.3088 -0.21104 264.359
13.1363 -0.211247 264.261

14.6029 -0.259065 266.875
14.7879 -0.246192 266.559
14.8926 -0.234864 266.286
14.9853 -0.220026 265.854
15.0068 -0.212521 265.586
14.9887 -0.20204 265.251
14.8894 -0.189577 264.78
14.7426 -0.181019 264.467
14.5874 -0.176362 264.211
14.3682 -0.171614 263.95
14.0274 -0.167498 263.665
13.7622 -0.165641 263.482

15.3627 -0.251988 267.525
15.6354 -0.235611 267.09
15.7941 -0.221374 266.718
15.9475 -0.201689 266.126
15.9934 -0.191116 265.748
15.9884 -0.176787 265.261
15.8759 -0.159294 264.619
15.6909 -0.146671 264.152
15.4902 -0.139332 263.782
15.2013 -0.131502 263.398
14.7461 -0.123957 262.971
14.3882 -0.120034 262.704

9.27107 0.691285 262.329
8.83866 0.679578 262.851
8.56343 0.670498 263.265
8.22742 0.651326 263.964
8.07733 0.637303 264.464
7.96593 0.620786 265.195
7.95702 0.597774 265.93
8.07736 0.577812 266.703
8.24127 0.563634 267.241
8.50989 0.546719 267.844
8.97133 0.526728 268.559
9.35637 0.514059 268.971

10.0308 0.698363 262.979
9.68617 0.690159 263.382
9.46492 0.683988 263.698
9.1897 0.669663 264.236
9.06389 0.658708 264.626
8.96556 0.646039 265.205
8.94356 0.628057 265.77
9.02565 0.61216 266.388
9.14398 0.600664 266.812
9.34297 0.586831 267.293
9.68998 0.570269 267.865
9.98232 0.559665 268.192

10.7905 0.70544 263.629
10.5337 0.700741 263.912
10.3664 0.697479 264.13
10.152 0.688 264.507
10.0505 0.680112 264.788
9.96519 0.671292 265.215
9.9301 0.65834 265.609
9.97394 0.646508 266.072
10.0467 0.637694 266.383
10.1761 0.626944 266.741
10.4086 0.613811 267.171
10.6083 0.605271 267.414

11.5503 0.712517 264.279
11.3812 0.711322 264.443
11.2679 0.710969 264.563
11.1143 0.706337 264.778
11.037 0.701517 264.95
10.9648 0.696546 265.225
10.9166 0.688622 265.448
10.9222 0.680855 265.757
10.9494 0.674725 265.955
11.0091 0.667057 266.189
11.1273 0.657352 266.477
11.2342 0.650878 266.635

12.31 0.719595 264.929
12.2287 0.721903 264.974
12.1694 0.724459 264.996
12.0765 0.724674 265.05
12.0236 0.722922 265.112
11.9645 0.721799 265.234
11.9032 0.718905 265.287
11.8705 0.715203 265.441
11.8521 0.711755 265.526
11.8422 0.70717 265.637
11.846 0.700894 265.783
11.8602 0.696484 265.857

13.0697 0.726672 265.58
13.0762 0.732485 265.504
13.0709 0.73795 265.428
13.0388 0.743011 265.321
13.0102 0.744327 265.274
12.9641 0.747052 265.244
12.8897 0.749188 265.127
12.8188 0.749551 265.126
12.7548 0.748786 265.097
12.6753 0.747282 265.086
12.5646 0.744435 265.089
12.4861 0.74209 265.078

13.8295 0.733749 266.23
13.9237 0.743066 266.035
13.9724 0.75144 265.861
14.0011 0.761348 265.593
13.9967 0.765732 265.436
13.9637 0.772306 265.254
13.8762 0.779471 264.966
13.7671 0.783898 264.81
13.6575 0.785816 264.669
13.5084 0.787395 264.534
13.2833 0.787977 264.395
13.1121 0.787697 264.3

14.5892 0.740827 266.88
14.7712 0.753647 266.566
14.8739 0.76493 266.293
14.9634 0.779685 265.864
14.9833 0.787137 265.598
14.9634 0.797559 265.263
14.8628 0.809753 264.805
14.7154 0.818246 264.495
14.5602 0.822847 264.24
14.3415 0.827508 263.982
14.0019 0.831519 263.701
13.738 0.833303 263.521

15.3489 0.747904 267.53
15.6187 0.764229 267.097
15.7754 0.778421 266.726
15.9257 0.798022 266.136
15.9698 0.808541 265.76
15.963 0.822812 265.273
15.8493 0.840036 264.645
15.6637 0.852594 264.179
15.4629 0.859877 263.811
15.1745 0.86762 263.431
14.7206 0.87506 263.007
14.364 0.878909 262.743

9.25733 1.69118 262.334
8.82201 1.67942 262.858
8.54473 1.67029 263.273
8.20556 1.65104 263.974
8.05377 1.63696 264.475
7.94055 1.62038 265.208
7.93045 1.5971 265.955
8.05015 1.57708 266.73
8.21405 1.56284 267.27
8.48313 1.54584 267.876
8.94582 1.52574 268.595
9.33218 1.513 269.01

10.0171 1.69825 262.984
9.66951 1.69 263.388
9.44622 1.68378 263.706
9.16784 1.66937 264.246
9.04033 1.65837 264.637
8.94019 1.64564 265.218
8.91698 1.62739 265.795
8.99844 1.61142 266.415
9.11675 1.59987 266.841
9.31621 1.58595 267.325
9.66447 1.56929 267.901
9.95813 1.55861 268.231

10.7768 1.70533 263.634
10.517 1.70058 263.919
10.3477 1.69727 264.138
10.1301 1.68771 264.517
10.0269 1.67977 264.799
9.93982 1.67089 265.227
9.90352 1.65767 265.634
9.94673 1.64577 266.099
10.0195 1.6369 266.412
10.1493 1.62607 266.773
10.3831 1.61283 267.207
10.5841 1.60421 267.453

11.5365 1.71241 264.284
11.3645 1.71116 264.45
11.2492 1.71076 264.571
11.0924 1.70605 264.788
11.0135 1.70117 264.961
10.9395 1.69614 265.237
10.8901 1.68795 265.473
10.895 1.68012 265.784
10.9222 1.67393 265.984
10.9824 1.66618 266.221
11.1018 1.65637 266.513
11.21 1.64982 266.674

12.2963 1.71949 264.935
12.212 1.72174 264.98
12.1507 1.72425 265.003
12.0547 1.72439 265.06
12 1.72258 265.123
11.9391 1.7214 265.247
11.8766 1.71824 265.313
11.8433 1.71447 265.468
11.8249 1.71096 265.555
11.8154 1.70629 265.67
11.8204 1.69991 265.819
11.836 1.69543 265.896

13.056 1.72656 265.585
13.0596 1.73232 265.511
13.0522 1.73774 265.436
13.017 1.74272 265.331
12.9866 1.74398 265.285
12.9387 1.74665 265.257
12.8631 1.74852 265.152
12.7916 1.74882 265.153
12.7276 1.74799 265.126
12.6485 1.7464 265.118
12.5391 1.74345 265.125
12.4619 1.74103 265.117

13.8157 1.73364 266.235
13.9071 1.74291 266.042
13.9537 1.75123 265.869
13.9793 1.76106 265.603
13.9732 1.76539 265.447
13.9384 1.7719 265.266
13.8497 1.7788 264.991
13.7399 1.78316 264.837
13.6303 1.78503 264.698
13.4816 1.78652 264.566
13.2577 1.78699 264.431
13.0879 1.78664 264.339

14.5755 1.74072 266.885
14.7546 1.75349 266.573
14.8552 1.76473 266.301
14.9415 1.7794 265.874
14.9597 1.78679 265.609
14.938 1.79716 265.276
14.8362 1.80908 264.83
14.6882 1.81751 264.522
14.533 1.82206 264.269
14.3147 1.82663 264.015
13.9764 1.83054 263.737
13.7138 1.83225 263.56

15.3352 1.7478 267.535
15.6021 1.76407 267.103
15.7567 1.77822 266.734
15.9038 1.79773 266.146
15.9463 1.8082 265.771
15.9376 1.82241 265.286
15.8227 1.83937 264.67
15.6365 1.85186 264.206
15.4357 1.85909 263.84
15.1478 1.86674 263.463
14.6951 1.87408 263.043
14.3398 1.87785 262.782

9.24359 2.69107 262.339
8.80535 2.67926 262.864
8.52603 2.67009 263.281
8.18369 2.65075 263.984
8.03021 2.63662 264.487
7.91518 2.61998 265.221
7.90387 2.59643 265.981
8.02295 2.57634 266.757
8.18682 2.56205 267.299
8.45636 2.54496 267.909
8.92031 2.52476 268.631
9.30799 2.51195 269.049

10.0033 2.69815 262.989
9.65286 2.68984 263.395
9.42752 2.68358 263.713
9.14598 2.66909 264.256
9.01677 2.65802 264.649
8.91481 2.64524 265.23
8.8904 2.62672 265.82
8.97123 2.61069 266.442
9.08953 2.59908 266.87
9.28944 2.58508 267.357
9.63896 2.5683 267.937
9.93394 2.55755 268.271

10.7631 2.70522 263.639
10.5004 2.70042 263.926
10.329 2.69707 264.146
10.1083 2.68742 264.527
10.0033 2.67943 264.811
9.91444 2.67049 265.24
9.87694 2.657 265.659
9.91952 2.64504 266.126
9.99223 2.63611 266.441
10.1225 2.62519 266.805
10.3576 2.61184 267.243
10.5599 2.60316 267.492

11.5228 2.7123 264.289
11.3479 2.711 264.456
11.2305 2.71056 264.579
11.0705 2.70576 264.798
10.9899 2.70083 264.973
10.9141 2.69574 265.25
10.8635 2.68728 265.498
10.8678 2.67939 265.811
10.8949 2.67314 266.013
10.9556 2.6653 266.254
11.0763 2.65539 266.549
11.1858 2.64876 266.713

12.2825 2.71938 264.94
12.1954 2.72158 264.987
12.132 2.72405 265.011
12.0328 2.7241 265.07
11.9765 2.72224 265.135
11.9137 2.721 265.259
11.85 2.71757 265.338
11.8161 2.71373 265.495
11.7976 2.71017 265.584
11.7887 2.70541 265.702
11.7949 2.69893 265.855
11.8118 2.69437 265.935

13.0422 2.72646 265.59
13.0429 2.73216 265.518
13.0335 2.73754 265.444
12.9951 2.74243 265.341
12.963 2.74364 265.297
12.9133 2.74625 265.269
12.8365 2.74785 265.177
12.7644 2.74808 265.18
12.7004 2.7472 265.155
12.6218 2.74553 265.15
12.5136 2.74247 265.161
12.4377 2.73998 265.156

13.802 2.73353 266.24
13.8904 2.74274 266.048
13.935 2.75103 265.876
13.9574 2.76077 265.613
13.9496 2.76505 265.458
13.913 2.7715 265.279
13.8231 2.77813 265.016
13.7127 2.78243 264.864
13.6031 2.78423 264.727
13.4548 2.78564 264.599
13.2322 2.78601 264.467
13.0637 2.78558 264.378

14.5617 2.74061 266.89
14.7379 2.75333 266.579
14.8365 2.76452 266.309
14.9197 2.77911 265.884
14.9362 2.78645 265.62
14.9126 2.79676 265.289
14.8096 2.80841 264.856
14.661 2.81678 264.549
14.5058 2.82126 264.298
14.2879 2.82575 264.047
13.9509 2.82955 263.773
13.6896 2.83119 263.599

15.3214 2.74769 267.54
15.5854 2.76391 267.11
15.738 2.77801 266.742
15.882 2.79744 266.156
15.9227 2.80786 265.782
15.9122 2.82201 265.298
15.7962 2.8387 264.695
15.6092 2.85112 264.233
15.4085 2.8583 263.869
15.121 2.86586 263.495
14.6695 2.87309 263.079
14.3156 2.8768 262.821

9.22985 3.69096 262.344
8.7887 3.6791 262.871
8.50733 3.66988 263.289
8.16183 3.65046 263.994
8.00665 3.63628 264.498
7.8898 3.61958 265.233
7.87729 3.59577 266.006
7.99574 3.57561 266.784
8.15959 3.56126 267.328
8.4296 3.54409 267.941
8.8948 3.52378 268.668
9.2838 3.51089 269.088

9.98958 3.69804 262.994
9.63621 3.68968 263.402
9.40882 3.68337 263.721
9.12411 3.6688 264.266
8.99322 3.65768 264.66
8.88944 3.64484 265.243
8.86382 3.62605 265.845
8.94403 3.60995 266.469
9.0623 3.59829 266.899
9.26268 3.5842 267.389
9.61345 3.56732 267.974
9.90975 3.5565 268.31

10.7493 3.70512 263.644
10.4837 3.70026 263.932
10.3103 3.69686 264.154
10.0864 3.68713 264.537
9.97978 3.67909 264.822
9.88907 3.67009 265.253
9.85036 3.65633 265.684
9.89231 3.6443 266.153
9.96501 3.63532 266.47
10.0958 3.62431 266.838
10.3321 3.61086 267.28
10.5357 3.6021 267.531

11.509 3.71219 264.295
11.3312 3.71084 264.463
11.2118 3.71035 264.586
11.0487 3.70547 264.808
10.9663 3.70049 264.984
10.8887 3.69534 265.262
10.8369 3.68661 265.524
10.8406 3.67865 265.838
10.8677 3.67235 266.042
10.9288 3.66442 266.286
11.0508 3.6544 266.586
11.1617 3.64771 266.753

12.2688 3.71927 264.945
12.1787 3.72142 264.994
12.1133 3.72384 265.019
12.011 3.72381 265.08
11.9529 3.72189 265.146
11.8883 3.7206 265.272
11.8234 3.7169 265.363
11.7889 3.713 265.522
11.7704 3.70938 265.613
11.7619 3.70454 265.734
11.7694 3.69794 265.892
11.7876 3.69331 265.974

13.0285 3.72635 265.595
13.0263 3.732 265.524
13.0148 3.73733 265.452
12.9732 3.74214 265.351
12.9395 3.7433 265.308
12.888 3.74585 265.282
12.81 3.74718 265.202
12.7372 3.74735 265.207
12.6731 3.74641 265.184
12.595 3.74465 265.182
12.4881 3.74149 265.198
12.4136 3.73892 265.195

13.7882 3.73343 266.245
13.8738 3.74258 266.055
13.9163 3.75082 265.884
13.9355 3.76048 265.623
13.926 3.7647 265.47
13.8876 3.7711 265.291
13.7965 3.77746 265.041
13.6855 3.78169 264.891
13.5758 3.78344 264.756
13.4281 3.78476 264.631
13.2067 3.78503 264.504
13.0395 3.78453 264.417

14.548 3.7405 266.895
14.7213 3.75317 266.586
14.8178 3.76431 266.317
14.8978 3.77882 265.894
14.9126 3.78611 265.632
14.8872 3.79636 265.301
14.783 3.80774 264.881
14.6338 3.81604 264.576
14.4785 3.82047 264.327
14.2612 3.82487 264.079
13.9254 3.82857 263.81
13.6655 3.83013 263.638

15.3077 3.74758 267.546
15.5688 3.76375 267.116
15.7193 3.77781 266.749
15.8601 3.79716 266.166
15.8992 3.80751 265.794
15.8869 3.82161 265.311
15.7696 3.83803 264.72
15.582 3.85039 264.26
15.3812 3.8575 263.898
15.0942 3.86499 263.527
14.644 3.87211 263.116
14.2914 3.87574 262.86

9.21611 4.69085 262.349
8.77205 4.67894 262.878
8.48863 4.66968 263.296
8.13997 4.65017 264.004
7.98309 4.63593 264.51
7.86443 4.61918 265.246
7.85071 4.5951 266.031
7.96853 4.57487 266.811
8.13237 4.56047 267.357
8.40284 4.54321 267.973
8.86928 4.52279 268.704
9.25961 4.50983 269.127

9.97584 4.69793 262.999
9.61956 4.68952 263.408
9.39012 4.68317 263.729
9.10225 4.66851 264.275
8.96966 4.65734 264.671
8.86406 4.64443 265.255
8.83724 4.62538 265.87
8.91682 4.60922 266.496
9.03507 4.5975 266.928
9.23592 4.58332 267.421
9.58794 4.56634 268.01
9.88556 4.55544 268.349

10.7356 4.70501 263.65
10.4671 4.7001 263.939
10.2916 4.69666 264.162
10.0645 4.68685 264.547
9.95622 4.67874 264.833
9.8637 4.66969 265.265
9.82378 4.65566 265.709
9.8651 4.64357 266.18
9.93778 4.63453 266.499
10.069 4.62343 266.87
10.3066 4.60988 267.316
10.5115 4.60105 267.57

11.4953 4.71209 264.3
11.3146 4.71068 264.47
11.1931 4.71015 264.594
11.0268 4.70518 264.818
10.9428 4.70015 264.995
10.8633 4.69494 265.275
10.8103 4.68594 265.549
10.8134 4.67792 265.865
10.8405 4.67156 266.071
10.9021 4.66355 266.318
11.0253 4.65342 266.622
11.1375 4.64665 266.792

12.255 4.71916 264.95
12.1621 4.72126 265
12.0946 4.72364 265.027
11.9891 4.72352 265.09
11.9294 4.72155 265.157
11.863 4.72019 265.285
11.7969 4.71623 265.388
11.7617 4.71226 265.549
11.7432 4.70859 265.642
11.7352 4.70366 265.766
11.7439 4.69696 265.928
11.7634 4.69226 266.013

13.0148 4.72624 265.6
13.0096 4.73184 265.531
12.9961 4.73713 265.459
12.9514 4.74186 265.361
12.9159 4.74296 265.319
12.8626 4.74545 265.294
12.7834 4.74651 265.227
12.71 4.74661 265.234
12.6459 4.74562 265.213
12.5682 4.74377 265.215
12.4626 4.7405 265.234
12.3894 4.73786 265.235

13.7745 4.73332 266.25
13.8571 4.74242 266.062
13.8976 4.75062 265.892
13.9137 4.76019 265.633
13.9025 4.76436 265.481
13.8622 4.7707 265.304
13.7699 4.77679 265.067
13.6583 4.78096 264.918
13.5486 4.78265 264.785
13.4013 4.78388 264.663
13.1812 4.78404 264.54
13.0153 4.78347 264.456

14.5342 4.7404 266.901
14.7046 4.753 266.592
14.7991 4.76411 266.325
14.8759 4.77853 265.904
14.889 4.78577 265.643
14.8619 4.79595 265.314
14.7565 4.80708 264.906
14.6065 4.81531 264.603
14.4513 4.81968 264.356
14.2344 4.824 264.111
13.8999 4.82759 263.846
13.6413 4.82908 263.678

15.294 4.74747 267.551
15.5521 4.76359 267.123
15.7006 4.7776 266.757
15.8382 4.79687 266.176
15.8756 4.80717 265.805
15.8615 4.82121 265.323
15.743 4.83736 264.745
15.5548 4.84965 264.287
15.354 4.85671 263.927
15.0675 4.86411 263.56
14.6185 4.87113 263.152
14.2672 4.87468 262.899

9.20237 5.69075 262.354
8.7554 5.67877 262.884
8.46993 5.66947 263.304
8.1181 5.64988 264.014
7.95953 5.63559 264.521
7.83905 5.61878 265.258
7.82413 5.59443 266.056
7.94132 5.57414 266.838
8.10514 5.55968 267.386
8.37607 5.54233 268.005
8.84377 5.52181 268.74
9.23543 5.50878 269.166

9.96211 5.69782 263.005
9.60291 5.68936 263.415
9.37142 5.68296 263.737
9.08039 5.66822 264.285
8.9461 5.657 264.683
8.83869 5.64403 265.268
8.81067 5.62471 265.895
8.88961 5.60848 266.523
9.00784 5.59671 266.957
9.20915 5.58244 267.454
9.56243 5.56535 268.046
9.86138 5.55438 268.388

10.7218 5.7049 263.655
10.4504 5.69994 263.946
10.2729 5.69645 264.169
10.0427 5.68656 264.557
9.93266 5.6784 264.845
9.83832 5.66929 265.278
9.7972 5.65499 265.735
9.8379 5.64283 266.207
9.91055 5.63374 266.528
10.0422 5.62255 266.902
10.2811 5.60889 267.352
10.4873 5.59999 267.609

11.4816 5.71198 264.305
11.2979 5.71052 264.476
11.1744 5.70994 264.602
11.005 5.70489 264.828
10.9192 5.69981 265.007
10.838 5.69454 265.287
10.7837 5.68527 265.574
10.7862 5.67718 265.892
10.8133 5.67077 266.1
10.8753 5.66267 266.35
10.9997 5.65244 266.658
11.1133 5.6456 266.831

12.2413 5.71906 264.955
12.1454 5.7211 265.007
12.0759 5.72343 265.035
11.9672 5.72323 265.1
11.9058 5.72121 265.169
11.8376 5.71979 265.297
11.7703 5.71556 265.413
11.7345 5.71153 265.576
11.716 5.7078 265.671
11.7084 5.70278 265.799
11.7184 5.69598 265.964
11.7392 5.6912 266.052

13.001 5.72613 265.605
12.993 5.73168 265.538
12.9774 5.73692 265.467
12.9295 5.74157 265.371
12.8924 5.74261 265.331
12.8372 5.74505 265.307
12.7568 5.74584 265.252
12.6828 5.74588 265.261
12.6187 5.74483 265.242
12.5415 5.74289 265.247
12.437 5.73952 265.27
12.3652 5.73681 265.274

13.7608 5.73321 266.256
13.8405 5.74226 266.068
13.8789 5.75041 265.9
13.8918 5.7599 265.643
13.8789 5.76402 265.493
13.8369 5.7703 265.317
13.7433 5.77612 265.092
13.631 5.78022 264.945
13.5214 5.78186 264.814
13.3746 5.78301 264.695
13.1557 5.78306 264.576
12.9911 5.78241 264.495

14.5205 5.74029 266.906
14.688 5.75284 266.599
14.7804 5.7639 266.332
14.8541 5.77824 265.914
14.8655 5.78542 265.655
14.8365 5.79555 265.326
14.7299 5.80641 264.931
14.5793 5.81457 264.63
14.4241 5.81889 264.385
14.2076 5.82312 264.144
13.8744 5.8266 263.882
13.6171 5.82802 263.717

15.2802 5.74737 267.556
15.5355 5.76342 267.13
15.6819 5.77739 266.765
15.8164 5.79658 266.185
15.8521 5.80683 265.817
15.8361 5.82081 265.336
15.7164 5.83669 264.77
15.5276 5.84892 264.314
15.3268 5.85592 263.956
15.0407 5.86323 263.592
14.593 5.87014 263.188
14.243 5.87363 262.938

