-6.32821 -10.7888 161.768
-6.30513 -10.7776 161.172
-6.28524 -10.7795 160.983
-6.25822 -10.7751 160.81
-6.22567 -10.7722 160.636
-6.1854 -10.7713 160.459
-6.13536 -10.7695 160.278
-6.0793 -10.769 160.096
-6.01504 -10.7682 159.917
-5.94242 -10.7653 159.74
-5.85991 -10.7642 159.563
-5.77575 -10.7646 159.403
-5.68847 -10.7651 159.251
-5.58866 -10.7663 159.093
-5.48072 -10.7661 158.924
-5.3733 -10.7666 158.774
-5.26143 -10.7684 158.632
-5.14204 -10.7692 158.493
-5.01341 -10.7717 158.361
-4.88641 -10.7733 158.234
-4.752 -10.7756 158.11
-4.60749 -10.7784 157.988
-4.45403 -10.7814 157.875
-4.31411 -10.7829 157.771
-4.15221 -10.7872 157.662
-3.99962 -10.7904 157.569
-3.82783 -10.7941 157.476
-3.65719 -10.798 157.394

-5.4977 -10.8208 161.212
-5.41086 -10.8132 160.726
-5.37447 -10.816 160.572
-5.33294 -10.8126 160.432
-5.2872 -10.8106 160.293
-5.23457 -10.8106 160.151
-5.17322 -10.8098 160.008
-5.10721 -10.81 159.865
-5.03438 -10.8101 159.726
-4.95493 -10.8078 159.588
-4.86691 -10.8077 159.454
-4.7793 -10.8087 159.332
-4.69 -10.8098 159.218
-4.58969 -10.8115 159.097
-4.48288 -10.812 158.971
-4.37824 -10.8131 158.862
-4.27046 -10.8153 158.758
-4.15678 -10.8166 158.658
-4.03556 -10.8193 158.565
-3.9171 -10.8213 158.475
-3.79278 -10.8239 158.389
-3.66031 -10.8269 158.305
-3.5208 -10.8301 158.231
-3.3947 -10.8317 158.162
-3.24963 -10.8362 158.09
-3.1141 -10.8394 158.031
-2.96239 -10.8429 157.974
-2.81273 -10.8468 157.927

-4.66718 -10.8528 160.656
-4.51659 -10.8488 160.28
-4.46369 -10.8526 160.16
-4.40767 -10.8502 160.055
-4.34873 -10.849 159.949
-4.28373 -10.8499 159.844
-4.21108 -10.85 159.739
-4.13513 -10.851 159.634
-4.05372 -10.852 159.535
-3.96744 -10.8503 159.436
-3.87391 -10.8513 159.344
-3.78286 -10.8528 159.26
-3.69154 -10.8546 159.186
-3.59072 -10.8566 159.102
-3.48505 -10.8578 159.018
-3.38317 -10.8595 158.95
-3.27949 -10.8621 158.883
-3.17153 -10.8639 158.822
-3.05771 -10.867 158.768
-2.94778 -10.8694 158.717
-2.83357 -10.8722 158.667
-2.71312 -10.8754 158.622
-2.58757 -10.8787 158.587
-2.47529 -10.8805 158.552
-2.34705 -10.8851 158.518
-2.22858 -10.8884 158.493
-2.09694 -10.8918 158.473
-1.96827 -10.8956 158.461

-3.83666 -10.8849 160.1
-3.62232 -10.8844 159.834
-3.55291 -10.8891 159.749
-3.48239 -10.8877 159.677
-3.41026 -10.8874 159.606
-3.3329 -10.8893 159.537
-3.24894 -10.8903 159.469
-3.16304 -10.8921 159.403
-3.07306 -10.8939 159.344
-2.97995 -10.8928 159.284
-2.8809 -10.8948 159.234
-2.78641 -10.897 159.188
-2.69307 -10.8994 159.153
-2.59175 -10.9018 159.106
-2.48721 -10.9037 159.065
-2.38811 -10.906 159.037
-2.28852 -10.9089 159.009
-2.18627 -10.9113 158.986
-2.07985 -10.9146 158.972
-1.97847 -10.9175 158.958
-1.87435 -10.9205 158.946
-1.76593 -10.9238 158.939
-1.65434 -10.9274 158.943
-1.55588 -10.9293 158.942
-1.44446 -10.9341 158.945
-1.34305 -10.9373 158.955
-1.23149 -10.9406 158.972
-1.12382 -10.9444 158.994

-3.00615 -10.9169 159.544
-2.72805 -10.92 159.387
-2.64214 -10.9257 159.338
-2.55711 -10.9252 159.3
-2.47179 -10.9259 159.263
-2.38207 -10.9286 159.23
-2.2868 -10.9305 159.199
-2.19096 -10.9331 159.172
-2.0924 -10.9359 159.152
-1.99246 -10.9353 159.132
-1.8879 -10.9383 159.124
-1.78997 -10.9411 159.116
-1.69461 -10.9441 159.12
-1.59278 -10.947 159.11
-1.48937 -10.9496 159.112
-1.39305 -10.9525 159.125
-1.29755 -10.9558 159.135
-1.20102 -10.9587 159.151
-1.102 -10.9623 159.176
-1.00915 -10.9655 159.199
-0.91513 -10.9688 159.224
-0.818739 -10.9723 159.256
-0.721109 -10.976 159.299
-0.636466 -10.9781 159.332
-0.541883 -10.983 159.373
-0.457531 -10.9863 159.417
-0.366039 -10.9895 159.47
-0.279361 -10.9933 159.527

-2.17563 -10.9489 158.988
-1.83377 -10.9555 158.941
-1.73136 -10.9622 158.926
-1.63183 -10.9628 158.922
-1.53332 -10.9643 158.92
-1.43123 -10.9679 158.923
-1.32466 -10.9708 158.93
-1.21887 -10.9742 158.941
-1.11174 -10.9778 158.961
-1.00497 -10.9778 158.981
-0.894902 -10.9818 159.015
-0.793524 -10.9852 159.045
-0.696141 -10.9889 159.088
-0.593806 -10.9921 159.114
-0.491533 -10.9955 159.159
-0.397993 -10.9989 159.213
-0.306586 -11.0026 159.26
-0.215765 -11.0061 159.315
-0.124149 -11.0099 159.38
-0.0398402 -11.0136 159.44
0.0440886 -11.0171 159.503
0.12845 -11.0208 159.573
0.212122 -11.0247 159.655
0.282944 -11.0269 159.723
0.360699 -11.032 159.801
0.427992 -11.0353 159.879
0.49941 -11.0383 159.969
0.565096 -11.0421 160.061

-1.34512 -10.9809 158.432
-0.939503 -10.9911 158.495
-0.820589 -10.9988 158.515
-0.706549 -11.0003 158.545
-0.594846 -11.0027 158.577
-0.480398 -11.0073 158.616
-0.362517 -11.011 158.66
-0.246785 -11.0152 158.71
-0.131081 -11.0197 158.77
-0.0174827 -11.0203 158.829
0.0980993 -11.0254 158.905
0.202921 -11.0294 158.973
0.302325 -11.0336 159.055
0.405165 -11.0373 159.119
0.506305 -11.0414 159.207
0.597068 -11.0454 159.301
0.684382 -11.0494 159.386
0.76949 -11.0535 159.48
0.853703 -11.0576 159.584
0.929474 -11.0617 159.681
1.00331 -11.0654 159.781
1.07564 -11.0692 159.89
1.14535 -11.0734 160.011
1.20235 -11.0757 160.113
1.26328 -11.0809 160.228
1.31351 -11.0843 160.341
1.36486 -11.0872 160.467
1.40955 -11.0909 160.594

-0.514599 -11.013 157.876
-0.0452322 -11.0267 158.049
0.0901868 -11.0353 158.104
0.21873 -11.0378 158.168
0.343626 -11.0412 158.233
0.470435 -11.0466 158.308
0.599623 -11.0513 158.391
0.7253 -11.0563 158.479
0.849579 -11.0617 158.579
0.970006 -11.0628 158.677
1.0911 -11.0689 158.795
1.19937 -11.0735 158.901
1.30079 -11.0784 159.023
1.40413 -11.0825 159.123
1.50414 -11.0873 159.254
1.59213 -11.0919 159.388
1.67535 -11.0963 159.512
1.75474 -11.1009 159.644
1.83155 -11.1052 159.787
1.89879 -11.1097 159.922
1.96253 -11.1137 160.06
2.02283 -11.1177 160.207
2.07858 -11.122 160.367
2.12176 -11.1245 160.503
2.16586 -11.1299 160.656
2.19904 -11.1332 160.803
2.23031 -11.136 160.966
2.25401 -11.1397 161.128

0.315918 -11.045 157.319
0.849039 -11.0623 157.603
1.00096 -11.0719 157.693
1.14401 -11.0753 157.79
1.2821 -11.0796 157.89
1.42127 -11.0859 158.001
1.56176 -11.0915 158.121
1.69739 -11.0973 158.248
1.83024 -11.1036 158.388
1.95749 -11.1053 158.525
2.0841 -11.1124 158.685
2.19581 -11.1176 158.829
2.29926 -11.1232 158.99
2.40311 -11.1277 159.127
2.50198 -11.1332 159.301
2.58719 -11.1383 159.476
2.66632 -11.1431 159.637
2.74 -11.1483 159.808
2.80941 -11.1529 159.991
2.8681 -11.1578 160.163
2.92174 -11.162 160.338
2.97002 -11.1662 160.524
3.01182 -11.1707 160.723
3.04118 -11.1733 160.893
3.06845 -11.1788 161.084
3.08456 -11.1822 161.265
3.09576 -11.1849 161.465
3.09847 -11.1885 161.661

-6.27759 -9.79025 161.786
-6.25512 -9.77907 161.193
-6.23549 -9.78093 161.004
-6.20873 -9.77658 160.832
-6.17645 -9.77363 160.659
-6.13652 -9.77276 160.482
-6.08684 -9.77097 160.302
-6.03119 -9.77042 160.121
-5.96735 -9.76964 159.943
-5.89521 -9.76682 159.767
-5.81322 -9.76564 159.59
-5.72962 -9.76598 159.43
-5.64284 -9.76648 159.277
-5.54364 -9.76777 159.123
-5.43634 -9.76759 158.957
-5.32955 -9.76811 158.807
-5.21833 -9.76989 158.664
-5.09959 -9.77063 158.527
-4.97166 -9.77309 158.394
-4.84535 -9.77468 158.268
-4.71164 -9.77697 158.144
-4.5679 -9.77982 158.023
-4.41527 -9.78277 157.91
-4.27607 -9.78426 157.807
-4.11501 -9.78857 157.698
-3.96317 -9.79173 157.605
-3.79226 -9.79535 157.512
-3.62251 -9.7993 157.43

-5.44707 -9.82227 161.23
-5.36084 -9.81465 160.746
-5.32471 -9.81748 160.593
-5.28345 -9.81411 160.454
-5.23798 -9.81206 160.315
-5.18568 -9.81209 160.175
-5.1247 -9.81123 160.032
-5.0591 -9.81147 159.89
-4.98669 -9.81156 159.752
-4.90772 -9.80932 159.615
-4.82022 -9.80917 159.48
-4.73317 -9.81011 159.358
-4.64438 -9.81124 159.245
-4.54467 -9.81294 159.127
-4.4385 -9.81347 159.004
-4.33449 -9.81457 158.895
-4.22736 -9.81672 158.79
-4.11434 -9.81802 158.691
-3.99381 -9.82075 158.598
-3.87604 -9.82275 158.509
-3.75243 -9.82527 158.423
-3.62072 -9.82829 158.34
-3.48204 -9.83143 158.266
-3.35666 -9.83307 158.197
-3.21243 -9.83752 158.126
-3.07765 -9.84071 158.067
-2.92681 -9.8442 158.011
-2.77805 -9.84811 157.964

-4.61656 -9.8543 160.674
-4.46657 -9.85024 160.3
-4.41394 -9.85404 160.182
-4.35817 -9.85164 160.077
-4.29951 -9.85049 159.972
-4.23485 -9.85142 159.868
-4.16256 -9.85148 159.763
-4.08702 -9.85252 159.659
-4.00603 -9.85349 159.561
-3.92023 -9.85182 159.464
-3.82721 -9.8527 159.37
-3.73673 -9.85425 159.286
-3.64591 -9.856 159.212
-3.5457 -9.85811 159.131
-3.44067 -9.85936 159.051
-3.33943 -9.86103 158.982
-3.23639 -9.86355 158.916
-3.12908 -9.8654 158.855
-3.01596 -9.8684 158.802
-2.90672 -9.87082 158.751
-2.79321 -9.87358 158.701
-2.67353 -9.87675 158.656
-2.54881 -9.88009 158.622
-2.43725 -9.88187 158.587
-2.30984 -9.88647 158.553
-2.19213 -9.88968 158.529
-2.06136 -9.89305 158.509
-1.93359 -9.89691 158.497

-3.78604 -9.88632 160.118
-3.5723 -9.88583 159.854
-3.50316 -9.8906 159.77
-3.43289 -9.88917 159.699
-3.36104 -9.88892 159.629
-3.28402 -9.89075 159.561
-3.20042 -9.89174 159.493
-3.11493 -9.89357 159.428
-3.02537 -9.89541 159.369
-2.93274 -9.89432 159.312
-2.83421 -9.89622 159.26
-2.74028 -9.89838 159.214
-2.64744 -9.90075 159.179
-2.54673 -9.90327 159.136
-2.44283 -9.90524 159.098
-2.34437 -9.9075 159.07
-2.24543 -9.91039 159.041
-2.14383 -9.91279 159.02
-2.03811 -9.91605 159.005
-1.93741 -9.91889 158.992
-1.83399 -9.92188 158.98
-1.72634 -9.92521 158.973
-1.61558 -9.92874 158.978
-1.51784 -9.93067 158.977
-1.40726 -9.93542 158.981
-1.30661 -9.93866 158.991
-1.19591 -9.9419 159.008
-1.08914 -9.94571 159.03

-2.95552 -9.91834 159.562
-2.67803 -9.92141 159.408
-2.59239 -9.92715 159.359
-2.50761 -9.9267 159.322
-2.42257 -9.92735 159.286
-2.33318 -9.93008 159.253
-2.23828 -9.93199 159.223
-2.14285 -9.93461 159.197
-2.04471 -9.93734 159.178
-1.94525 -9.93682 159.16
-1.84121 -9.93975 159.151
-1.74384 -9.94252 159.143
-1.64898 -9.94551 159.147
-1.54776 -9.94844 159.14
-1.44499 -9.95113 159.145
-1.34931 -9.95396 159.158
-1.25446 -9.95722 159.167
-1.15857 -9.96017 159.184
-1.06025 -9.96371 159.209
-0.968095 -9.96695 159.233
-0.874771 -9.97018 159.258
-0.779149 -9.97368 159.29
-0.68235 -9.9774 159.334
-0.598427 -9.97947 159.368
-0.50468 -9.98437 159.409
-0.421085 -9.98763 159.453
-0.330463 -9.99076 159.506
-0.244678 -9.99452 159.564

-2.12501 -9.95037 159.006
-1.78376 -9.957 158.962
-1.68161 -9.96371 158.948
-1.58233 -9.96423 158.944
-1.4841 -9.96577 158.943
-1.38235 -9.96941 158.946
-1.27614 -9.97225 158.954
-1.17076 -9.97566 158.966
-1.06405 -9.97927 158.987
-0.957762 -9.97932 159.008
-0.848211 -9.98328 159.041
-0.747391 -9.98665 159.071
-0.650513 -9.99027 159.114
-0.548785 -9.99361 159.144
-0.447152 -9.99701 159.192
-0.354247 -10.0004 159.245
-0.263489 -10.004 159.293
-0.173318 -10.0076 159.349
-0.0824017 -10.0114 159.413
0.00121987 -10.015 159.474
0.0844476 -10.0185 159.537
0.168039 -10.0221 159.607
0.250881 -10.0261 159.69
0.320983 -10.0283 159.758
0.397902 -10.0333 159.836
0.464437 -10.0366 159.915
0.534986 -10.0396 160.005
0.599779 -10.0433 160.097

-1.29449 -9.98239 158.45
-0.889489 -9.99259 158.516
-0.770837 -10.0003 158.537
-0.657056 -10.0018 158.567
-0.545626 -10.0042 158.599
-0.431514 -10.0087 158.639
-0.314004 -10.0125 158.684
-0.198675 -10.0167 158.735
-0.0833868 -10.0212 158.796
0.0297266 -10.0218 158.856
0.14479 -10.0268 158.931
0.249054 -10.0308 158.999
0.347952 -10.035 159.082
0.450186 -10.0388 159.148
0.550685 -10.0429 159.239
0.640814 -10.0469 159.333
0.727479 -10.0509 159.418
0.811936 -10.0549 159.513
0.89545 -10.059 159.617
0.970534 -10.0631 159.715
1.04367 -10.0668 159.815
1.11523 -10.0706 159.924
1.18411 -10.0747 160.046
1.24039 -10.0771 160.148
1.30048 -10.0823 160.264
1.34996 -10.0856 160.377
1.40043 -10.0885 160.504
1.44424 -10.0921 160.631

-0.463973 -10.0144 157.894
0.00478182 -10.0282 158.07
0.139939 -10.0368 158.125
0.268223 -10.0393 158.19
0.392846 -10.0426 158.256
0.519319 -10.0481 158.332
0.648136 -10.0528 158.415
0.77341 -10.0578 158.504
0.897273 -10.0631 158.605
1.01722 -10.0643 158.704
1.13779 -10.0703 158.821
1.2455 -10.0749 158.927
1.34642 -10.0798 159.049
1.44916 -10.0839 159.153
1.54852 -10.0888 159.286
1.63587 -10.0934 159.421
1.71845 -10.0977 159.544
1.79719 -10.1023 159.677
1.8733 -10.1067 159.821
1.93985 -10.1112 159.956
2.00288 -10.1151 160.094
2.06242 -10.1191 160.241
2.11734 -10.1234 160.402
2.1598 -10.1259 160.538
2.20307 -10.1312 160.692
2.23548 -10.1346 160.839
2.26588 -10.1373 161.002
2.28869 -10.1409 161.164

0.366543 -10.0464 157.338
0.899053 -10.0638 157.624
1.05071 -10.0734 157.714
1.1935 -10.0768 157.812
1.33132 -10.0811 157.913
1.47015 -10.0874 158.025
1.61028 -10.093 158.145
1.7455 -10.0988 158.273
1.87793 -10.105 158.413
2.0047 -10.1068 158.553
2.13079 -10.1139 158.712
2.24194 -10.1191 158.856
2.34488 -10.1246 159.016
2.44813 -10.1291 159.157
2.54636 -10.1347 159.333
2.63094 -10.1398 159.509
2.70942 -10.1445 159.67
2.78245 -10.1497 159.842
2.85115 -10.1543 160.024
2.90916 -10.1592 160.197
2.9621 -10.1634 160.372
3.00961 -10.1675 160.558
3.05057 -10.172 160.758
3.07921 -10.1747 160.929
3.10565 -10.1802 161.12
3.121 -10.1835 161.301
3.13133 -10.1862 161.501
3.13315 -10.1897 161.697

-6.22696 -8.7917 161.804
-6.2051 -8.78053 161.213
-6.18574 -8.7824 161.026
-6.15924 -8.77805 160.854
-6.12723 -8.7751 160.681
-6.08763 -8.77423 160.506
-6.03833 -8.77244 160.326
-5.98308 -8.77189 160.146
-5.91965 -8.7711 159.969
-5.848 -8.76831 159.795
-5.76653 -8.76708 159.616
-5.68348 -8.7674 159.456
-5.59721 -8.76787 159.304
-5.49862 -8.76923 159.153
-5.39196 -8.7691 158.989
-5.2858 -8.7696 158.84
-5.17523 -8.77134 158.697
-5.05714 -8.77209 158.56
-4.92991 -8.77452 158.427
-4.80429 -8.7761 158.302
-4.67128 -8.77837 158.179
-4.52831 -8.7812 158.057
-4.37652 -8.78413 157.945
-4.23803 -8.78561 157.842
-4.0778 -8.78991 157.734
-3.92673 -8.79305 157.641
-3.75668 -8.79663 157.548
-3.58782 -8.80057 157.467

-5.39645 -8.82372 161.248
-5.31083 -8.81612 160.767
-5.27496 -8.81895 160.614
-5.23396 -8.81558 160.476
-5.18876 -8.81353 160.338
-5.1368 -8.81356 160.198
-5.07619 -8.81269 160.056
-5.01099 -8.81294 159.915
-4.93899 -8.81303 159.777
-4.86051 -8.81081 159.643
-4.77353 -8.81061 159.506
-4.68704 -8.81153 159.384
-4.59875 -8.81262 159.271
-4.49965 -8.8144 159.157
-4.39412 -8.81499 159.036
-4.29074 -8.81606 158.927
-4.18427 -8.81818 158.822
-4.07189 -8.81948 158.724
-3.95206 -8.82217 158.631
-3.83498 -8.82417 158.543
-3.71207 -8.82667 158.457
-3.58113 -8.82966 158.374
-3.44328 -8.83279 158.301
-3.31862 -8.83441 158.232
-3.17522 -8.83885 158.161
-3.04121 -8.84202 158.103
-2.89123 -8.84549 158.047
-2.74337 -8.84937 158

-4.56593 -8.85574 160.692
-4.41656 -8.8517 160.321
-4.36419 -8.85551 160.203
-4.30868 -8.85311 160.099
-4.25029 -8.85196 159.995
-4.18596 -8.85289 159.891
-4.11405 -8.85295 159.787
-4.03891 -8.85399 159.684
-3.95833 -8.85496 159.586
-3.87302 -8.85331 159.491
-3.78052 -8.85413 159.397
-3.69059 -8.85566 159.313
-3.60028 -8.85738 159.238
-3.50068 -8.85956 159.161
-3.39628 -8.86087 159.083
-3.29568 -8.86252 159.015
-3.1933 -8.86501 158.948
-3.08664 -8.86686 158.889
-2.97421 -8.86982 158.835
-2.86566 -8.87224 158.785
-2.75285 -8.87498 158.736
-2.63394 -8.87813 158.691
-2.51005 -8.88145 158.657
-2.39921 -8.88321 158.622
-2.27264 -8.8878 158.589
-2.15568 -8.891 158.565
-2.02578 -8.89434 158.545
-1.89891 -8.89818 158.533

-3.73541 -8.88777 160.136
-3.52229 -8.88729 159.875
-3.45341 -8.89206 159.792
-3.3834 -8.89064 159.721
-3.31182 -8.89039 159.652
-3.23513 -8.89222 159.584
-3.15191 -8.8932 159.517
-3.06682 -8.89504 159.453
-2.97767 -8.89688 159.395
-2.88553 -8.89581 159.339
-2.78752 -8.89766 159.287
-2.69415 -8.8998 159.241
-2.60182 -8.90214 159.206
-2.5017 -8.90473 159.165
-2.39845 -8.90676 159.13
-2.30062 -8.90899 159.103
-2.20233 -8.91184 159.074
-2.10138 -8.91425 159.053
-1.99636 -8.91748 159.038
-1.89635 -8.92031 159.026
-1.79363 -8.92328 159.014
-1.68675 -8.92659 159.008
-1.57682 -8.9301 159.013
-1.4798 -8.93201 159.013
-1.37006 -8.93675 159.017
-1.27016 -8.93997 159.027
-1.16034 -8.94319 159.044
-1.05445 -8.94698 159.067

-2.9049 -8.91979 159.58
-2.62802 -8.92288 159.429
-2.54264 -8.92862 159.381
-2.45812 -8.92817 159.344
-2.37335 -8.92882 159.309
-2.2843 -8.93155 159.277
-2.18977 -8.93346 159.247
-2.09474 -8.93608 159.222
-1.99701 -8.93881 159.204
-1.89804 -8.93832 159.187
-1.79452 -8.94119 159.177
-1.6977 -8.94393 159.169
-1.60335 -8.9469 159.173
-1.50273 -8.9499 159.17
-1.40061 -8.95264 159.177
-1.30556 -8.95545 159.19
-1.21136 -8.95867 159.199
-1.11613 -8.96163 159.218
-1.01851 -8.96513 159.242
-0.927034 -8.96838 159.267
-0.834412 -8.97158 159.293
-0.73956 -8.97505 159.325
-0.643591 -8.97876 159.369
-0.560389 -8.98081 159.403
-0.467477 -8.9857 159.445
-0.38464 -8.98895 159.489
-0.294887 -8.99204 159.542
-0.209996 -8.99579 159.6

-2.07438 -8.95181 159.024
-1.73375 -8.95847 158.983
-1.63186 -8.96517 158.969
-1.53284 -8.9657 158.967
-1.43488 -8.96725 158.965
-1.33346 -8.97088 158.97
-1.22763 -8.97371 158.978
-1.12265 -8.97713 158.991
-1.01635 -8.98073 159.013
-0.910553 -8.98082 159.036
-0.801521 -8.98472 159.067
-0.701257 -8.98807 159.097
-0.604886 -8.99166 159.141
-0.503764 -8.99506 159.174
-0.402772 -8.99853 159.225
-0.3105 -9.00191 159.278
-0.220393 -9.0055 159.325
-0.130872 -9.00902 159.382
-0.0406541 -9.01279 159.446
0.04228 -9.01645 159.508
0.124807 -9.01988 159.571
0.207629 -9.02351 159.642
0.28964 -9.02742 159.725
0.359022 -9.02962 159.793
0.435105 -9.03465 159.872
0.500882 -9.03792 159.951
0.570562 -9.04089 160.041
0.634461 -9.04459 160.134

-1.24386 -8.98384 158.468
-0.839475 -8.99405 158.536
-0.721084 -9.00173 158.558
-0.607562 -9.00323 158.589
-0.496405 -9.00567 158.622
-0.38263 -9.01021 158.662
-0.265491 -9.01397 158.708
-0.150566 -9.01818 158.76
-0.0356925 -9.02266 158.821
0.0769359 -9.02332 158.884
0.19148 -9.02825 158.958
0.295188 -9.0322 159.026
0.393579 -9.03642 159.108
0.495207 -9.04023 159.178
0.595066 -9.04441 159.272
0.68456 -9.04838 159.366
0.770575 -9.05233 159.451
0.854383 -9.0564 159.546
0.937198 -9.06044 159.65
1.01159 -9.06451 159.749
1.08402 -9.06818 159.85
1.15482 -9.07198 159.959
1.22287 -9.07608 160.081
1.27843 -9.07842 160.184
1.33769 -9.0836 160.3
1.3864 -9.08689 160.413
1.43601 -9.08975 160.54
1.47892 -9.09339 160.667

-0.413348 -9.01586 157.912
0.0547958 -9.02964 158.09
0.189691 -9.03829 158.147
0.317717 -9.04076 158.212
0.442066 -9.0441 158.279
0.568204 -9.04954 158.355
0.696649 -9.05423 158.439
0.821519 -9.05923 158.529
0.944967 -9.06459 158.63
1.06442 -9.06582 158.732
1.18448 -9.07178 158.848
1.29163 -9.07633 158.954
1.39204 -9.08118 159.075
1.49418 -9.0854 159.182
1.5929 -9.0903 159.319
1.67962 -9.09484 159.454
1.76154 -9.09916 159.576
1.83964 -9.10379 159.711
1.91505 -9.1081 159.854
1.98091 -9.11258 159.99
2.04324 -9.11649 160.128
2.10201 -9.12044 160.276
2.1561 -9.12473 160.437
2.19784 -9.12722 160.574
2.24027 -9.13254 160.728
2.27193 -9.13587 160.875
2.30146 -9.1386 161.038
2.32337 -9.1422 161.2

0.417169 -9.04788 157.356
0.949067 -9.06523 157.644
1.10047 -9.07484 157.735
1.243 -9.07829 157.834
1.38054 -9.08253 157.936
1.51904 -9.08887 158.048
1.65879 -9.09448 158.169
1.7936 -9.10028 158.298
1.92563 -9.10651 158.439
2.05191 -9.10832 158.58
2.17748 -9.11531 158.738
2.28808 -9.12047 158.882
2.39051 -9.12594 159.043
2.49315 -9.13056 159.187
2.59074 -9.13618 159.366
2.67468 -9.14131 159.541
2.75251 -9.14599 159.702
2.82489 -9.15117 159.875
2.8929 -9.15575 160.057
2.95022 -9.16065 160.231
3.00246 -9.16479 160.407
3.0492 -9.1689 160.593
3.08933 -9.17339 160.793
3.11725 -9.17602 160.964
3.14285 -9.18149 161.155
3.15745 -9.18484 161.337
3.16691 -9.18745 161.537
3.16783 -9.191 161.734

-6.17634 -7.79314 161.822
-6.15509 -7.78199 161.234
-6.13598 -7.78386 161.047
-6.10974 -7.77952 160.876
-6.07801 -7.77657 160.704
-6.03875 -7.7757 160.529
-5.98982 -7.77391 160.35
-5.93497 -7.77337 160.171
-5.87196 -7.77257 159.994
-5.80079 -7.7698 159.822
-5.71984 -7.76852 159.643
-5.63735 -7.76881 159.483
-5.55159 -7.76926 159.33
-5.4536 -7.77069 159.182
-5.34758 -7.77062 159.022
-5.24206 -7.77109 158.872
-5.13214 -7.7728 158.729
-5.0147 -7.77355 158.593
-4.88817 -7.77594 158.46
-4.76323 -7.77753 158.336
-4.63093 -7.77977 158.213
-4.48872 -7.78257 158.091
-4.33776 -7.78549 157.98
-4.19999 -7.78696 157.877
-4.0406 -7.79124 157.769
-3.89028 -7.79436 157.677
-3.72111 -7.79792 157.584
-3.55314 -7.80184 157.503

-5.34582 -7.82517 161.266
-5.26082 -7.81758 160.788
-5.22521 -7.82042 160.636
-5.18446 -7.81705 160.498
-5.13954 -7.815 160.361
-5.08791 -7.81503 160.222
-5.02768 -7.81416 160.08
-4.96288 -7.81441 159.94
-4.8913 -7.8145 159.803
-4.8133 -7.81231 159.671
-4.72684 -7.81205 159.533
-4.6409 -7.81294 159.411
-4.55312 -7.81401 159.297
-4.45462 -7.81585 159.187
-4.34974 -7.8165 159.069
-4.247 -7.81755 158.96
-4.14117 -7.81963 158.855
-4.02944 -7.82094 158.758
-3.91031 -7.82359 158.664
-3.79392 -7.82559 158.577
-3.67171 -7.82807 158.491
-3.54154 -7.83104 158.408
-3.40453 -7.83415 158.336
-3.28058 -7.83576 158.267
-3.13802 -7.84019 158.197
-3.00476 -7.84333 158.139
-2.85566 -7.84677 158.083
-2.70868 -7.85064 158.037

-4.5153 -7.85719 160.71
-4.36655 -7.85317 160.342
-4.31443 -7.85698 160.225
-4.25918 -7.85458 160.121
-4.20107 -7.85343 160.018
-4.13708 -7.85436 159.915
-4.06554 -7.85442 159.811
-3.9908 -7.85546 159.709
-3.91064 -7.85642 159.612
-3.82581 -7.85481 159.519
-3.73383 -7.85557 159.423
-3.64446 -7.85708 159.339
-3.55466 -7.85877 159.265
-3.45565 -7.86102 159.191
-3.3519 -7.86239 159.116
-3.25194 -7.86401 159.048
-3.1502 -7.86646 158.98
-3.04419 -7.86832 158.922
-2.93246 -7.87125 158.868
-2.8246 -7.87366 158.819
-2.71249 -7.87638 158.77
-2.59435 -7.8795 158.725
-2.47129 -7.88281 158.692
-2.36117 -7.88456 158.658
-2.23544 -7.88914 158.625
-2.11924 -7.89231 158.601
-1.99021 -7.89562 158.581
-1.86423 -7.89945 158.57

-3.68479 -7.88921 160.154
-3.47227 -7.88876 159.895
-3.40366 -7.89353 159.813
-3.33391 -7.89211 159.743
-3.2626 -7.89186 159.675
-3.18625 -7.89369 159.607
-3.1034 -7.89467 159.541
-3.01871 -7.89651 159.478
-2.92998 -7.89835 159.421
-2.83832 -7.89731 159.367
-2.74083 -7.8991 159.313
-2.64801 -7.90121 159.267
-2.55619 -7.90353 159.232
-2.45668 -7.90619 159.195
-2.35407 -7.90827 159.163
-2.25688 -7.91048 159.135
-2.15923 -7.91329 159.106
-2.05893 -7.91571 159.087
-1.95461 -7.9189 159.072
-1.85529 -7.92173 159.06
-1.75327 -7.92468 159.048
-1.64716 -7.92796 159.042
-1.53806 -7.93147 159.048
-1.44176 -7.93336 159.048
-1.33286 -7.93808 159.053
-1.23372 -7.94128 159.063
-1.12476 -7.94447 159.08
-1.01977 -7.94825 159.103

-2.85427 -7.92124 159.598
-2.578 -7.92434 159.449
-2.49288 -7.93009 159.402
-2.40863 -7.92964 159.366
-2.32413 -7.93029 159.331
-2.23541 -7.93302 159.3
-2.14126 -7.93493 159.272
-2.04663 -7.93756 159.247
-1.94932 -7.94028 159.23
-1.85083 -7.93981 159.215
-1.74783 -7.94263 159.203
-1.65157 -7.94535 159.196
-1.55772 -7.94829 159.2
-1.45771 -7.95135 159.199
-1.35623 -7.95416 159.21
-1.26181 -7.95694 159.223
-1.16826 -7.96012 159.232
-1.07368 -7.96309 159.251
-0.976759 -7.96656 159.275
-0.885974 -7.9698 159.301
-0.794052 -7.97298 159.327
-0.69997 -7.97643 159.359
-0.604833 -7.98012 159.404
-0.52235 -7.98216 159.438
-0.430274 -7.98703 159.48
-0.348195 -7.99026 159.525
-0.259311 -7.99333 159.579
-0.175313 -7.99705 159.637

-2.02376 -7.95326 159.042
-1.68373 -7.95993 159.003
-1.58211 -7.96664 158.991
-1.48335 -7.96717 158.989
-1.38566 -7.96872 158.988
-1.28458 -7.97235 158.993
-1.17912 -7.97518 159.002
-1.07454 -7.9786 159.016
-0.968658 -7.9822 159.038
-0.863344 -7.98231 159.063
-0.754831 -7.98616 159.094
-0.655124 -7.98948 159.124
-0.559259 -7.99305 159.167
-0.458743 -7.99652 159.204
-0.358391 -8.00004 159.257
-0.266754 -8.00341 159.311
-0.177296 -8.00695 159.357
-0.0884256 -8.01048 159.415
0.0010934 -8.01421 159.479
0.0833401 -8.01787 159.542
0.165166 -8.02128 159.605
0.247219 -8.02489 159.676
0.328398 -8.02878 159.76
0.397061 -8.03096 159.829
0.472308 -8.03598 159.908
0.537328 -8.03923 159.987
0.606138 -8.04218 160.077
0.669143 -8.04586 160.17

-1.19324 -7.98528 158.486
-0.789461 -7.99552 158.557
-0.671332 -8.0032 158.579
-0.558068 -8.0047 158.611
-0.447185 -8.00715 158.645
-0.333746 -8.01168 158.686
-0.216978 -8.01544 158.732
-0.102456 -8.01965 158.785
0.0120018 -8.02413 158.847
0.124145 -8.02481 158.911
0.23817 -8.02969 158.984
0.341321 -8.03362 159.052
0.439206 -8.03781 159.134
0.540227 -8.04169 159.208
0.639447 -8.04593 159.304
0.728307 -8.04987 159.398
0.813672 -8.05378 159.483
0.896829 -8.05786 159.58
0.978945 -8.06186 159.683
1.05265 -8.06594 159.783
1.12438 -8.06958 159.884
1.19441 -8.07335 159.993
1.26163 -8.07744 160.116
1.31647 -8.07976 160.219
1.37489 -8.08493 160.336
1.42285 -8.08821 160.449
1.47159 -8.09103 160.576
1.5136 -8.09466 160.704

-0.362722 -8.01731 157.93
0.10481 -8.0311 158.111
0.239443 -8.03975 158.168
0.367211 -8.04223 158.234
0.491286 -8.04558 158.302
0.617088 -8.05101 158.379
0.745162 -8.05569 158.463
0.869629 -8.0607 158.554
0.992662 -8.06606 158.656
1.11163 -8.06732 158.759
1.23117 -8.07322 158.874
1.33777 -8.07775 158.98
1.43767 -8.08257 159.102
1.5392 -8.08685 159.212
1.63728 -8.09181 159.351
1.72337 -8.09633 159.486
1.80464 -8.10061 159.609
1.88208 -8.10525 159.744
1.9568 -8.10952 159.887
2.02197 -8.114 160.024
2.0836 -8.11788 160.162
2.1416 -8.12182 160.31
2.19486 -8.1261 160.472
2.23588 -8.12856 160.609
2.27747 -8.13388 160.763
2.30837 -8.13718 160.911
2.33704 -8.13988 161.074
2.35806 -8.14346 161.237

0.467794 -8.04933 157.374
0.999081 -8.06669 157.665
1.15022 -8.07631 157.757
1.29249 -8.07976 157.856
1.42976 -8.084 157.958
1.56792 -8.09034 158.072
1.7073 -8.09595 158.193
1.84171 -8.10175 158.323
1.97332 -8.10798 158.465
2.09912 -8.10982 158.608
2.22417 -8.11675 158.764
2.33421 -8.12188 158.909
2.43614 -8.12733 159.069
2.53817 -8.13202 159.216
2.63512 -8.1377 159.398
2.71843 -8.1428 159.574
2.79561 -8.14744 159.734
2.86734 -8.15263 159.909
2.93465 -8.15717 160.091
2.99128 -8.16207 160.265
3.04282 -8.16619 160.441
3.08878 -8.17028 160.627
3.12809 -8.17475 160.828
3.15529 -8.17737 160.999
3.18005 -8.18283 161.191
3.19389 -8.18616 161.373
3.20248 -8.18874 161.573
3.20251 -8.19227 161.77

-6.12571 -6.79459 161.84
-6.10507 -6.78346 161.254
-6.08623 -6.78533 161.068
-6.06025 -6.78099 160.898
-6.02879 -6.77805 160.727
-5.98986 -6.77717 160.553
-5.94131 -6.77537 160.374
-5.88686 -6.77484 160.196
-5.82426 -6.77404 160.02
-5.75358 -6.7713 159.85
-5.67315 -6.76996 159.669
-5.59121 -6.77022 159.509
-5.50596 -6.77065 159.356
-5.40857 -6.77214 159.212
-5.3032 -6.77213 159.054
-5.19831 -6.77258 158.905
-5.08904 -6.77425 158.761
-4.97225 -6.77501 158.627
-4.84642 -6.77736 158.493
-4.72217 -6.77895 158.37
-4.59057 -6.78117 158.247
-4.44914 -6.78395 158.126
-4.299 -6.78685 158.015
-4.16195 -6.7883 157.912
-4.0034 -6.79257 157.805
-3.85384 -6.79567 157.713
-3.68553 -6.7992 157.62
-3.51846 -6.80311 157.54

-5.2952 -6.82661 161.284
-5.2108 -6.81905 160.808
-5.17546 -6.82189 160.657
-5.13497 -6.81852 160.52
-5.09032 -6.81647 160.384
-5.03903 -6.8165 160.245
-4.97917 -6.81563 160.104
-4.91477 -6.81588 159.965
-4.8436 -6.81597 159.829
-4.76609 -6.8138 159.698
-4.68014 -6.81348 159.559
-4.59477 -6.81436 159.437
-4.50749 -6.8154 159.324
-4.4096 -6.81731 159.216
-4.30536 -6.81802 159.101
-4.20325 -6.81904 158.993
-4.09807 -6.82108 158.887
-3.987 -6.8224 158.791
-3.86857 -6.82502 158.697
-3.75286 -6.82702 158.612
-3.63135 -6.82947 158.525
-3.50195 -6.83241 158.443
-3.36577 -6.83551 158.371
-3.24254 -6.8371 158.303
-3.10082 -6.84152 158.233
-2.96832 -6.84465 158.175
-2.82008 -6.84806 158.119
-2.674 -6.85191 158.073

-4.46468 -6.85864 160.728
-4.31653 -6.85463 160.362
-4.26468 -6.85844 160.246
-4.20969 -6.85605 160.143
-4.15185 -6.8549 160.041
-4.0882 -6.85583 159.938
-4.01702 -6.85588 159.835
-3.94269 -6.85693 159.734
-3.86294 -6.85789 159.638
-3.7786 -6.8563 159.546
-3.68714 -6.85701 159.449
-3.59832 -6.85849 159.366
-3.50903 -6.86016 159.291
-3.41063 -6.86248 159.221
-3.30752 -6.8639 159.148
-3.20819 -6.86551 159.08
-3.1071 -6.86791 159.013
-3.00174 -6.86978 158.956
-2.89072 -6.87267 158.901
-2.78354 -6.87509 158.853
-2.67213 -6.87778 158.804
-2.55476 -6.88088 158.76
-2.43254 -6.88417 158.727
-2.32313 -6.8859 158.693
-2.19823 -6.89047 158.661
-2.08279 -6.89362 158.637
-1.95463 -6.89691 158.617
-1.82954 -6.90071 158.606

-3.63416 -6.89066 160.172
-3.42226 -6.89022 159.916
-3.35391 -6.895 159.835
-3.28441 -6.89358 159.765
-3.21338 -6.89333 159.697
-3.13736 -6.89516 159.631
-3.05488 -6.89614 159.565
-2.9706 -6.89798 159.503
-2.88228 -6.89982 159.446
-2.79111 -6.8988 159.394
-2.69414 -6.90054 159.34
-2.60188 -6.90263 159.294
-2.51056 -6.90492 159.258
-2.41166 -6.90764 159.225
-2.30969 -6.90979 159.195
-2.21313 -6.91197 159.168
-2.11614 -6.91474 159.138
-2.01649 -6.91717 159.12
-1.91286 -6.92032 159.105
-1.81423 -6.92315 159.094
-1.71291 -6.92608 159.082
-1.60757 -6.92934 159.077
-1.4993 -6.93283 159.083
-1.40372 -6.93471 159.083
-1.29565 -6.93942 159.088
-1.19727 -6.9426 159.099
-1.08918 -6.94576 159.116
-0.985088 -6.94952 159.14

-2.80365 -6.92268 159.616
-2.52799 -6.92581 159.47
-2.44313 -6.93156 159.423
-2.35913 -6.93111 159.388
-2.27491 -6.93176 159.354
-2.18653 -6.93449 159.324
-2.09274 -6.93639 159.296
-1.99852 -6.93903 159.272
-1.90162 -6.94174 159.255
-1.80362 -6.94131 159.243
-1.70114 -6.94407 159.23
-1.60543 -6.94676 159.222
-1.5121 -6.94968 159.226
-1.41269 -6.95281 159.229
-1.31185 -6.95567 159.243
-1.21807 -6.95843 159.256
-1.12517 -6.96157 159.264
-1.03123 -6.96455 159.284
-0.935011 -6.96798 159.309
-0.844914 -6.97122 159.335
-0.753693 -6.97438 159.361
-0.66038 -6.9778 159.394
-0.566074 -6.98148 159.439
-0.484311 -6.98351 159.474
-0.393071 -6.98837 159.516
-0.311749 -6.99157 159.561
-0.223734 -6.99461 159.615
-0.140631 -6.99832 159.673

-1.97313 -6.95471 159.06
-1.63372 -6.96139 159.024
-1.53236 -6.96811 159.012
-1.43385 -6.96864 159.011
-1.33644 -6.97019 159.011
-1.2357 -6.97382 159.017
-1.1306 -6.97665 159.026
-1.02643 -6.98007 159.041
-0.920964 -6.98367 159.064
-0.816134 -6.98381 159.091
-0.70814 -6.9876 159.12
-0.60899 -6.9909 159.15
-0.513632 -6.99444 159.193
-0.413722 -6.99798 159.233
-0.31401 -7.00156 159.29
-0.223008 -7.0049 159.343
-0.1342 -7.0084 159.389
-0.0459792 -7.01194 159.449
0.0428409 -7.01563 159.512
0.1244 -7.01929 159.576
0.205525 -7.02268 159.639
0.286808 -7.02627 159.711
0.367157 -7.03014 159.795
0.4351 -7.03231 159.864
0.509511 -7.03731 159.944
0.573773 -7.04055 160.023
0.641714 -7.04346 160.113
0.703826 -7.04712 160.207

-1.14261 -6.98673 158.504
-0.739447 -6.99698 158.578
-0.62158 -7.00467 158.601
-0.508575 -7.00617 158.633
-0.397965 -7.00862 158.668
-0.284862 -7.01315 158.709
-0.168464 -7.0169 158.756
-0.0543468 -7.02112 158.81
0.0596961 -7.0256 158.873
0.171354 -7.02631 158.939
0.284861 -7.03113 159.01
0.387455 -7.03503 159.079
0.484834 -7.0392 159.161
0.585248 -7.04314 159.238
0.683828 -7.04744 159.337
0.772053 -7.05136 159.431
0.856768 -7.05523 159.515
0.939275 -7.05932 159.613
1.02069 -7.06329 159.716
1.09371 -7.06736 159.817
1.16474 -7.07098 159.918
1.234 -7.07473 160.028
1.30039 -7.0788 160.151
1.35451 -7.08111 160.254
1.41209 -7.08626 160.372
1.4593 -7.08952 160.485
1.50716 -7.09232 160.612
1.54828 -7.09593 160.74

-0.312097 -7.01875 157.948
0.154824 -7.03257 158.132
0.289195 -7.04122 158.19
0.416704 -7.04369 158.256
0.540506 -7.04705 158.324
0.665972 -7.05248 158.402
0.793676 -7.05716 158.487
0.917738 -7.06217 158.579
1.04036 -7.06752 158.682
1.15884 -7.06881 158.787
1.27786 -7.07466 158.9
1.3839 -7.07916 159.007
1.4833 -7.08396 159.128
1.58422 -7.08831 159.242
1.68167 -7.09333 159.384
1.76711 -7.09782 159.519
1.84774 -7.10206 159.641
1.92453 -7.10671 159.778
1.99854 -7.11094 159.92
2.06303 -7.11543 160.058
2.12396 -7.11928 160.197
2.18119 -7.12319 160.345
2.23362 -7.12746 160.507
2.27392 -7.12991 160.644
2.31468 -7.13521 160.799
2.34482 -7.1385 160.947
2.37261 -7.14117 161.111
2.39274 -7.14473 161.273

0.51842 -7.05078 157.392
1.04909 -7.06815 157.685
1.19997 -7.07778 157.778
1.34198 -7.08122 157.878
1.47898 -7.08548 157.981
1.61681 -7.09181 158.095
1.75582 -7.09741 158.217
1.88982 -7.10322 158.348
2.02102 -7.10945 158.49
2.14633 -7.11131 158.635
2.27086 -7.11819 158.791
2.38034 -7.1233 158.935
2.48176 -7.12872 159.095
2.58319 -7.13348 159.246
2.6795 -7.13921 159.431
2.76217 -7.14429 159.607
2.8387 -7.14889 159.766
2.90978 -7.15409 159.942
2.9764 -7.1586 160.124
3.03234 -7.16349 160.299
3.08318 -7.16759 160.475
3.12837 -7.17166 160.662
3.16685 -7.17611 160.863
3.19333 -7.17871 161.035
3.21726 -7.18416 161.227
3.23034 -7.18747 161.409
3.23806 -7.19002 161.609
3.2372 -7.19353 161.807

-6.07509 -5.79604 161.859
-6.05506 -5.78492 161.275
-6.03648 -5.7868 161.09
-6.01076 -5.78245 160.92
-5.97957 -5.77952 160.75
-5.94098 -5.77864 160.576
-5.89279 -5.77684 160.398
-5.83875 -5.77631 160.221
-5.77657 -5.77551 160.046
-5.70637 -5.77279 159.877
-5.62646 -5.77139 159.695
-5.54508 -5.77164 159.536
-5.46033 -5.77203 159.383
-5.36355 -5.7736 159.242
-5.25882 -5.77365 159.087
-5.15456 -5.77407 158.937
-5.04594 -5.7757 158.794
-4.92981 -5.77647 158.66
-4.80467 -5.77878 158.527
-4.68111 -5.78037 158.404
-4.55021 -5.78257 158.281
-4.40955 -5.78533 158.16
-4.26024 -5.78821 158.05
-4.12391 -5.78965 157.948
-3.9662 -5.79391 157.841
-3.81739 -5.79699 157.749
-3.64995 -5.80049 157.656
-3.48378 -5.80437 157.576

-5.24457 -5.82806 161.302
-5.16079 -5.82051 160.829
-5.12571 -5.82336 160.679
-5.08548 -5.81998 160.542
-5.0411 -5.81795 160.407
-4.99015 -5.81797 160.269
-4.93065 -5.81709 160.128
-4.86666 -5.81736 159.99
-4.79591 -5.81743 159.854
-4.71888 -5.8153 159.726
-4.63345 -5.81492 159.586
-4.54864 -5.81577 159.464
-4.46187 -5.81679 159.35
-4.36458 -5.81877 159.246
-4.26098 -5.81953 159.134
-4.1595 -5.82053 159.025
-4.05498 -5.82253 158.919
-3.94455 -5.82386 158.825
-3.82682 -5.82644 158.73
-3.7118 -5.82844 158.646
-3.59099 -5.83087 158.56
-3.46236 -5.83379 158.477
-3.32701 -5.83687 158.406
-3.2045 -5.83845 158.338
-3.06361 -5.84285 158.269
-2.93187 -5.84596 158.211
-2.7845 -5.84934 158.155
-2.63932 -5.85318 158.109

-4.41405 -5.86008 160.746
-4.26652 -5.8561 160.383
-4.21493 -5.85991 160.267
-4.1602 -5.85751 160.165
-4.10263 -5.85638 160.063
-4.03931 -5.8573 159.962
-3.96851 -5.85735 159.859
-3.89458 -5.8584 159.759
-3.81525 -5.85936 159.663
-3.73139 -5.8578 159.574
-3.64045 -5.85845 159.476
-3.55219 -5.85991 159.392
-3.4634 -5.86155 159.317
-3.36561 -5.86393 159.25
-3.26314 -5.86542 159.181
-3.16444 -5.867 159.113
-3.06401 -5.86936 159.045
-2.9593 -5.87124 158.989
-2.84897 -5.87409 158.934
-2.74248 -5.87651 158.887
-2.63177 -5.87917 158.838
-2.51517 -5.88225 158.794
-2.39378 -5.88553 158.762
-2.28509 -5.88725 158.728
-2.16103 -5.8918 158.696
-2.04635 -5.89494 158.673
-1.91906 -5.89819 158.654
-1.79486 -5.90198 158.643

-3.58354 -5.89211 160.19
-3.37225 -5.89168 159.937
-3.30415 -5.89647 159.856
-3.23492 -5.89504 159.788
-3.16416 -5.8948 159.72
-3.08848 -5.89663 159.654
-3.00637 -5.8976 159.589
-2.92249 -5.89945 159.528
-2.83459 -5.90129 159.472
-2.7439 -5.9003 159.422
-2.64745 -5.90198 159.366
-2.55575 -5.90404 159.32
-2.46494 -5.90631 159.285
-2.36664 -5.9091 159.255
-2.2653 -5.9113 159.228
-2.16938 -5.91346 159.201
-2.07304 -5.91619 159.17
-1.97404 -5.91863 159.154
-1.87112 -5.92175 159.138
-1.77317 -5.92458 159.128
-1.67255 -5.92748 159.117
-1.56798 -5.93072 159.111
-1.46055 -5.93419 159.118
-1.36568 -5.93605 159.119
-1.25845 -5.94075 159.124
-1.16083 -5.94391 159.135
-1.05361 -5.94705 159.152
-0.950405 -5.95078 159.176

-2.75302 -5.92413 159.634
-2.47798 -5.92727 159.491
-2.39338 -5.93302 159.445
-2.30964 -5.93257 159.41
-2.22569 -5.93323 159.377
-2.13765 -5.93596 159.347
-2.04423 -5.93786 159.32
-1.95041 -5.9405 159.297
-1.85393 -5.94321 159.281
-1.75641 -5.9428 159.27
-1.65445 -5.94551 159.256
-1.5593 -5.94818 159.249
-1.46647 -5.95107 159.252
-1.36767 -5.95427 159.259
-1.26747 -5.95719 159.275
-1.17432 -5.95992 159.288
-1.08207 -5.96302 159.296
-0.988787 -5.96601 159.318
-0.893264 -5.9694 159.342
-0.803854 -5.97264 159.369
-0.713334 -5.97578 159.395
-0.620791 -5.97918 159.428
-0.527315 -5.98284 159.474
-0.446272 -5.98485 159.509
-0.355868 -5.9897 159.552
-0.275304 -5.99289 159.597
-0.188158 -5.9959 159.651
-0.105949 -5.99959 159.71

-1.9225 -5.95615 159.078
-1.5837 -5.96286 159.044
-1.4826 -5.96958 159.034
-1.38436 -5.9701 159.033
-1.28722 -5.97166 159.034
-1.18681 -5.97529 159.04
-1.08209 -5.97812 159.05
-0.978323 -5.98155 159.066
-0.87327 -5.98514 159.09
-0.768925 -5.9853 159.118
-0.66145 -5.98904 159.146
-0.562856 -5.99231 159.177
-0.468005 -5.99583 159.22
-0.368701 -5.99943 159.263
-0.269629 -6.00307 159.322
-0.179262 -6.00639 159.376
-0.0911032 -6.00985 159.422
-0.00353281 -6.0134 159.482
0.0845885 -6.01706 159.546
0.16546 -6.02071 159.61
0.245884 -6.02408 159.674
0.326398 -6.02764 159.745
0.405916 -6.0315 159.83
0.473139 -6.03365 159.899
0.546714 -6.03865 159.98
0.610218 -6.04186 160.059
0.677291 -6.04475 160.149
0.738508 -6.04839 160.243

-1.09199 -5.98817 158.522
-0.689433 -5.99844 158.598
-0.571828 -6.00613 158.622
-0.459081 -6.00763 158.655
-0.348745 -6.01009 158.69
-0.235978 -6.01462 158.733
-0.119951 -6.01837 158.78
-0.00623732 -6.02259 158.835
0.10739 -6.02706 158.898
0.218564 -6.0278 158.966
0.331551 -6.03257 159.037
0.433589 -6.03645 159.105
0.530461 -6.04059 159.187
0.630269 -6.0446 159.267
0.728208 -6.04896 159.369
0.815799 -6.05285 159.464
0.899865 -6.05668 159.547
0.981722 -6.06078 159.647
1.06244 -6.06471 159.749
1.13477 -6.06878 159.851
1.2051 -6.07238 159.952
1.27359 -6.0761 160.062
1.33915 -6.08016 160.186
1.39255 -6.08246 160.289
1.4493 -6.08759 160.407
1.49574 -6.09084 160.521
1.54274 -6.0936 160.648
1.58297 -6.09719 160.776

-0.261471 -6.0202 157.966
0.204838 -6.03403 158.152
0.338947 -6.04269 158.211
0.466198 -6.04516 158.278
0.589727 -6.04852 158.347
0.714856 -6.05395 158.426
0.842189 -6.05863 158.511
0.965848 -6.06364 158.604
1.08805 -6.06899 158.707
1.20605 -6.07031 158.814
1.32455 -6.0761 158.927
1.43003 -6.08058 159.033
1.52893 -6.08535 159.154
1.62924 -6.08977 159.272
1.72605 -6.09484 159.416
1.81086 -6.09932 159.552
1.89083 -6.10351 159.673
1.96698 -6.10817 159.811
2.04029 -6.11236 159.953
2.10409 -6.11685 160.092
2.16432 -6.12068 160.231
2.22078 -6.12457 160.379
2.27238 -6.12882 160.542
2.31196 -6.13126 160.68
2.35188 -6.13654 160.835
2.38126 -6.13981 160.983
2.40819 -6.14245 161.147
2.42742 -6.146 161.31

0.569045 -6.05222 157.41
1.09911 -6.06962 157.706
1.24972 -6.07925 157.8
1.39148 -6.08269 157.9
1.5282 -6.08695 158.004
1.66569 -6.09328 158.118
1.80433 -6.09888 158.241
1.93793 -6.10469 158.373
2.06871 -6.11092 158.516
2.19354 -6.11281 158.663
2.31755 -6.11963 158.817
2.42648 -6.12471 158.961
2.52739 -6.13011 159.122
2.62821 -6.13494 159.276
2.72388 -6.14073 159.463
2.80592 -6.14578 159.639
2.8818 -6.15034 159.799
2.95223 -6.15555 159.976
3.01814 -6.16002 160.157
3.0734 -6.16492 160.333
3.12354 -6.16899 160.509
3.16796 -6.17303 160.696
3.20561 -6.17747 160.897
3.23137 -6.18006 161.07
3.25446 -6.18549 161.263
3.26679 -6.18878 161.445
3.27364 -6.19131 161.645
3.27188 -6.1948 161.843

-6.02446 -4.79748 161.877
-6.00505 -4.78639 161.296
-5.98673 -4.78827 161.111
-5.96126 -4.78392 160.942
-5.93035 -4.78099 160.773
-5.8921 -4.78012 160.599
-5.84428 -4.77831 160.422
-5.79064 -4.77778 160.246
-5.72887 -4.77698 160.071
-5.65916 -4.77429 159.905
-5.57977 -4.77283 159.722
-5.49895 -4.77305 159.562
-5.41471 -4.77342 159.409
-5.31853 -4.77506 159.272
-5.21444 -4.77516 159.119
-5.11082 -4.77556 158.97
-5.00285 -4.77715 158.826
-4.88736 -4.77794 158.694
-4.76292 -4.78021 158.56
-4.64005 -4.78179 158.438
-4.50985 -4.78397 158.315
-4.36996 -4.7867 158.194
-4.22148 -4.78957 158.085
-4.08587 -4.791 157.983
-3.92899 -4.79524 157.877
-3.78095 -4.7983 157.785
-3.61438 -4.80177 157.692
-3.44909 -4.80564 157.613

-5.19394 -4.8295 161.321
-5.11077 -4.82197 160.849
-5.07595 -4.82482 160.7
-5.03598 -4.82145 160.564
-4.99188 -4.81942 160.429
-4.94126 -4.81945 160.292
-4.88214 -4.81856 160.152
-4.81855 -4.81883 160.015
-4.74822 -4.8189 159.88
-4.67167 -4.81679 159.753
-4.58676 -4.81636 159.612
-4.5025 -4.81719 159.49
-4.41624 -4.81818 159.376
-4.31956 -4.82022 159.276
-4.2166 -4.82105 159.166
-4.11576 -4.82202 159.058
-4.01188 -4.82398 158.951
-3.9021 -4.82532 158.858
-3.78507 -4.82786 158.764
-3.67074 -4.82986 158.68
-3.55063 -4.83227 158.594
-3.42277 -4.83516 158.511
-3.28825 -4.83823 158.441
-3.16646 -4.8398 158.373
-3.02641 -4.84419 158.304
-2.89543 -4.84727 158.247
-2.74893 -4.85063 158.191
-2.60464 -4.85444 158.146

-4.36343 -4.86153 160.765
-4.2165 -4.85756 160.403
-4.16518 -4.86138 160.289
-4.1107 -4.85898 160.187
-4.05341 -4.85785 160.086
-3.99043 -4.85877 159.985
-3.92 -4.85882 159.883
-3.84647 -4.85987 159.784
-3.76755 -4.86083 159.689
-3.68418 -4.85929 159.601
-3.59376 -4.85989 159.502
-3.50606 -4.86132 159.418
-3.41777 -4.86294 159.344
-3.32059 -4.86539 159.28
-3.21876 -4.86693 159.213
-3.1207 -4.86849 159.146
-3.02091 -4.87081 159.077
-2.91685 -4.8727 159.023
-2.80722 -4.87552 158.967
-2.70142 -4.87793 158.921
-2.59141 -4.88057 158.872
-2.47558 -4.88363 158.828
-2.35502 -4.88689 158.797
-2.24705 -4.8886 158.764
-2.12383 -4.89314 158.732
-2.0099 -4.89625 158.709
-1.88348 -4.89948 158.69
-1.76018 -4.90325 158.679

-3.53291 -4.89355 160.208
-3.32223 -4.89315 159.957
-3.2544 -4.89794 159.878
-3.18542 -4.89651 159.81
-3.11494 -4.89628 159.743
-3.03959 -4.8981 159.678
-2.95786 -4.89907 159.613
-2.87438 -4.90092 159.553
-2.7869 -4.90275 159.498
-2.69669 -4.90179 159.449
-2.60076 -4.90342 159.392
-2.50961 -4.90546 159.347
-2.41931 -4.9077 159.311
-2.32162 -4.91056 159.284
-2.22092 -4.91282 159.261
-2.12564 -4.91495 159.233
-2.02994 -4.91764 159.203
-1.9316 -4.92009 159.187
-1.82937 -4.92317 159.171
-1.73211 -4.926 159.162
-1.63219 -4.92888 159.151
-1.52839 -4.93209 159.145
-1.42179 -4.93555 159.153
-1.32764 -4.9374 159.154
-1.22125 -4.94208 159.16
-1.12438 -4.94522 159.171
-1.01803 -4.94833 159.188
-0.915723 -4.95205 159.213

-2.70239 -4.92557 159.652
-2.42796 -4.92873 159.511
-2.34363 -4.93449 159.466
-2.26015 -4.93404 159.432
-2.17647 -4.9347 159.4
-2.08876 -4.93743 159.371
-1.99572 -4.93933 159.344
-1.9023 -4.94197 159.322
-1.80624 -4.94468 159.307
-1.7092 -4.94429 159.298
-1.60776 -4.94695 159.283
-1.51317 -4.94959 159.275
-1.42084 -4.95246 159.279
-1.32265 -4.95573 159.289
-1.22309 -4.9587 159.308
-1.13058 -4.96142 159.321
-1.03898 -4.96447 159.328
-0.946341 -4.96747 159.351
-0.851516 -4.97082 159.375
-0.762794 -4.97407 159.403
-0.672975 -4.97718 159.429
-0.581201 -4.98055 159.462
-0.488556 -4.98421 159.509
-0.408233 -4.9862 159.544
-0.318665 -4.99103 159.588
-0.238858 -4.9942 159.633
-0.152582 -4.99718 159.687
-0.0712662 -5.00085 159.746

-1.87188 -4.9576 159.096
-1.53369 -4.96432 159.065
-1.43285 -4.97105 159.055
-1.33487 -4.97157 159.055
-1.238 -4.97313 159.056
-1.13793 -4.97676 159.064
-1.03358 -4.97958 159.074
-0.930213 -4.98302 159.091
-0.825575 -4.98661 159.115
-0.721716 -4.9868 159.146
-0.61476 -4.99048 159.173
-0.516723 -4.99373 159.203
-0.422378 -4.99722 159.246
-0.32368 -5.00089 159.293
-0.225249 -5.00459 159.355
-0.135515 -5.00788 159.409
-0.0480067 -5.0113 159.454
0.0389136 -5.01486 159.516
0.126336 -5.01848 159.579
0.20652 -5.02213 159.644
0.286243 -5.02548 159.708
0.365987 -5.02902 159.779
0.444674 -5.03286 159.864
0.511178 -5.035 159.934
0.583917 -5.03998 160.015
0.646664 -5.04317 160.095
0.712867 -5.04603 160.185
0.773191 -5.04966 160.28

-1.04136 -4.98962 158.54
-0.639419 -4.99991 158.619
-0.522076 -5.0076 158.644
-0.409587 -5.0091 158.677
-0.299525 -5.01156 158.713
-0.187094 -5.01609 158.756
-0.071438 -5.01984 158.804
0.0418722 -5.02407 158.86
0.155085 -5.02853 158.924
0.265773 -5.0293 158.994
0.378242 -5.03401 159.063
0.479722 -5.03786 159.131
0.576088 -5.04198 159.213
0.67529 -5.04606 159.297
0.772589 -5.05047 159.402
0.859545 -5.05434 159.496
0.942961 -5.05813 159.58
1.02417 -5.06224 159.68
1.10419 -5.06613 159.783
1.17583 -5.0702 159.885
1.24546 -5.07378 159.986
1.31318 -5.07748 160.096
1.37791 -5.08152 160.22
1.43059 -5.0838 160.325
1.4865 -5.08893 160.443
1.53219 -5.09215 160.557
1.57832 -5.09489 160.684
1.61765 -5.09846 160.813

-0.210846 -5.02165 157.984
0.254852 -5.0355 158.173
0.388699 -5.04416 158.232
0.515692 -5.04663 158.3
0.638947 -5.04999 158.37
0.76374 -5.05542 158.449
0.890702 -5.06009 158.535
1.01396 -5.06511 158.629
1.13574 -5.07046 158.733
1.25326 -5.0718 158.842
1.37124 -5.07754 158.953
1.47617 -5.08199 159.06
1.57455 -5.08674 159.181
1.67426 -5.09123 159.301
1.77043 -5.09636 159.449
1.85461 -5.10081 159.584
1.93393 -5.10496 159.705
2.00942 -5.10963 159.845
2.08204 -5.11379 159.986
2.14515 -5.11827 160.126
2.20468 -5.12208 160.265
2.26036 -5.12594 160.413
2.31114 -5.13018 160.576
2.35 -5.1326 160.715
2.38908 -5.13788 160.871
2.41771 -5.14112 161.019
2.44376 -5.14374 161.183
2.4621 -5.14727 161.346

0.619671 -5.05367 157.428
1.14912 -5.07108 157.727
1.29947 -5.08072 157.821
1.44097 -5.08416 157.922
1.57742 -5.08842 158.027
1.71457 -5.09475 158.142
1.85284 -5.10035 158.265
1.98604 -5.10616 158.398
2.1164 -5.11238 158.542
2.24075 -5.1143 158.69
2.36424 -5.12107 158.843
2.47261 -5.12613 158.988
2.57302 -5.1315 159.148
2.67323 -5.13639 159.306
2.76826 -5.14224 159.496
2.84967 -5.14727 159.672
2.9249 -5.15179 159.831
2.99468 -5.15701 160.009
3.05989 -5.16144 160.19
3.11446 -5.16634 160.367
3.1639 -5.17039 160.543
3.20755 -5.17441 160.73
3.24437 -5.17884 160.932
3.26941 -5.1814 161.105
3.29166 -5.18682 161.299
3.30323 -5.1901 161.481
3.30921 -5.19259 161.681
3.30656 -5.19607 161.88

-5.97383 -3.79893 161.895
-5.95503 -3.78785 161.316
-5.93698 -3.78974 161.133
-5.91177 -3.78539 160.964
-5.88113 -3.78246 160.795
-5.84321 -3.78159 160.623
-5.79577 -3.77977 160.446
-5.74253 -3.77925 160.271
-5.68118 -3.77844 160.097
-5.61195 -3.77578 159.933
-5.53307 -3.77427 159.748
-5.45281 -3.77447 159.588
-5.36908 -3.77481 159.435
-5.27351 -3.77652 159.301
-5.17006 -3.77668 159.152
-5.06707 -3.77705 159.003
-4.95975 -3.7786 158.858
-4.84491 -3.7794 158.727
-4.72118 -3.78163 158.593
-4.59899 -3.78322 158.472
-4.46949 -3.78537 158.35
-4.33037 -3.78808 158.229
-4.18272 -3.79094 158.12
-4.04784 -3.79234 158.018
-3.89179 -3.79657 157.913
-3.7445 -3.79961 157.821
-3.5788 -3.80306 157.729
-3.41441 -3.80691 157.649

-5.14332 -3.83095 161.339
-5.06076 -3.82344 160.87
-5.0262 -3.82629 160.721
-4.98649 -3.82292 160.586
-4.94266 -3.82089 160.452
-4.89238 -3.82092 160.316
-4.83363 -3.82003 160.176
-4.77044 -3.8203 160.04
-4.70052 -3.82037 159.906
-4.62446 -3.81828 159.781
-4.54007 -3.8178 159.638
-4.45637 -3.8186 159.517
-4.37061 -3.81957 159.403
-4.27454 -3.82168 159.306
-4.17222 -3.82256 159.199
-4.07201 -3.82351 159.09
-3.96878 -3.82543 158.984
-3.85966 -3.82678 158.892
-3.74332 -3.82929 158.797
-3.62968 -3.83128 158.714
-3.51027 -3.83367 158.628
-3.38318 -3.83654 158.546
-3.24949 -3.83959 158.476
-3.12842 -3.84114 158.409
-2.98921 -3.84552 158.34
-2.85898 -3.84859 158.283
-2.71335 -3.85191 158.227
-2.56995 -3.85571 158.182

-4.3128 -3.86297 160.783
-4.16649 -3.85902 160.424
-4.11543 -3.86285 160.31
-4.06121 -3.86045 160.209
-4.00419 -3.85932 160.109
-3.94154 -3.86025 160.009
-3.87149 -3.86028 159.907
-3.79836 -3.86135 159.809
-3.71986 -3.8623 159.715
-3.63697 -3.86079 159.629
-3.54707 -3.86133 159.529
-3.45992 -3.86274 159.445
-3.37215 -3.86433 159.37
-3.27557 -3.86685 159.31
-3.17438 -3.86845 159.246
-3.07695 -3.86998 159.178
-2.97781 -3.87226 159.109
-2.8744 -3.87417 159.056
-2.76547 -3.87694 159.001
-2.66036 -3.87935 158.955
-2.55105 -3.88197 158.907
-2.43599 -3.885 158.863
-2.31626 -3.88825 158.831
-2.20901 -3.88994 158.799
-2.08663 -3.89447 158.768
-1.97346 -3.89756 158.745
-1.8479 -3.90076 158.726
-1.7255 -3.90451 158.716

-3.48229 -3.895 160.227
-3.27222 -3.89461 159.978
-3.20465 -3.8994 159.899
-3.13593 -3.89798 159.832
-3.06572 -3.89775 159.766
-2.99071 -3.89958 159.701
-2.90935 -3.90054 159.637
-2.82627 -3.90239 159.578
-2.7392 -3.90422 159.523
-2.64948 -3.90329 159.477
-2.55407 -3.90486 159.419
-2.46348 -3.90687 159.373
-2.37368 -3.90909 159.338
-2.2766 -3.91202 159.314
-2.17654 -3.91433 159.293
-2.08189 -3.91644 159.266
-1.98685 -3.91909 159.235
-1.88915 -3.92155 159.22
-1.78762 -3.92459 159.204
-1.69105 -3.92742 159.196
-1.59183 -3.93028 159.185
-1.4888 -3.93347 159.18
-1.38303 -3.93691 159.187
-1.2896 -3.93874 159.189
-1.18404 -3.94342 159.196
-1.08794 -3.94654 159.207
-0.982455 -3.94962 159.224
-0.881041 -3.95332 159.249

-2.65177 -3.92702 159.67
-2.37795 -3.9302 159.532
-2.29387 -3.93596 159.488
-2.21065 -3.93551 159.454
-2.12725 -3.93618 159.422
-2.03988 -3.93891 159.394
-1.94721 -3.94079 159.368
-1.85419 -3.94344 159.347
-1.75854 -3.94615 159.332
-1.662 -3.94579 159.325
-1.56107 -3.94839 159.309
-1.46703 -3.95101 159.301
-1.37522 -3.95385 159.305
-1.27763 -3.95718 159.318
-1.17871 -3.96022 159.34
-1.08683 -3.96291 159.354
-0.995878 -3.96592 159.361
-0.903895 -3.96894 159.385
-0.809768 -3.97225 159.408
-0.721734 -3.97549 159.437
-0.632616 -3.97858 159.464
-0.541612 -3.98193 159.497
-0.449798 -3.98557 159.543
-0.370194 -3.98755 159.579
-0.281462 -3.99236 159.623
-0.202413 -3.99551 159.669
-0.117006 -3.99847 159.723
-0.0365838 -4.00212 159.783

-1.82125 -3.95904 159.114
-1.48368 -3.96579 159.086
-1.3831 -3.97252 159.076
-1.28537 -3.97304 159.077
-1.18878 -3.97461 159.079
-1.08904 -3.97824 159.087
-0.985065 -3.98105 159.098
-0.882104 -3.98449 159.116
-0.777881 -3.98807 159.141
-0.674507 -3.98829 159.173
-0.568069 -3.99192 159.199
-0.470589 -3.99514 159.23
-0.37675 -3.99861 159.272
-0.278659 -4.00235 159.323
-0.180868 -4.0061 159.387
-0.0917689 -4.00937 159.441
-0.00491025 -4.01275 159.486
0.0813599 -4.01632 159.549
0.168084 -4.0199 159.612
0.247581 -4.02356 159.678
0.326602 -4.02688 159.742
0.405577 -4.03039 159.814
0.483433 -4.03422 159.899
0.549217 -4.03635 159.97
0.62112 -4.04131 160.051
0.683109 -4.04449 160.131
0.748443 -4.04732 160.222
0.807873 -4.05093 160.316

-0.990737 -3.99107 158.558
-0.589405 -4.00137 158.64
-0.472324 -4.00907 158.665
-0.360093 -4.01057 158.699
-0.250305 -4.01303 158.736
-0.13821 -4.01757 158.78
-0.0229248 -4.0213 158.829
0.0899817 -4.02554 158.885
0.202779 -4.03 158.95
0.312982 -4.03079 159.021
0.424932 -4.03545 159.089
0.525856 -4.03927 159.158
0.621715 -4.04337 159.24
0.720311 -4.04752 159.327
0.81697 -4.05199 159.434
0.903292 -4.05583 159.529
0.986058 -4.05958 159.612
1.06661 -4.0637 159.714
1.14594 -4.06756 159.816
1.21689 -4.07162 159.919
1.28582 -4.07518 160.021
1.35277 -4.07886 160.131
1.41666 -4.08288 160.255
1.46863 -4.08515 160.36
1.5237 -4.09026 160.479
1.56863 -4.09346 160.593
1.61389 -4.09617 160.72
1.65233 -4.09973 160.849

-0.16022 -4.02309 158.002
0.304866 -4.03696 158.193
0.438451 -4.04563 158.254
0.565186 -4.0481 158.322
0.688167 -4.05146 158.393
0.812624 -4.0569 158.473
0.939215 -4.06156 158.559
1.06207 -4.06658 158.654
1.18344 -4.07193 158.759
1.30047 -4.07329 158.87
1.41793 -4.07898 158.98
1.5223 -4.08341 159.086
1.62018 -4.08813 159.207
1.71928 -4.09268 159.331
1.81481 -4.09787 159.481
1.89835 -4.1023 159.617
1.97703 -4.10641 159.738
2.05187 -4.11109 159.878
2.12379 -4.11521 160.02
2.18621 -4.11969 160.16
2.24504 -4.12348 160.299
2.29995 -4.12732 160.448
2.3499 -4.13154 160.611
2.38804 -4.13395 160.75
2.42628 -4.13921 160.907
2.45415 -4.14244 161.055
2.47934 -4.14502 161.219
2.49679 -4.14853 161.383

0.670296 -4.05511 157.446
1.19914 -4.07255 157.747
1.34923 -4.08218 157.843
1.49046 -4.08563 157.944
1.62664 -4.08989 158.05
1.76346 -4.09623 158.165
1.90136 -4.10181 158.289
2.03415 -4.10763 158.423
2.1641 -4.11385 158.567
2.28796 -4.1158 158.718
2.41093 -4.12251 158.87
2.51875 -4.12754 159.014
2.61865 -4.13289 159.175
2.71825 -4.13785 159.335
2.81264 -4.14376 159.528
2.89341 -4.14876 159.705
2.96799 -4.15324 159.863
3.03712 -4.15847 160.042
3.10164 -4.16286 160.223
3.15552 -4.16776 160.401
3.20426 -4.17179 160.578
3.24714 -4.17578 160.765
3.28313 -4.1802 160.967
3.30745 -4.18275 161.14
3.32887 -4.18816 161.334
3.33968 -4.19141 161.518
3.34479 -4.19388 161.717
3.34124 -4.19734 161.916

-5.92321 -2.80037 161.913
-5.90502 -2.78931 161.337
-5.88722 -2.7912 161.154
-5.86227 -2.78686 160.986
-5.83191 -2.78393 160.818
-5.79433 -2.78306 160.646
-5.74725 -2.78124 160.47
-5.69442 -2.78072 160.296
-5.63349 -2.77991 160.123
-5.56474 -2.77728 159.96
-5.48638 -2.77571 159.775
-5.40668 -2.77588 159.615
-5.32345 -2.7762 159.462
-5.22849 -2.77797 159.331
-5.12568 -2.77819 159.184
-5.02333 -2.77854 159.035
-4.91665 -2.78005 158.89
-4.80247 -2.78086 158.761
-4.67943 -2.78305 158.626
-4.55793 -2.78464 158.506
-4.42913 -2.78677 158.384
-4.29078 -2.78945 158.263
-4.14396 -2.7923 158.154
-4.0098 -2.79369 158.054
-3.85459 -2.7979 157.948
-3.70806 -2.80093 157.857
-3.54323 -2.80434 157.765
-3.37973 -2.80817 157.686

-5.09269 -2.8324 161.357
-5.01075 -2.8249 160.891
-4.97645 -2.82776 160.743
-4.93699 -2.82439 160.608
-4.89344 -2.82236 160.475
-4.84349 -2.82239 160.339
-4.78511 -2.82149 160.2
-4.72233 -2.82177 160.065
-4.65283 -2.82184 159.931
-4.57725 -2.81978 159.808
-4.49338 -2.81924 159.665
-4.41024 -2.82002 159.543
-4.32499 -2.82096 159.429
-4.22952 -2.82314 159.335
-4.12784 -2.82408 159.231
-4.02826 -2.82501 159.123
-3.92569 -2.82688 159.016
-3.81721 -2.82824 158.925
-3.70158 -2.83071 158.83
-3.58862 -2.83271 158.748
-3.46991 -2.83507 158.662
-3.34359 -2.83792 158.58
-3.21073 -2.84095 158.51
-3.09039 -2.84249 158.444
-2.95201 -2.84685 158.376
-2.82253 -2.8499 158.319
-2.67778 -2.8532 158.263
-2.53527 -2.85698 158.219

-4.26218 -2.86442 160.801
-4.11648 -2.86049 160.445
-4.06567 -2.86432 160.332
-4.01172 -2.86192 160.231
-3.95497 -2.86079 160.132
-3.89266 -2.86172 160.032
-3.82297 -2.86175 159.931
-3.75025 -2.86282 159.834
-3.67217 -2.86376 159.74
-3.58976 -2.86228 159.656
-3.50038 -2.86277 159.555
-3.41379 -2.86415 159.471
-3.32652 -2.86572 159.397
-3.23055 -2.86831 159.34
-3.13 -2.86996 159.279
-3.0332 -2.87147 159.211
-2.93472 -2.87371 159.142
-2.83196 -2.87563 159.089
-2.72372 -2.87836 159.034
-2.6193 -2.88077 158.989
-2.51069 -2.88337 158.941
-2.3964 -2.88638 158.897
-2.2775 -2.88961 158.866
-2.17098 -2.89129 158.834
-2.04942 -2.8958 158.804
-1.93701 -2.89888 158.781
-1.81233 -2.90205 158.762
-1.69082 -2.90578 158.752

-3.43166 -2.89644 160.245
-3.2222 -2.89608 159.998
-3.1549 -2.90087 159.92
-3.08644 -2.89945 159.854
-3.0165 -2.89922 159.788
-2.94183 -2.90105 159.725
-2.86083 -2.902 159.661
-2.77816 -2.90386 159.603
-2.69151 -2.90569 159.549
-2.60227 -2.90478 159.504
-2.50738 -2.9063 159.445
-2.41735 -2.90829 159.4
-2.32805 -2.91048 159.364
-2.23158 -2.91347 159.344
-2.13216 -2.91585 159.326
-2.03814 -2.91793 159.299
-1.94375 -2.92054 159.267
-1.8467 -2.92301 159.254
-1.74587 -2.92602 159.238
-1.64999 -2.92884 159.23
-1.55148 -2.93168 159.219
-1.44921 -2.93484 159.214
-1.34427 -2.93827 159.222
-1.25157 -2.94009 159.224
-1.14684 -2.94475 159.231
-1.05149 -2.94785 159.243
-0.946879 -2.9509 159.26
-0.846358 -2.95459 159.286

-2.60114 -2.92847 159.689
-2.32793 -2.93166 159.552
-2.24412 -2.93743 159.509
-2.16116 -2.93698 159.476
-2.07803 -2.93765 159.445
-1.99099 -2.94038 159.418
-1.89869 -2.94226 159.392
-1.80608 -2.94491 159.372
-1.71085 -2.94762 159.358
-1.61479 -2.94728 159.353
-1.51438 -2.94983 159.335
-1.4209 -2.95242 159.328
-1.32959 -2.95524 159.331
-1.23261 -2.95864 159.348
-1.13432 -2.96173 159.373
-1.04308 -2.9644 159.386
-0.952782 -2.96737 159.393
-0.861448 -2.9704 159.418
-0.768021 -2.97367 159.441
-0.680674 -2.97691 159.471
-0.592257 -2.97998 159.498
-0.502022 -2.9833 159.531
-0.411039 -2.98693 159.578
-0.332155 -2.98889 159.615
-0.244259 -2.9937 159.659
-0.165968 -2.99683 159.705
-0.0814298 -2.99975 159.759
-0.00190139 -3.00339 159.819

-1.77063 -2.96049 159.133
-1.43366 -2.96725 159.106
-1.33335 -2.97398 159.098
-1.23588 -2.97451 159.099
-1.13956 -2.97608 159.102
-1.04016 -2.97971 159.11
-0.936552 -2.98252 159.122
-0.833994 -2.98596 159.141
-0.730187 -2.98954 159.167
-0.627297 -2.98979 159.201
-0.521379 -2.99336 159.226
-0.424456 -2.99656 159.256
-0.331123 -3 159.299
-0.233638 -3.00381 159.352
-0.136487 -3.00762 159.42
-0.0480227 -3.01086 159.474
0.0381863 -3.0142 159.519
0.123806 -3.01778 159.583
0.209831 -3.02133 159.645
0.288641 -3.02498 159.712
0.366961 -3.02828 159.776
0.445167 -3.03177 159.848
0.522192 -3.03558 159.934
0.587255 -3.03769 160.005
0.658323 -3.04265 160.087
0.719555 -3.0458 160.167
0.784019 -3.04861 160.258
0.842555 -3.05219 160.352

-0.940111 -2.99251 158.576
-0.539391 -3.00284 158.66
-0.422572 -3.01054 158.687
-0.3106 -3.01204 158.721
-0.201084 -3.01451 158.759
-0.0893257 -3.01904 158.803
0.0255884 -3.02277 158.853
0.138091 -3.02701 158.91
0.250473 -3.03147 158.975
0.360192 -3.03229 159.049
0.471622 -3.03689 159.116
0.571989 -3.04069 159.184
0.667342 -3.04476 159.266
0.765332 -3.04897 159.357
0.86135 -3.0535 159.467
0.947038 -3.05732 159.562
1.02915 -3.06103 159.644
1.10906 -3.06517 159.747
1.18768 -3.06898 159.849
1.25796 -3.07305 159.953
1.32618 -3.07658 160.055
1.39236 -3.08023 160.165
1.45542 -3.08424 160.29
1.50667 -3.08649 160.395
1.5609 -3.09159 160.515
1.60508 -3.09477 160.629
1.64947 -3.09746 160.756
1.68701 -3.101 160.886

-0.109595 -3.02454 158.02
0.35488 -3.03842 158.214
0.488203 -3.0471 158.275
0.614679 -3.04957 158.344
0.737387 -3.05293 158.416
0.861508 -3.05837 158.496
0.987729 -3.06303 158.583
1.11018 -3.06806 158.679
1.23113 -3.07339 158.784
1.34768 -3.07479 158.897
1.46462 -3.08042 159.006
1.56843 -3.08482 159.113
1.66581 -3.08952 159.234
1.7643 -3.09414 159.361
1.85919 -3.09939 159.514
1.9421 -3.10379 159.649
2.02012 -3.10786 159.77
2.09432 -3.11255 159.911
2.16553 -3.11663 160.053
2.22727 -3.12112 160.194
2.2854 -3.12488 160.333
2.33954 -3.12869 160.482
2.38865 -3.1329 160.646
2.42608 -3.13529 160.785
2.46349 -3.14054 160.942
2.4906 -3.14375 161.092
2.51492 -3.14631 161.255
2.53147 -3.1498 161.419

0.720922 -3.05656 157.464
1.24915 -3.07401 157.768
1.39898 -3.08365 157.864
1.53996 -3.0871 157.967
1.67586 -3.09136 158.072
1.81234 -3.0977 158.189
1.94987 -3.10328 158.313
2.08226 -3.1091 158.448
2.21179 -3.11532 158.593
2.33517 -3.11729 158.745
2.45762 -3.12394 158.896
2.56488 -3.12896 159.041
2.66427 -3.13428 159.201
2.76327 -3.13931 159.365
2.85703 -3.14527 159.561
2.93716 -3.15025 159.737
3.01109 -3.15469 159.896
3.07957 -3.15993 160.076
3.14339 -3.16429 160.257
3.19658 -3.16918 160.435
3.24462 -3.17319 160.612
3.28673 -3.17716 160.799
3.32188 -3.18156 161.002
3.34549 -3.1841 161.176
3.36607 -3.18949 161.37
3.37612 -3.19272 161.554
3.38037 -3.19516 161.754
3.37593 -3.1986 161.953

