1.54098 -4.25017 306.717
1.07785 -4.26179 307.09
0.542029 -4.28047 307.667
0.335785 -4.29078 307.952
0.00174311 -4.31053 308.633
-0.137281 -4.32771 308.902
-0.184844 -4.34825 309.769
-0.145777 -4.3707 310.482
-0.00511894 -4.39106 311.155
0.259181 -4.41154 311.793
0.540938 -4.42493 312.313
0.931016 -4.43832 312.765

2.27769 -4.23389 307.393
1.90928 -4.24211 307.645
1.46994 -4.25594 308.039
1.29563 -4.26365 308.232
0.999532 -4.27815 308.691
0.860872 -4.29174 308.853
0.794397 -4.30909 309.57
0.782744 -4.32771 310.114
0.852213 -4.34487 310.642
1.01513 -4.3623 311.141
1.19773 -4.37376 311.56
1.46206 -4.38556 311.92

3.01439 -4.21761 308.069
2.74072 -4.22243 308.2
2.39784 -4.2314 308.411
2.25548 -4.23652 308.511
1.99732 -4.24578 308.749
1.85902 -4.25576 308.804
1.77364 -4.26992 309.371
1.71127 -4.28472 309.745
1.70955 -4.29868 310.13
1.77108 -4.31306 310.488
1.85453 -4.3226 310.808
1.99311 -4.33281 311.074

3.7511 -4.20133 308.745
3.57216 -4.20275 308.755
3.32575 -4.20687 308.783
3.21533 -4.2094 308.79
2.99511 -4.21341 308.807
2.85718 -4.21979 308.755
2.75288 -4.23076 309.172
2.63979 -4.24173 309.376
2.56688 -4.25249 309.617
2.52702 -4.26382 309.835
2.51132 -4.27143 310.056
2.52415 -4.28005 310.228

4.4878 -4.18505 309.421
4.4036 -4.18307 309.311
4.25365 -4.18233 309.155
4.17517 -4.18227 309.069
3.9929 -4.18104 308.865
3.85533 -4.18381 308.706
3.73212 -4.1916 308.974
3.56831 -4.19874 309.007
3.42421 -4.20631 309.104
3.28297 -4.21459 309.182
3.16811 -4.22027 309.303
3.0552 -4.22729 309.383

5.2245 -4.16877 310.097
5.23503 -4.16339 309.866
5.18156 -4.1578 309.527
5.13502 -4.15514 309.348
4.99069 -4.14867 308.923
4.85348 -4.14784 308.657
4.71136 -4.15244 308.775
4.49683 -4.15575 308.638
4.28154 -4.16012 308.592
4.03892 -4.16535 308.53
3.82491 -4.1691 308.551
3.58624 -4.17453 308.537

5.96121 -4.15249 310.773
6.06647 -4.14371 310.421
6.10947 -4.13326 309.899
6.09487 -4.12801 309.628
5.98848 -4.1163 308.981
5.85164 -4.11187 308.608
5.6906 -4.11328 308.576
5.42535 -4.11275 308.27
5.13887 -4.11393 308.079
4.79486 -4.11611 307.877
4.4817 -4.11794 307.799
4.11729 -4.12177 307.691

6.69791 -4.13621 311.449
6.89791 -4.12402 310.977
7.03737 -4.10873 310.271
7.05472 -4.10088 309.907
6.98627 -4.08393 309.039
6.84979 -4.07589 308.559
6.66984 -4.07412 308.377
6.35387 -4.06976 307.901
5.99621 -4.06774 307.566
5.55081 -4.06687 307.224
5.13849 -4.06677 307.046
4.64833 -4.06902 306.845

7.43462 -4.11993 312.125
7.72934 -4.10434 311.532
7.96528 -4.08419 310.643
8.01456 -4.07375 310.186
7.98405 -4.05156 309.097
7.84794 -4.03992 308.51
7.64908 -4.03495 308.178
7.28239 -4.02677 307.532
6.85354 -4.02155 307.054
6.30676 -4.01763 306.571
5.79529 -4.01561 306.294
5.17938 -4.01626 306

1.50842 -3.25076 306.728
1.04352 -3.26251 307.106
0.50648 -3.28136 307.69
0.300039 -3.29175 307.978
-0.0330945 -3.31202 308.675
-0.170765 -3.32956 308.953
-0.216738 -3.34954 309.809
-0.174742 -3.37207 310.526
-0.0307707 -3.39249 311.202
0.23775 -3.41305 311.844
0.5234 -3.42647 312.365
0.917821 -3.43987 312.819

2.24512 -3.23448 307.404
1.87495 -3.24283 307.661
1.43439 -3.25683 308.062
1.25989 -3.26463 308.257
0.964694 -3.27964 308.733
0.827388 -3.29359 308.904
0.762503 -3.31038 309.61
0.753779 -3.32908 310.157
0.826562 -3.34631 310.69
0.993697 -3.36381 311.191
1.18019 -3.3753 311.613
1.44887 -3.38711 311.974

2.98183 -3.2182 308.08
2.70639 -3.22315 308.216
2.36229 -3.23229 308.434
2.21973 -3.2375 308.537
1.96248 -3.24727 308.791
1.82554 -3.25761 308.855
1.74174 -3.27122 309.411
1.6823 -3.28609 309.788
1.68389 -3.30012 310.177
1.74964 -3.31457 310.538
1.83699 -3.32414 310.861
1.97991 -3.33435 311.128

3.71853 -3.20192 308.756
3.53783 -3.20347 308.771
3.2902 -3.20776 308.806
3.17958 -3.21037 308.816
2.96027 -3.2149 308.849
2.82369 -3.22164 308.806
2.72098 -3.23206 309.212
2.61082 -3.2431 309.42
2.54123 -3.25393 309.664
2.50559 -3.26533 309.886
2.49378 -3.27297 310.108
2.51096 -3.28159 310.282

4.45524 -3.18564 309.432
4.36926 -3.18379 309.327
4.21811 -3.18323 309.178
4.13943 -3.18324 309.095
3.95806 -3.18253 308.907
3.82185 -3.18567 308.757
3.70023 -3.1929 309.013
3.53934 -3.2001 309.051
3.39856 -3.20774 309.151
3.26154 -3.21609 309.233
3.15057 -3.22181 309.356
3.042 -3.22884 309.437

5.19194 -3.16936 310.108
5.2007 -3.1641 309.882
5.14601 -3.15869 309.55
5.09927 -3.15611 309.374
4.95585 -3.15016 308.965
4.82 -3.14969 308.708
4.67947 -3.15373 308.814
4.46786 -3.15711 308.682
4.25589 -3.16156 308.639
4.01749 -3.16685 308.58
3.80737 -3.17064 308.604
3.57305 -3.17608 308.591

5.92864 -3.15308 310.784
6.03214 -3.14442 310.437
6.07392 -3.13416 309.922
6.05912 -3.12898 309.653
5.95364 -3.11779 309.023
5.81815 -3.11372 308.659
5.65871 -3.11457 308.615
5.39639 -3.11412 308.313
5.11322 -3.11537 308.126
4.77343 -3.11761 307.927
4.46416 -3.11948 307.851
4.10409 -3.12332 307.745

6.66535 -3.1368 311.46
6.86358 -3.12474 310.992
7.00183 -3.10962 310.294
7.01897 -3.10186 309.933
6.95143 -3.08542 309.081
6.8163 -3.07774 308.61
6.63795 -3.07541 308.417
6.32491 -3.07113 307.944
5.97055 -3.06918 307.613
5.52938 -3.06837 307.274
5.12096 -3.06831 307.099
4.63514 -3.07056 306.899

7.40205 -3.12052 312.136
7.69501 -3.10506 311.548
7.92973 -3.08509 310.666
7.97882 -3.07473 310.212
7.94922 -3.05305 309.139
7.81446 -3.04177 308.561
7.61719 -3.03625 308.218
7.25343 -3.02814 307.576
6.82789 -3.02299 307.101
6.28533 -3.01913 306.622
5.77775 -3.01715 306.347
5.16618 -3.0178 306.054

1.47585 -2.25136 306.74
1.00919 -2.26323 307.122
0.470931 -2.28226 307.713
0.264292 -2.29273 308.004
-0.0679322 -2.31351 308.717
-0.204249 -2.33141 309.004
-0.248632 -2.35084 309.848
-0.203707 -2.37344 310.569
-0.0564224 -2.39393 311.249
0.216318 -2.41455 311.894
0.505862 -2.428 312.418
0.904626 -2.44141 312.873

2.21256 -2.23508 307.416
1.84062 -2.24355 307.677
1.39884 -2.25772 308.085
1.22414 -2.2656 308.283
0.929857 -2.28113 308.775
0.793904 -2.29544 308.955
0.730609 -2.31167 309.649
0.724815 -2.33044 310.201
0.80091 -2.34774 310.737
0.972265 -2.36532 311.242
1.16266 -2.37684 311.666
1.43567 -2.38866 312.028

2.94926 -2.2188 308.092
2.67206 -2.22387 308.232
2.32674 -2.23319 308.457
2.18399 -2.23847 308.562
1.92765 -2.24876 308.833
1.79206 -2.25947 308.906
1.70985 -2.27251 309.451
1.65334 -2.28745 309.832
1.65824 -2.30156 310.224
1.72821 -2.31608 310.589
1.81945 -2.32567 310.913
1.96672 -2.3359 311.182

3.68597 -2.20252 308.768
3.5035 -2.20418 308.787
3.25465 -2.20865 308.829
3.14383 -2.21134 308.842
2.92543 -2.21639 308.891
2.79021 -2.22349 308.857
2.68909 -2.23335 309.252
2.58186 -2.24446 309.463
2.51557 -2.25537 309.711
2.48416 -2.26684 309.936
2.47624 -2.27451 310.161
2.49776 -2.28314 310.336

4.42267 -2.18624 309.444
4.33493 -2.1845 309.343
4.18256 -2.18412 309.201
4.10368 -2.18421 309.121
3.92322 -2.18402 308.949
3.78836 -2.18752 308.808
3.66833 -2.19419 309.053
3.51038 -2.20147 309.094
3.37291 -2.20918 309.199
3.24011 -2.2176 309.283
3.13304 -2.22334 309.409
3.02881 -2.23038 309.491

5.15937 -2.16996 310.12
5.16637 -2.16482 309.898
5.11046 -2.15958 309.573
5.06353 -2.15709 309.4
4.92101 -2.15165 309.007
4.78652 -2.15154 308.759
4.64757 -2.15503 308.854
4.4389 -2.15848 308.725
4.23024 -2.16299 308.686
3.99605 -2.16836 308.631
3.78983 -2.17218 308.656
3.55985 -2.17762 308.645

5.89608 -2.15368 310.796
5.99781 -2.14514 310.453
6.03837 -2.13505 309.945
6.02338 -2.12996 309.679
5.9188 -2.11928 309.065
5.78467 -2.11557 308.71
5.62681 -2.11587 308.655
5.36742 -2.11549 308.357
5.08757 -2.1168 308.173
4.752 -2.11912 307.978
4.44662 -2.12101 307.904
4.0909 -2.12487 307.799

6.63278 -2.1374 311.472
6.82925 -2.12546 311.008
6.96628 -2.11051 310.317
6.98322 -2.10283 309.958
6.91659 -2.08691 309.123
6.78282 -2.07959 308.661
6.60605 -2.0767 308.456
6.29594 -2.0725 307.988
5.9449 -2.07062 307.66
5.50795 -2.06988 307.325
5.10342 -2.06985 307.152
4.62194 -2.07211 306.953

7.36949 -2.12112 312.148
7.66068 -2.10578 311.564
7.89418 -2.08598 310.689
7.94307 -2.0757 310.238
7.91438 -2.05454 309.181
7.78097 -2.04362 308.612
7.5853 -2.03754 308.257
7.22446 -2.0295 307.619
6.80223 -2.02443 307.148
6.2639 -2.02064 306.672
5.76021 -2.01868 306.399
5.15299 -2.01935 306.108

1.44329 -1.25195 306.751
0.974855 -1.26394 307.138
0.435381 -1.28315 307.736
0.228546 -1.2937 308.03
-0.10277 -1.315 308.759
-0.237732 -1.33327 309.054
-0.280525 -1.35213 309.888
-0.232672 -1.3748 310.613
-0.0820742 -1.39537 311.296
0.194886 -1.41606 311.945
0.488323 -1.42954 312.47
0.891431 -1.44296 312.927

2.17999 -1.23567 307.427
1.80629 -1.24426 307.693
1.36329 -1.25861 308.108
1.18839 -1.26657 308.309
0.895019 -1.28262 308.817
0.76042 -1.29729 309.005
0.698716 -1.31297 309.689
0.69585 -1.33181 310.244
0.775258 -1.34918 310.784
0.950834 -1.36682 311.292
1.14512 -1.37838 311.718
1.42248 -1.3902 312.082

2.9167 -1.21939 308.103
2.63773 -1.22458 308.248
2.29119 -1.23408 308.48
2.14824 -1.23944 308.588
1.89281 -1.25025 308.875
1.75857 -1.26132 308.956
1.67796 -1.27381 309.49
1.62437 -1.28882 309.875
1.63259 -1.30299 310.271
1.70678 -1.31758 310.639
1.80191 -1.32721 310.966
1.95352 -1.33744 311.236

3.6534 -1.20311 308.779
3.46917 -1.2049 308.803
3.2191 -1.20954 308.852
3.10809 -1.21231 308.867
2.8906 -1.21788 308.933
2.75673 -1.22534 308.907
2.6572 -1.23465 309.291
2.55289 -1.24583 309.507
2.48992 -1.25681 309.758
2.46273 -1.26834 309.987
2.4587 -1.27605 310.213
2.48457 -1.28469 310.39

4.39011 -1.18683 309.455
4.3006 -1.18522 309.359
4.14701 -1.18501 309.224
4.06793 -1.18519 309.147
3.88839 -1.18551 308.991
3.75488 -1.18937 308.858
3.63644 -1.19548 309.092
3.48141 -1.20284 309.138
3.34725 -1.21062 309.246
3.21868 -1.2191 309.334
3.1155 -1.22488 309.461
3.01561 -1.23193 309.545

5.12681 -1.17055 310.131
5.13204 -1.16554 309.914
5.07491 -1.16047 309.596
5.02778 -1.15806 309.426
4.88617 -1.15314 309.049
4.75303 -1.15339 308.81
4.61568 -1.15632 308.894
4.40993 -1.15984 308.769
4.20459 -1.16443 308.733
3.97462 -1.16986 308.681
3.77229 -1.17372 308.709
3.54666 -1.17917 308.699

5.86351 -1.15427 310.807
5.96348 -1.14586 310.469
6.00282 -1.13594 309.968
5.98763 -1.13093 309.705
5.88396 -1.12077 309.107
5.75118 -1.11742 308.761
5.59492 -1.11716 308.695
5.33846 -1.11685 308.4
5.06192 -1.11824 308.22
4.73057 -1.12062 308.028
4.42908 -1.12255 307.956
4.0777 -1.12641 307.853

6.60022 -1.13799 311.483
6.79492 -1.12618 311.024
6.93073 -1.1114 310.34
6.94748 -1.1038 309.984
6.88175 -1.0884 309.165
6.74934 -1.08144 308.712
6.57416 -1.078 308.496
6.26698 -1.07386 308.031
5.91925 -1.07205 307.708
5.48652 -1.07139 307.375
5.08588 -1.07139 307.204
4.60875 -1.07365 307.007

7.33692 -1.12171 312.159
7.62635 -1.10649 311.58
7.85863 -1.08687 310.712
7.90732 -1.07667 310.263
7.87954 -1.05603 309.223
7.74749 -1.04547 308.663
7.5534 -1.03884 308.297
7.1955 -1.03087 307.663
6.77658 -1.02587 307.195
6.24246 -1.02215 306.723
5.74267 -1.02022 306.452
5.1398 -1.0209 306.162

1.41073 -0.25255 306.762
0.940524 -0.264662 307.154
0.399832 -0.284039 307.759
0.192799 -0.294672 308.056
-0.137607 -0.316485 308.801
-0.271216 -0.335117 309.105
-0.312419 -0.353425 309.928
-0.261636 -0.376168 310.656
-0.107726 -0.396807 311.343
0.173455 -0.417566 311.995
0.470785 -0.431079 312.523
0.878236 -0.444506 312.981

2.14743 -0.23627 307.438
1.77196 -0.244981 307.709
1.32774 -0.259505 308.131
1.15265 -0.267544 308.335
0.860181 -0.284114 308.859
0.726937 -0.299143 309.056
0.666822 -0.314263 309.729
0.666885 -0.333177 310.288
0.749606 -0.350619 310.831
0.929402 -0.368327 311.343
1.12758 -0.379914 311.771
1.40928 -0.391748 312.136

2.88413 -0.21999 308.115
2.6034 -0.2253 308.264
2.25565 -0.23497 308.503
2.11249 -0.240415 308.614
1.85797 -0.251743 308.917
1.72509 -0.263168 309.007
1.64606 -0.275101 309.53
1.59541 -0.290185 309.919
1.60694 -0.304431 310.318
1.68535 -0.319088 310.69
1.78437 -0.328749 311.018
1.94033 -0.33899 311.29

3.62084 -0.20371 308.79
3.43484 -0.205618 308.819
3.18355 -0.210435 308.875
3.07234 -0.213287 308.893
2.85576 -0.219372 308.975
2.72324 -0.227194 308.958
2.6253 -0.23594 309.331
2.52393 -0.247194 309.55
2.46427 -0.258244 309.805
2.4413 -0.269848 310.037
2.44117 -0.277584 310.266
2.47137 -0.286233 310.444

4.35754 -0.18743 309.467
4.26627 -0.185937 309.375
4.11146 -0.1859 309.247
4.03219 -0.186159 309.172
3.85355 -0.187001 309.033
3.7214 -0.19122 308.909
3.60454 -0.196778 309.132
3.45245 -0.204202 309.181
3.3216 -0.212056 309.293
3.19724 -0.220609 309.384
3.09796 -0.22642 309.514
3.00242 -0.233475 309.599

5.09424 -0.17115 310.143
5.09771 -0.166256 309.93
5.03936 -0.161366 309.619
4.99204 -0.159031 309.452
4.85134 -0.15463 309.091
4.71955 -0.155245 308.86
4.58379 -0.157616 308.933
4.38097 -0.161211 308.812
4.17894 -0.165868 308.78
3.95319 -0.17137 308.732
3.75475 -0.175255 308.761
3.53346 -0.180717 308.753

5.83095 -0.15487 310.819
5.92915 -0.146575 310.485
5.96727 -0.136831 309.991
5.95188 -0.131902 309.731
5.84913 -0.12226 309.149
5.7177 -0.119271 308.811
5.56303 -0.118454 308.734
5.30949 -0.118219 308.444
5.03627 -0.11968 308.267
4.70914 -0.12213 308.079
4.41155 -0.12409 308.009
4.06451 -0.127959 307.907

6.56765 -0.13859 311.495
6.76059 -0.126893 311.04
6.89518 -0.112296 310.363
6.91173 -0.104774 310.01
6.84691 -0.0898886 309.207
6.71585 -0.0832965 308.762
6.54227 -0.0792928 308.535
6.23801 -0.0752276 308.075
5.8936 -0.0734922 307.755
5.46509 -0.0728909 307.426
5.06834 -0.0729253 307.257
4.59555 -0.0752008 307.061

7.30436 -0.122311 312.171
7.59202 -0.107212 311.596
7.82308 -0.0877612 310.735
7.87158 -0.0776457 310.289
7.8447 -0.0575176 309.265
7.71401 -0.0473221 308.713
7.52151 -0.0401311 308.337
7.16653 -0.032236 307.706
6.75093 -0.0273044 307.242
6.22103 -0.0236515 306.773
5.72513 -0.0217606 306.504
5.1266 -0.0224428 306.216

1.37816 0.746854 306.774
0.906194 0.734621 307.17
0.364283 0.715069 307.781
0.157053 0.704355 308.081
-0.172445 0.682025 308.843
-0.3047 0.663031 309.156
-0.344313 0.645281 309.967
-0.290601 0.622465 310.7
-0.133378 0.601755 311.39
0.152023 0.580928 312.046
0.453246 0.567383 312.576
0.865042 0.553947 313.035

2.11486 0.763134 307.45
1.73763 0.754302 307.725
1.29219 0.739604 308.153
1.1169 0.731484 308.361
0.825344 0.714396 308.901
0.693453 0.699006 309.107
0.634928 0.684443 309.768
0.63792 0.665457 310.331
0.723954 0.647943 310.878
0.90797 0.630167 311.393
1.11004 0.618548 311.823
1.39609 0.606705 312.19

2.85157 0.779414 308.126
2.56907 0.773983 308.28
2.2201 0.764138 308.525
2.07675 0.758612 308.64
1.82313 0.746767 308.959
1.69161 0.73498 309.058
1.61417 0.723605 309.569
1.56644 0.708449 309.962
1.58129 0.694131 310.365
1.66392 0.679407 310.74
1.76683 0.669713 311.071
1.92713 0.659463 311.344

3.58827 0.795694 308.802
3.40051 0.793664 308.835
3.148 0.788673 308.897
3.03659 0.78574 308.919
2.82092 0.779138 309.017
2.68976 0.770955 309.009
2.59341 0.762766 309.371
2.49496 0.75144 309.593
2.43862 0.740319 309.852
2.41986 0.728646 310.088
2.42363 0.720878 310.319
2.45818 0.712221 310.498

4.32498 0.811974 309.478
4.23194 0.813346 309.391
4.07591 0.813208 309.269
3.99644 0.812868 309.198
3.81871 0.811509 309.075
3.68791 0.806929 308.96
3.57265 0.801928 309.172
3.42348 0.794432 309.225
3.29595 0.786507 309.34
3.17581 0.777885 309.435
3.08042 0.772042 309.566
2.98922 0.764979 309.653

5.06168 0.828254 310.154
5.06338 0.833027 309.946
5.00382 0.837743 309.641
4.95629 0.839997 309.477
4.8165 0.84388 309.133
4.68606 0.842903 308.911
4.55189 0.84109 308.973
4.35201 0.837423 308.856
4.15328 0.832694 308.827
3.93176 0.827125 308.782
3.73721 0.823207 308.814
3.52027 0.817737 308.807

5.79838 0.844534 310.83
5.89482 0.852708 310.501
5.93172 0.862278 310.013
5.91614 0.867125 309.757
5.81429 0.876251 309.191
5.68422 0.878878 308.862
5.53113 0.880251 308.774
5.28053 0.880415 308.487
5.01062 0.878882 308.314
4.68771 0.876364 308.129
4.39401 0.874372 308.062
4.05131 0.870495 307.961

6.53509 0.860814 311.506
6.72625 0.872389 311.056
6.85963 0.886812 310.385
6.87598 0.894253 310.036
6.81208 0.908622 309.249
6.68237 0.914852 308.813
6.51037 0.919413 308.575
6.20905 0.923406 308.118
5.86795 0.92507 307.802
5.44365 0.925603 307.476
5.0508 0.925537 307.309
4.58236 0.923253 307.115

7.27179 0.877094 312.182
7.55769 0.89207 311.612
7.78754 0.911347 310.757
7.83583 0.921382 310.315
7.80987 0.940993 309.307
7.68052 0.950826 308.764
7.48961 0.958575 308.376
7.13757 0.966398 307.75
6.72528 0.971258 307.289
6.1996 0.974843 306.824
5.7076 0.976701 306.557
5.11341 0.976011 306.27

1.3456 1.74626 306.785
0.871863 1.7339 307.186
0.328734 1.71418 307.804
0.121307 1.70338 308.107
-0.207283 1.68053 308.885
-0.338184 1.66118 309.207
-0.376207 1.64399 310.007
-0.319566 1.6211 310.743
-0.159029 1.60032 311.438
0.130591 1.57942 312.096
0.435708 1.56585 312.628
0.851847 1.5524 313.089

2.0823 1.76254 307.461
1.7033 1.75358 307.741
1.25664 1.73871 308.176
1.08115 1.73051 308.386
0.790506 1.71291 308.943
0.659969 1.69715 309.158
0.603034 1.68315 309.808
0.608956 1.66409 310.375
0.698303 1.64651 310.925
0.886539 1.62866 311.444
1.0925 1.61701 311.876
1.38289 1.60516 312.244

2.819 1.77882 308.137
2.53474 1.77327 308.296
2.18455 1.76325 308.548
2.041 1.75764 308.666
1.78829 1.74528 309.001
1.65812 1.73313 309.109
1.58228 1.72231 309.609
1.53748 1.70708 310.006
1.55563 1.69269 310.412
1.64249 1.6779 310.791
1.74929 1.66817 311.124
1.91394 1.65792 311.398

3.55571 1.7951 308.813
3.36618 1.79295 308.851
3.11245 1.78778 308.92
3.00085 1.78477 308.945
2.78608 1.77765 309.059
2.65628 1.7691 309.06
2.56152 1.76147 309.41
2.466 1.75007 309.637
2.41297 1.73888 309.899
2.39843 1.72714 310.138
2.40609 1.71934 310.371
2.44498 1.71067 310.552

4.29241 1.81138 309.489
4.19761 1.81263 309.407
4.04036 1.81232 309.292
3.9607 1.8119 309.224
3.78387 1.81002 309.117
3.65443 1.80508 309.011
3.54076 1.80063 309.211
3.39452 1.79307 309.268
3.2703 1.78507 309.387
3.15438 1.77638 309.485
3.06288 1.7705 309.619
2.97603 1.76343 309.707

5.02911 1.82766 310.165
5.02905 1.83231 309.962
4.96827 1.83685 309.664
4.92054 1.83902 309.503
4.78166 1.84239 309.175
4.65258 1.84105 308.962
4.52 1.8398 309.012
4.32304 1.83606 308.899
4.12763 1.83126 308.874
3.91033 1.82562 308.832
3.71968 1.82167 308.867
3.50707 1.81619 308.861

5.76582 1.84394 310.841
5.86049 1.85199 310.517
5.89617 1.86139 310.036
5.88039 1.86615 309.782
5.77945 1.87476 309.233
5.65073 1.87703 308.913
5.49924 1.87896 308.814
5.25156 1.87905 308.531
4.98496 1.87744 308.361
4.66628 1.87486 308.18
4.37647 1.87283 308.114
4.03812 1.86895 308.015

6.50252 1.86022 311.517
6.69192 1.87167 311.072
6.82408 1.88592 310.408
6.84024 1.89328 310.062
6.77724 1.90713 309.291
6.64889 1.913 308.864
6.47848 1.91812 308.615
6.18008 1.92204 308.162
5.8423 1.92363 307.849
5.42222 1.9241 307.527
5.03326 1.924 307.362
4.56917 1.92171 307.169

7.23923 1.8765 312.193
7.52336 1.89135 311.628
7.75199 1.91046 310.78
7.80008 1.92041 310.341
7.77503 1.9395 309.349
7.64704 1.94897 308.815
7.45772 1.95728 308.416
7.1086 1.96503 307.793
6.69963 1.96982 307.336
6.17817 1.97334 306.874
5.69006 1.97516 306.61
5.10021 1.97446 306.324

1.31303 2.74566 306.797
0.837533 2.73319 307.202
0.293185 2.71329 307.827
0.0855602 2.70241 308.133
-0.24212 2.67905 308.927
-0.371667 2.65933 309.257
-0.408101 2.64269 310.046
-0.348531 2.61973 310.787
-0.184681 2.59888 311.485
0.10916 2.57792 312.147
0.418169 2.56431 312.681
0.838652 2.55085 313.143

2.04973 2.76194 307.473
1.66897 2.75287 307.757
1.22109 2.73782 308.199
1.04541 2.72954 308.412
0.755668 2.71142 308.985
0.626486 2.6953 309.208
0.57114 2.68185 309.848
0.579991 2.66272 310.418
0.672651 2.64507 310.972
0.865107 2.62716 311.494
1.07496 2.61547 311.928
1.3697 2.60361 312.298

2.78644 2.77822 308.149
2.50041 2.77255 308.312
2.149 2.76236 308.571
2.00525 2.75667 308.691
1.75346 2.74379 309.043
1.62464 2.73128 309.159
1.55038 2.72102 309.649
1.50851 2.70572 310.049
1.52998 2.69126 310.459
1.62105 2.67639 310.841
1.73176 2.66664 311.176
1.90074 2.65637 311.452

3.52314 2.7945 308.825
3.33184 2.79223 308.867
3.0769 2.78689 308.943
2.9651 2.78379 308.971
2.75125 2.77616 309.101
2.62279 2.76725 309.111
2.52962 2.76018 309.45
2.43703 2.74871 309.68
2.38732 2.73744 309.947
2.377 2.72563 310.189
2.38855 2.7178 310.424
2.43179 2.70913 310.606

4.25985 2.81078 309.501
4.16328 2.81191 309.423
4.00481 2.81142 309.315
3.92495 2.81092 309.25
3.74903 2.80853 309.159
3.62094 2.80323 309.062
3.50886 2.79934 309.251
3.36555 2.7917 309.312
3.24465 2.78363 309.434
3.13295 2.77487 309.536
3.04534 2.76897 309.672
2.96283 2.76189 309.761

4.99655 2.82706 310.177
4.99472 2.83159 309.978
4.93272 2.83596 309.687
4.8848 2.83805 309.529
4.74682 2.8409 309.217
4.6191 2.8392 309.013
4.4881 2.8385 309.052
4.29408 2.83469 308.943
4.10198 2.82982 308.921
3.8889 2.82411 308.883
3.70214 2.82013 308.919
3.49388 2.81464 308.915

5.73325 2.84334 310.853
5.82616 2.85127 310.533
5.86062 2.86049 310.059
5.84464 2.86518 309.808
5.74461 2.87327 309.275
5.61725 2.87517 308.964
5.46734 2.87766 308.853
5.2226 2.87768 308.574
4.95931 2.87601 308.408
4.64484 2.87335 308.23
4.35893 2.8713 308.167
4.02492 2.8674 308.069

6.46996 2.85962 311.529
6.65759 2.87095 311.088
6.78853 2.88503 310.431
6.80449 2.89231 310.087
6.7424 2.90564 309.333
6.6154 2.91115 308.915
6.44659 2.91682 308.654
6.15112 2.92067 308.205
5.81664 2.92219 307.896
5.40079 2.92259 307.577
5.01572 2.92246 307.414
4.55597 2.92016 307.223

7.20666 2.8759 312.205
7.48903 2.89064 311.644
7.71644 2.90956 310.803
7.76434 2.91944 310.367
7.74019 2.93801 309.391
7.61356 2.94712 308.866
7.42583 2.95599 308.455
7.07964 2.96367 307.837
6.67398 2.96838 307.383
6.15674 2.97183 306.925
5.67252 2.97363 306.662
5.08702 2.97292 306.378

1.28047 3.74507 306.808
0.803202 3.73247 307.217
0.257636 3.71239 307.85
0.0498138 3.70144 308.159
-0.276958 3.67756 308.969
-0.405151 3.65748 309.308
-0.439994 3.6414 310.086
-0.377495 3.61837 310.83
-0.210333 3.59744 311.532
0.0877281 3.57641 312.197
0.400631 3.56277 312.733
0.825457 3.54931 313.197

2.01717 3.76135 307.484
1.63464 3.75215 307.773
1.18554 3.73693 308.222
1.00966 3.72857 308.438
0.720831 3.70993 309.027
0.593002 3.69345 309.259
0.539246 3.68056 309.887
0.551026 3.66136 310.462
0.646999 3.64363 311.019
0.843675 3.62565 311.545
1.05742 3.61393 311.981
1.3565 3.60207 312.352

2.75387 3.77763 308.16
2.46608 3.77183 308.328
2.11345 3.76146 308.594
1.96951 3.75569 308.717
1.71862 3.7423 309.085
1.59115 3.72943 309.21
1.51849 3.71972 309.688
1.47955 3.70435 310.093
1.50433 3.68982 310.506
1.59962 3.67489 310.892
1.71422 3.6651 311.229
1.88755 3.65482 311.506

3.49058 3.79391 308.836
3.29751 3.79151 308.883
3.04136 3.786 308.966
2.92936 3.78282 308.996
2.71641 3.77467 309.143
2.58931 3.7654 309.161
2.49773 3.75888 309.489
2.40807 3.74734 309.724
2.36166 3.73601 309.994
2.35557 3.72413 310.239
2.37101 3.71626 310.476
2.41859 3.70758 310.66

4.22728 3.81019 309.512
4.12895 3.81119 309.439
3.96926 3.81053 309.338
3.8892 3.80995 309.276
3.7142 3.80704 309.201
3.58746 3.80137 309.112
3.47697 3.79805 309.291
3.33659 3.79033 309.355
3.219 3.78219 309.481
3.11152 3.77337 309.586
3.02781 3.76743 309.724
2.94964 3.76034 309.815

4.96399 3.82647 310.188
4.96039 3.83087 309.994
4.89717 3.83507 309.71
4.84905 3.83708 309.555
4.71199 3.83941 309.259
4.58561 3.83735 309.063
4.45621 3.83721 309.092
4.26511 3.83332 308.986
4.07633 3.82838 308.968
3.86746 3.82261 308.934
3.6846 3.81859 308.972
3.48068 3.8131 308.969

5.70069 3.84275 310.864
5.79183 3.85056 310.549
5.82508 3.8596 310.082
5.8089 3.86421 309.834
5.70977 3.87178 309.317
5.58377 3.87332 309.014
5.43545 3.87637 308.893
5.19363 3.87632 308.618
4.93366 3.87457 308.456
4.62341 3.87185 308.281
4.34139 3.86976 308.219
4.01173 3.86586 308.123

6.43739 3.85903 311.54
6.62326 3.87024 311.104
6.75298 3.88414 310.454
6.76874 3.89134 310.113
6.70756 3.90415 309.375
6.58192 3.9093 308.965
6.41469 3.91553 308.694
6.12215 3.91931 308.249
5.79099 3.92076 307.943
5.37936 3.92109 307.628
4.99819 3.92092 307.467
4.54278 3.91861 307.277

7.1741 3.87531 312.216
7.4547 3.88992 311.66
7.68089 3.90867 310.826
7.72859 3.91846 310.393
7.70535 3.93652 309.433
7.58007 3.94527 308.917
7.39393 3.95469 308.495
7.05068 3.9623 307.88
6.64832 3.96695 307.43
6.13531 3.97033 306.975
5.65498 3.97209 306.715
5.07382 3.97137 306.432

