1.06078 -4.36535 298.644
0.797157 -4.37184 298.826
0.215957 -4.3928 299.372
-0.202267 -4.41334 299.982
-0.524605 -4.43563 300.657
-0.687215 -4.45166 301.098
-0.762828 -4.45612 300.866
-0.807751 -4.49114 302.356
-0.7165 -4.5087 303.061
-0.584869 -4.52053 303.534
-0.25119 -4.53839 304.279
0.117169 -4.55223 304.844

1.72357 -4.35884 299.393
1.51882 -4.36394 299.518
1.05826 -4.38081 299.911
0.72071 -4.39756 300.367
0.452746 -4.41593 300.868
0.309894 -4.42878 301.17
0.236845 -4.4311 300.861
0.168241 -4.46119 302.14
0.212528 -4.47553 302.692
0.293185 -4.48516 303.057
0.517007 -4.50008 303.64
0.774989 -4.5118 304.092

2.38635 -4.35233 300.142
2.24048 -4.35603 300.211
1.90057 -4.36883 300.45
1.64369 -4.38179 300.751
1.4301 -4.39622 301.079
1.307 -4.40589 301.243
1.23652 -4.40609 300.856
1.14423 -4.43123 301.924
1.14156 -4.44236 302.324
1.17124 -4.44979 302.579
1.2852 -4.46177 303.001
1.43281 -4.47137 303.34

3.04913 -4.34582 300.891
2.96214 -4.34813 300.903
2.74288 -4.35684 300.988
2.56666 -4.36602 301.136
2.40745 -4.37651 301.289
2.30411 -4.383 301.315
2.23619 -4.38108 300.85
2.12023 -4.40128 301.709
2.07058 -4.40919 301.955
2.04929 -4.41442 302.102
2.0534 -4.42346 302.362
2.09063 -4.43095 302.588

3.71191 -4.33931 301.639
3.6838 -4.34023 301.595
3.58518 -4.34485 301.527
3.48964 -4.35024 301.521
3.3848 -4.3568 301.5
3.30122 -4.36012 301.388
3.23586 -4.35607 300.845
3.09622 -4.37132 301.493
2.99961 -4.37602 301.587
2.92735 -4.37905 301.625
2.8216 -4.38516 301.723
2.74845 -4.39052 301.836

4.37469 -4.33281 302.388
4.40546 -4.33232 302.287
4.42749 -4.33287 302.066
4.41262 -4.33447 301.905
4.36215 -4.3371 301.711
4.29833 -4.33723 301.46
4.23554 -4.33105 300.84
4.07221 -4.34137 301.277
3.92864 -4.34285 301.218
3.8054 -4.34368 301.148
3.58979 -4.34685 301.084
3.40627 -4.3501 301.084

5.03747 -4.3263 303.137
5.12712 -4.32442 302.979
5.2698 -4.32088 302.605
5.3356 -4.31869 302.29
5.3395 -4.31739 301.922
5.29544 -4.31435 301.532
5.23521 -4.30604 300.834
5.0482 -4.31141 301.061
4.85767 -4.30968 300.85
4.68345 -4.30831 300.67
4.35799 -4.30854 300.445
4.06409 -4.30967 300.332

5.70026 -4.31979 303.886
5.84879 -4.31652 303.672
6.1121 -4.30889 303.144
6.25857 -4.30292 302.674
6.31685 -4.29768 302.132
6.29255 -4.29146 301.605
6.23488 -4.28103 300.829
6.0242 -4.28146 300.846
5.78669 -4.27651 300.481
5.56151 -4.27294 300.193
5.12618 -4.27023 299.805
4.72191 -4.26925 299.579

6.36304 -4.31328 304.634
6.57045 -4.30862 304.364
6.95441 -4.29691 303.683
7.18155 -4.28714 303.059
7.2942 -4.27797 302.343
7.28966 -4.26858 301.677
7.23456 -4.25602 300.823
7.00019 -4.2515 300.63
6.71572 -4.24334 300.113
6.43956 -4.23757 299.716
5.89438 -4.23192 299.166
5.37973 -4.22882 298.827

1.03802 -3.36567 298.656
0.773569 -3.3722 298.839
0.19091 -3.39326 299.389
-0.228105 -3.41389 300.003
-0.550447 -3.43632 300.684
-0.712653 -3.45258 301.132
-0.787443 -3.4585 300.931
-0.831096 -3.49197 302.389
-0.738262 -3.50955 303.096
-0.605032 -3.52141 303.571
-0.268246 -3.53932 304.318
0.102733 -3.55317 304.885

1.70081 -3.35917 299.404
1.49523 -3.3643 299.532
1.03322 -3.38127 299.928
0.694872 -3.39812 300.388
0.426903 -3.41661 300.894
0.284455 -3.4297 301.205
0.21223 -3.43349 300.925
0.144897 -3.46201 302.173
0.190765 -3.47638 302.727
0.273021 -3.48604 303.094
0.49995 -3.50101 303.679
0.760553 -3.51275 304.133

2.36359 -3.35266 300.153
2.21689 -3.3564 300.224
1.87552 -3.36928 300.467
1.61785 -3.38234 300.772
1.40425 -3.3969 301.105
1.28156 -3.40681 301.277
1.2119 -3.40848 300.92
1.12089 -3.43206 301.958
1.11979 -3.44321 302.359
1.15107 -3.45067 302.616
1.26815 -3.4627 303.04
1.41837 -3.47232 303.381

3.02637 -3.34615 300.902
2.93855 -3.3485 300.916
2.71783 -3.3573 301.005
2.54083 -3.36657 301.157
2.3816 -3.37719 301.316
2.27867 -3.38392 301.35
2.21158 -3.38347 300.915
2.09688 -3.4021 301.742
2.04882 -3.41004 301.99
2.02913 -3.4153 302.139
2.03634 -3.42439 302.401
2.07619 -3.4319 302.629

3.68915 -3.33964 301.651
3.66021 -3.34059 301.608
3.56014 -3.34531 301.544
3.4638 -3.3508 301.542
3.35896 -3.35749 301.527
3.27578 -3.36104 301.422
3.21125 -3.35845 300.909
3.07288 -3.37214 301.526
2.97785 -3.37687 301.622
2.90718 -3.37993 301.662
2.80454 -3.38608 301.762
2.73401 -3.39147 301.877

4.35193 -3.33313 302.4
4.38188 -3.33269 302.3
4.40244 -3.33332 302.083
4.38678 -3.33502 301.926
4.33631 -3.33778 301.737
4.27289 -3.33815 301.495
4.21092 -3.33344 300.904
4.04887 -3.34219 301.31
3.90688 -3.3437 301.253
3.78524 -3.34456 301.185
3.57273 -3.34777 301.123
3.39183 -3.35105 301.125

5.01472 -3.32662 303.148
5.10354 -3.32479 302.993
5.24475 -3.32134 302.622
5.30976 -3.31925 302.311
5.31366 -3.31807 301.948
5.27 -3.31527 301.567
5.21059 -3.30843 300.899
5.02486 -3.31223 301.095
4.8359 -3.31053 300.885
4.66329 -3.30919 300.707
4.34093 -3.30946 300.484
4.04965 -3.31062 300.373

5.6775 -3.32011 303.897
5.8252 -3.31688 303.685
6.08706 -3.30935 303.161
6.23273 -3.30347 302.695
6.29101 -3.29836 302.159
6.26711 -3.29238 301.639
6.21027 -3.28342 300.893
6.00085 -3.28228 300.879
5.76493 -3.27736 300.516
5.54134 -3.27382 300.23
5.10913 -3.27115 299.845
4.70747 -3.2702 299.621

6.34028 -3.31361 304.646
6.54686 -3.30898 304.377
6.92936 -3.29736 303.7
7.15571 -3.2877 303.08
7.26836 -3.27866 302.369
7.26422 -3.2695 301.712
7.20994 -3.2584 300.888
6.97685 -3.25232 300.663
6.69396 -3.24419 300.148
6.4194 -3.23845 299.753
5.87732 -3.23284 299.206
5.36529 -3.22977 298.868

1.01527 -2.366 298.667
0.749981 -2.37257 298.853
0.165862 -2.39371 299.406
-0.253943 -2.41445 300.024
-0.57629 -2.437 300.71
-0.738092 -2.4535 301.167
-0.812059 -2.46089 300.995
-0.854441 -2.49279 302.422
-0.760025 -2.5104 303.131
-0.625196 -2.5223 303.608
-0.285303 -2.54024 304.358
0.0882975 -2.55412 304.926

1.67805 -2.35949 299.416
1.47164 -2.36467 299.545
1.00817 -2.38173 299.945
0.669034 -2.39867 300.409
0.401061 -2.41729 300.921
0.259017 -2.43061 301.239
0.187614 -2.43588 300.99
0.121552 -2.46283 302.206
0.169002 -2.47723 302.762
0.252858 -2.48693 303.131
0.482894 -2.50193 303.719
0.746117 -2.5137 304.174

2.34083 -2.35298 300.165
2.1933 -2.35676 300.237
1.85048 -2.36974 300.483
1.59201 -2.3829 300.793
1.37841 -2.39758 301.132
1.25613 -2.40773 301.312
1.18729 -2.41087 300.985
1.09754 -2.43288 301.991
1.09803 -2.44406 302.394
1.13091 -2.45156 302.653
1.25109 -2.46362 303.08
1.40394 -2.47327 303.422

3.00361 -2.34647 300.913
2.91496 -2.34886 300.929
2.69278 -2.35775 301.022
2.51499 -2.36713 301.178
2.35576 -2.37788 301.342
2.25323 -2.38484 301.384
2.18696 -2.38586 300.979
2.07354 -2.40292 301.775
2.02706 -2.41089 302.025
2.00896 -2.41619 302.176
2.01929 -2.42531 302.44
2.06176 -2.43285 302.67

3.66639 -2.33996 301.662
3.63663 -2.34096 301.621
3.53509 -2.34577 301.561
3.43796 -2.35135 301.563
3.33311 -2.35817 301.553
3.25034 -2.36196 301.457
3.18663 -2.36084 300.974
3.04953 -2.37297 301.559
2.95609 -2.37772 301.657
2.88702 -2.38082 301.699
2.78748 -2.387 301.801
2.71958 -2.39242 301.918

4.32917 -2.33346 302.411
4.35829 -2.33306 302.314
4.37739 -2.33378 302.1
4.36094 -2.33558 301.947
4.31046 -2.33846 301.764
4.24745 -2.33907 301.529
4.18631 -2.33583 300.969
4.02552 -2.34301 301.343
3.88511 -2.34455 301.288
3.76507 -2.34545 301.222
3.55568 -2.34869 301.162
3.3774 -2.35199 301.166

4.99196 -2.32695 303.16
5.07995 -2.32515 303.006
5.2197 -2.32179 302.639
5.28392 -2.3198 302.332
5.28781 -2.31875 301.974
5.24456 -2.31619 301.601
5.18598 -2.31082 300.963
5.00152 -2.31306 301.128
4.81414 -2.31138 300.92
4.64313 -2.31008 300.744
4.32387 -2.31038 300.523
4.03522 -2.31157 300.414

5.65474 -2.32044 303.909
5.80161 -2.31725 303.698
6.06201 -2.30981 303.178
6.2069 -2.30403 302.716
6.26516 -2.29905 302.185
6.24167 -2.2933 301.674
6.18565 -2.28581 300.958
5.97751 -2.2831 300.912
5.74317 -2.27821 300.551
5.52118 -2.27471 300.267
5.09207 -2.27207 299.884
4.69304 -2.27114 299.662

6.31752 -2.31393 304.657
6.52327 -2.30935 304.39
6.90431 -2.29782 303.717
7.12987 -2.28825 303.101
7.24252 -2.27934 302.396
7.23878 -2.27042 301.746
7.18532 -2.26079 300.953
6.9535 -2.25314 300.696
6.6722 -2.24504 300.183
6.39923 -2.23934 299.79
5.86027 -2.23376 299.245
5.35086 -2.23072 298.91

0.992506 -1.36632 298.679
0.726393 -1.37293 298.866
0.140815 -1.39417 299.423
-0.279782 -1.415 300.045
-0.602132 -1.43768 300.737
-0.76353 -1.45442 301.201
-0.836675 -1.46328 301.06
-0.877785 -1.49361 302.455
-0.781788 -1.51125 303.166
-0.645359 -1.52318 303.645
-0.302359 -1.54116 304.397
0.0738615 -1.55507 304.967

1.65529 -1.35981 299.427
1.44805 -1.36503 299.558
0.983121 -1.38218 299.962
0.643195 -1.39923 300.43
0.375218 -1.41797 300.947
0.233579 -1.43153 301.274
0.162998 -1.43827 301.055
0.0982077 -1.46365 302.24
0.14724 -1.47808 302.797
0.232694 -1.48781 303.168
0.465837 -1.50285 303.758
0.731681 -1.51464 304.215

2.31807 -1.35331 300.176
2.16972 -1.35713 300.25
1.82543 -1.3702 300.5
1.56617 -1.38345 300.815
1.35257 -1.39827 301.158
1.23069 -1.40865 301.346
1.16267 -1.41326 301.049
1.0742 -1.4337 302.024
1.07627 -1.44491 302.429
1.11075 -1.45244 302.69
1.23403 -1.46454 303.119
1.3895 -1.47422 303.463

2.98085 -1.3468 300.925
2.89138 -1.34923 300.942
2.66773 -1.35821 301.039
2.48915 -1.36768 301.199
2.32992 -1.37856 301.369
2.2278 -1.38576 301.419
2.16234 -1.38824 301.044
2.05019 -1.40374 301.808
2.00529 -1.41174 302.06
1.9888 -1.41707 302.213
2.00223 -1.42623 302.48
2.04732 -1.43379 302.711

3.64363 -1.34029 301.674
3.61304 -1.34132 301.634
3.51004 -1.34622 301.578
3.41213 -1.35191 301.584
3.30727 -1.35885 301.579
3.2249 -1.36288 301.491
3.16202 -1.36323 301.038
3.02619 -1.37379 301.592
2.93432 -1.37857 301.692
2.86685 -1.38171 301.736
2.77043 -1.38792 301.841
2.70514 -1.39337 301.959

4.30642 -1.33378 302.423
4.3347 -1.33342 302.327
4.35235 -1.33424 302.117
4.3351 -1.33613 301.968
4.28462 -1.33914 301.79
4.22201 -1.33999 301.564
4.16169 -1.33822 301.033
4.00218 -1.34383 301.377
3.86335 -1.3454 301.323
3.74491 -1.34634 301.259
3.53862 -1.34961 301.202
3.36296 -1.35294 301.207

4.9692 -1.32727 303.171
5.05636 -1.32552 303.019
5.19465 -1.32225 302.656
5.25808 -1.32036 302.353
5.26197 -1.31944 302.001
5.21912 -1.31711 301.636
5.16136 -1.31321 301.028
4.97817 -1.31388 301.161
4.79238 -1.31223 300.955
4.62296 -1.31097 300.781
4.30682 -1.3113 300.563
4.02078 -1.31252 300.455

5.63198 -1.32076 303.92
5.77802 -1.31761 303.711
6.03696 -1.31026 303.195
6.18106 -1.30458 302.737
6.23932 -1.29973 302.211
6.21623 -1.29422 301.708
6.16104 -1.28819 301.022
5.95416 -1.28392 300.945
5.72141 -1.27906 300.586
5.50102 -1.2756 300.304
5.07501 -1.27299 299.924
4.6786 -1.27209 299.703

6.29476 -1.31425 304.669
6.49968 -1.30971 304.403
6.87927 -1.29828 303.734
7.10403 -1.28881 303.122
7.21667 -1.28002 302.422
7.21334 -1.27134 301.781
7.16071 -1.26318 301.017
6.93016 -1.25397 300.729
6.65043 -1.24589 300.218
6.37907 -1.24023 299.827
5.84321 -1.23468 299.285
5.33642 -1.23167 298.951

0.969747 -0.366648 298.69
0.702805 -0.373299 298.879
0.115768 -0.394626 299.44
-0.30562 -0.415558 300.066
-0.627975 -0.438365 300.763
-0.788969 -0.455339 301.236
-0.86129 -0.46567 301.124
-0.90113 -0.494431 302.488
-0.803551 -0.512103 303.201
-0.665523 -0.524071 303.682
-0.319416 -0.542081 304.436
0.0594255 -0.556018 305.008

1.63253 -0.36014 299.439
1.42447 -0.365397 299.571
0.958074 -0.38264 299.978
0.617357 -0.399784 300.451
0.349376 -0.418657 300.974
0.20814 -0.432453 301.308
0.138382 -0.440658 301.119
0.0748632 -0.464475 302.273
0.125477 -0.478934 302.832
0.21253 -0.488701 303.204
0.448781 -0.503771 303.797
0.717245 -0.515592 304.256

2.29531 -0.353631 300.188
2.14613 -0.357494 300.263
1.80038 -0.370653 300.517
1.54033 -0.384009 300.836
1.32673 -0.398949 301.184
1.20525 -0.409568 301.381
1.13806 -0.415645 301.114
1.05086 -0.43452 302.057
1.0545 -0.445764 302.464
1.09058 -0.453331 302.727
1.21698 -0.465461 303.158
1.37507 -0.475167 303.504

2.95809 -0.347122 300.936
2.86779 -0.349591 300.955
2.64269 -0.358667 301.056
2.46331 -0.368235 301.22
2.30408 -0.379242 301.395
2.20236 -0.386682 301.453
2.13773 -0.390633 301.108
2.02685 -0.404565 301.841
1.98353 -0.412594 302.095
1.96864 -0.417961 302.25
1.98517 -0.427151 302.519
2.03289 -0.434742 302.752

3.62087 -0.340614 301.685
3.58945 -0.341688 301.648
3.48499 -0.34668 301.595
3.38629 -0.352461 301.605
3.28143 -0.359534 301.606
3.19947 -0.363797 301.526
3.1374 -0.36562 301.103
3.00284 -0.374609 301.625
2.91256 -0.379425 301.727
2.84669 -0.382591 301.773
2.75337 -0.388841 301.88
2.69071 -0.394316 302

4.28366 -0.334105 302.434
4.31111 -0.333785 302.34
4.3273 -0.334694 302.134
4.30927 -0.336687 301.989
4.25878 -0.339826 301.816
4.19658 -0.340911 301.598
4.13707 -0.340608 301.098
3.97883 -0.344654 301.41
3.84159 -0.346255 301.358
3.72474 -0.347222 301.295
3.52157 -0.350532 301.241
3.34853 -0.353891 301.248

4.94644 -0.327596 303.183
5.03277 -0.325882 303.032
5.16961 -0.322707 302.673
5.23224 -0.320913 302.374
5.23613 -0.320119 302.027
5.19368 -0.318025 301.67
5.13675 -0.315595 301.092
4.95483 -0.314698 301.194
4.77062 -0.313085 300.99
4.6028 -0.311852 300.818
4.28976 -0.312222 300.602
4.00635 -0.313466 300.496

5.60922 -0.321088 303.932
5.75443 -0.31798 303.724
6.01191 -0.310721 303.212
6.15522 -0.305138 302.758
6.21348 -0.300411 302.238
6.19079 -0.29514 301.743
6.13642 -0.290583 301.087
5.93082 -0.284743 300.978
5.69964 -0.279916 300.621
5.48085 -0.276482 300.341
5.05796 -0.273912 299.963
4.66417 -0.273041 299.744

6.272 -0.314579 304.68
6.4761 -0.310077 304.416
6.85422 -0.298734 303.75
7.0782 -0.289364 303.143
7.19083 -0.280704 302.449
7.1879 -0.272254 301.815
7.13609 -0.26557 301.082
6.90681 -0.254787 300.763
6.62867 -0.246746 300.253
6.3589 -0.241112 299.864
5.82615 -0.235602 299.324
5.32199 -0.232615 298.992

0.946987 0.633027 298.702
0.679217 0.626335 298.892
0.0907203 0.604917 299.456
-0.331458 0.583887 300.087
-0.653817 0.560953 300.789
-0.814407 0.543742 301.27
-0.885906 0.531941 301.189
-0.924474 0.504748 302.522
-0.825314 0.487045 303.236
-0.685687 0.475043 303.719
-0.336472 0.456998 304.476
0.0449895 0.443034 305.049

1.60977 0.639536 299.45
1.40088 0.634238 299.584
0.933027 0.616903 299.995
0.591519 0.599662 300.472
0.323533 0.58066 301
0.182702 0.566628 301.343
0.113767 0.556954 301.184
0.0515186 0.534703 302.306
0.103714 0.520214 302.868
0.192367 0.510413 303.241
0.431724 0.495308 303.837
0.702809 0.48346 304.297

2.27255 0.646044 300.199
2.12254 0.642141 300.276
1.77533 0.62889 300.534
1.5145 0.615436 300.857
1.30088 0.600368 301.211
1.17981 0.589513 301.415
1.11344 0.581966 301.178
1.02751 0.564659 302.09
1.03274 0.553384 302.499
1.07042 0.545783 302.764
1.19992 0.533617 303.198
1.36063 0.523885 303.545

2.93533 0.652553 300.948
2.8442 0.650044 300.969
2.61764 0.640876 301.073
2.43747 0.63121 301.241
2.27823 0.620076 301.421
2.17692 0.612399 301.488
2.11311 0.606979 301.173
2.0035 0.594614 301.874
1.96177 0.586554 302.13
1.94847 0.581152 302.287
1.96812 0.571927 302.559
2.01845 0.56431 302.793

3.59811 0.659062 301.697
3.56586 0.657947 301.661
3.45995 0.652863 301.612
3.36045 0.646984 301.626
3.25559 0.639783 301.632
3.17403 0.635284 301.56
3.11279 0.631991 301.168
2.9795 0.624569 301.659
2.8908 0.619723 301.762
2.82653 0.616522 301.81
2.73631 0.610237 301.92
2.67627 0.604735 302.041

4.2609 0.66557 302.445
4.28752 0.66585 302.353
4.30225 0.664849 302.151
4.28343 0.662758 302.01
4.23294 0.659491 301.843
4.17114 0.65817 301.633
4.11246 0.657004 301.162
3.95549 0.654525 301.443
3.81982 0.652893 301.393
3.70458 0.651892 301.332
3.50451 0.648547 301.281
3.33409 0.645161 301.289

4.92368 0.672079 303.194
5.00919 0.673752 303.045
5.14456 0.676836 302.69
5.2064 0.678533 302.395
5.21029 0.679199 302.054
5.16825 0.681055 301.705
5.11213 0.682016 301.157
4.93148 0.68448 301.227
4.74885 0.686063 301.025
4.58263 0.687262 300.855
4.27271 0.686857 300.641
3.99191 0.685586 300.537

5.58646 0.678588 303.943
5.73085 0.681655 303.737
5.98687 0.688822 303.229
6.12938 0.694307 302.779
6.18764 0.698906 302.264
6.16535 0.703941 301.777
6.1118 0.707029 301.152
5.90747 0.714436 301.011
5.67788 0.719232 300.656
5.46069 0.722632 300.378
5.0409 0.725166 300.002
4.64973 0.726011 299.785

6.24924 0.685096 304.692
6.45251 0.689558 304.43
6.82917 0.700809 303.767
7.05236 0.710081 303.164
7.16499 0.718614 302.475
7.16246 0.726826 301.85
7.11148 0.732041 301.146
6.88347 0.744391 300.796
6.60691 0.752402 300.288
6.33874 0.758001 299.901
5.8091 0.763476 299.363
5.30755 0.766437 299.033

0.924228 1.6327 298.713
0.655629 1.62597 298.905
0.0656729 1.60446 299.473
-0.357296 1.58333 300.109
-0.67966 1.56027 300.816
-0.839845 1.54282 301.305
-0.910522 1.52955 301.253
-0.947819 1.50393 302.555
-0.847077 1.48619 303.271
-0.70585 1.47416 303.756
-0.353529 1.45608 304.515
0.0305535 1.44209 305.091

1.58701 1.63921 299.462
1.37729 1.63387 299.597
0.907979 1.61645 300.012
0.565681 1.59911 300.493
0.297691 1.57998 301.026
0.157263 1.56571 301.377
0.089151 1.55456 301.248
0.0281741 1.53388 302.339
0.081951 1.51936 302.903
0.172203 1.50953 303.278
0.414668 1.49439 303.876
0.688373 1.48251 304.338

2.24979 1.64572 300.211
2.09895 1.64178 300.29
1.75029 1.62843 300.551
1.48866 1.61488 300.878
1.27504 1.59969 301.237
1.15437 1.58859 301.45
1.08882 1.57958 301.243
1.00417 1.56384 302.123
1.01098 1.55253 302.534
1.05026 1.5449 302.801
1.18286 1.5327 303.237
1.34619 1.52294 303.586

2.91257 1.65223 300.959
2.82061 1.64968 300.982
2.59259 1.64042 301.09
2.41163 1.63066 301.262
2.25239 1.61939 301.448
2.15148 1.61148 301.522
2.0885 1.60459 301.237
1.98016 1.59379 301.907
1.94001 1.5857 302.166
1.92831 1.58027 302.324
1.95106 1.57101 302.598
2.00401 1.56336 302.834

3.57536 1.65874 301.708
3.54227 1.65758 301.674
3.4349 1.65241 301.629
3.33461 1.64643 301.647
3.22974 1.6391 301.659
3.14859 1.63436 301.595
3.08817 1.6296 301.232
2.95615 1.62375 301.692
2.86903 1.61887 301.797
2.80636 1.61564 301.847
2.71926 1.60932 301.959
2.66183 1.60379 302.082

4.23814 1.66525 302.457
4.26394 1.66548 302.366
4.27721 1.66439 302.168
4.25759 1.6622 302.031
4.20709 1.65881 301.869
4.1457 1.65725 301.667
4.08784 1.65461 301.227
3.93215 1.6537 301.476
3.79806 1.65204 301.429
3.68442 1.65101 301.369
3.48745 1.64763 301.32
3.31965 1.64421 301.33

4.90092 1.67175 303.206
4.9856 1.67339 303.058
5.11951 1.67638 302.707
5.18057 1.67798 302.416
5.18444 1.67852 302.08
5.14281 1.68014 301.74
5.08752 1.67963 301.221
4.90814 1.68366 301.26
4.72709 1.68521 301.06
4.56247 1.68638 300.892
4.25565 1.68593 300.681
3.97747 1.68464 300.578

5.5637 1.67826 303.954
5.70726 1.68129 303.751
5.96182 1.68837 303.245
6.10354 1.69375 302.8
6.16179 1.69822 302.291
6.13992 1.70302 301.812
6.08719 1.70464 301.216
5.88413 1.71361 301.045
5.65612 1.71838 300.691
5.44052 1.72175 300.415
5.02384 1.72424 300.042
4.63529 1.72506 299.826

6.22648 1.68477 304.703
6.42892 1.68919 304.443
6.80412 1.70035 303.784
7.02652 1.70953 303.185
7.13914 1.71793 302.501
7.13702 1.72591 301.884
7.08686 1.72965 301.211
6.86012 1.74357 300.829
6.58514 1.75155 300.323
6.31858 1.75712 299.938
5.79204 1.76255 299.403
5.29311 1.76549 299.074

0.901469 2.63238 298.724
0.632041 2.62561 298.918
0.0406256 2.604 299.49
-0.383135 2.58278 300.13
-0.705502 2.55959 300.842
-0.865284 2.5419 301.339
-0.935138 2.52716 301.318
-0.971163 2.5031 302.588
-0.86884 2.48534 303.306
-0.726014 2.47327 303.793
-0.370585 2.45515 304.555
0.0161175 2.44114 305.132

1.56425 2.63889 299.473
1.3537 2.63351 299.611
0.882932 2.61599 300.029
0.539842 2.59855 300.514
0.271848 2.57929 301.053
0.131825 2.56479 301.412
0.0645353 2.55218 301.313
0.00482959 2.53306 302.372
0.0601881 2.51851 302.938
0.15204 2.50864 303.315
0.397611 2.49346 303.916
0.673937 2.48156 304.38

2.22703 2.6454 300.222
2.07536 2.64141 300.303
1.72524 2.62798 300.568
1.46282 2.61433 300.899
1.2492 2.599 301.264
1.12893 2.58767 301.484
1.06421 2.57719 301.307
0.980822 2.56302 302.156
0.989216 2.55168 302.569
1.03009 2.54401 302.838
1.16581 2.53177 303.276
1.33176 2.52199 303.627

2.88981 2.6519 300.971
2.79703 2.64931 300.995
2.56754 2.63996 301.107
2.3858 2.6301 301.283
2.22655 2.61871 301.474
2.12604 2.61056 301.557
2.06388 2.6022 301.302
1.95682 2.59297 301.941
1.91824 2.58485 302.201
1.90815 2.57938 302.361
1.934 2.57008 302.637
1.98958 2.56241 302.875

3.5526 2.65841 301.72
3.51869 2.65722 301.687
3.40985 2.65195 301.646
3.30877 2.64587 301.668
3.2039 2.63842 301.685
3.12315 2.63345 301.629
3.06355 2.62721 301.297
2.93281 2.62293 301.725
2.84727 2.61802 301.832
2.7862 2.61475 301.884
2.7022 2.60839 301.998
2.6474 2.60284 302.123

4.21538 2.66492 302.468
4.24035 2.66512 302.379
4.25216 2.66394 302.185
4.23175 2.66165 302.052
4.18125 2.65813 301.896
4.12026 2.65633 301.702
4.06323 2.65223 301.291
3.9088 2.65288 301.509
3.7763 2.65119 301.464
3.66425 2.65012 301.406
3.4704 2.6467 301.359
3.30522 2.64326 301.371

4.87816 2.67143 303.217
4.96201 2.67302 303.072
5.09446 2.67592 302.724
5.15473 2.67742 302.437
5.1586 2.67783 302.106
5.11737 2.67922 301.774
5.0629 2.67724 301.286
4.88479 2.68284 301.293
4.70533 2.68436 301.095
4.54231 2.68549 300.929
4.23859 2.68501 300.72
3.96304 2.68369 300.619

5.54094 2.67794 303.966
5.68367 2.68093 303.764
5.93677 2.68791 303.262
6.0777 2.6932 302.821
6.13595 2.69754 302.317
6.11448 2.7021 301.846
6.06257 2.70225 301.281
5.86079 2.71279 301.078
5.63435 2.71753 300.727
5.42036 2.72086 300.452
5.00679 2.72332 300.081
4.62086 2.72412 299.867

6.20372 2.68445 304.715
6.40533 2.68883 304.456
6.77908 2.6999 303.801
7.00068 2.70897 303.206
7.1133 2.71725 302.528
7.11159 2.72499 301.919
7.06225 2.72726 301.275
6.83678 2.74275 300.862
6.56338 2.7507 300.358
6.29841 2.75623 299.975
5.77498 2.76163 299.442
5.27868 2.76454 299.115

0.878709 3.63205 298.736
0.608453 3.62524 298.932
0.0155782 3.60355 299.507
-0.408973 3.58222 300.151
-0.731345 3.5589 300.869
-0.890722 3.54098 301.374
-0.959753 3.52478 301.383
-0.994508 3.50228 302.621
-0.890602 3.48449 303.341
-0.746177 3.47238 303.83
-0.387642 3.45423 304.594
0.00168151 3.44019 305.173

1.54149 3.63856 299.485
1.33011 3.63314 299.624
0.857885 3.61553 300.046
0.514004 3.598 300.535
0.246006 3.57861 301.079
0.106386 3.56387 301.446
0.0399196 3.54979 301.377
-0.0185149 3.53224 302.405
0.0384253 3.51766 302.973
0.131876 3.50775 303.352
0.380554 3.49254 303.955
0.659501 3.48062 304.421

2.20427 3.64507 300.233
2.05178 3.64105 300.316
1.70019 3.62752 300.585
1.43698 3.61377 300.92
1.22336 3.59832 301.29
1.1035 3.58676 301.519
1.03959 3.5748 301.372
0.957478 3.56219 302.189
0.967453 3.55083 302.604
1.00993 3.54312 302.875
1.14875 3.53085 303.316
1.31732 3.52104 303.669

2.86705 3.65158 300.982
2.77344 3.64895 301.008
2.5425 3.63951 301.124
2.35996 3.62955 301.304
2.20071 3.61803 301.501
2.1006 3.60964 301.591
2.03927 3.59981 301.367
1.93347 3.59215 301.974
1.89648 3.584 302.236
1.88798 3.57849 302.398
1.91695 3.56916 302.677
1.97514 3.56147 302.916

3.52984 3.65809 301.731
3.4951 3.65685 301.7
3.3848 3.65149 301.663
3.28294 3.64532 301.689
3.17806 3.63774 301.711
3.09771 3.63253 301.664
3.03894 3.62483 301.361
2.90946 3.6221 301.758
2.82551 3.61717 301.867
2.76604 3.61386 301.921
2.68514 3.60747 302.038
2.63296 3.60189 302.164

4.19262 3.6646 302.48
4.21676 3.66475 302.393
4.22711 3.66348 302.202
4.20591 3.66109 302.073
4.15541 3.65744 301.922
4.09482 3.65541 301.736
4.03861 3.64984 301.356
3.88546 3.65206 301.542
3.75454 3.65034 301.499
3.64409 3.64923 301.443
3.45334 3.64578 301.399
3.29078 3.64232 301.412

4.8554 3.67111 303.229
4.93842 3.67266 303.085
5.06942 3.67547 302.74
5.12889 3.67687 302.458
5.13276 3.67715 302.133
5.09193 3.6783 301.809
5.03828 3.67485 301.35
4.86145 3.68202 301.327
4.68356 3.68351 301.13
4.52214 3.6846 300.966
4.22154 3.68409 300.76
3.9486 3.68274 300.66

5.51818 3.67761 303.977
5.66008 3.68056 303.777
5.91172 3.68745 303.279
6.05187 3.69264 302.842
6.11011 3.69686 302.343
6.08904 3.70118 301.881
6.03796 3.69986 301.345
5.83744 3.71197 301.111
5.61259 3.71668 300.762
5.4002 3.71997 300.489
4.98973 3.7224 300.121
4.60642 3.72317 299.908

6.18096 3.68412 304.726
6.38174 3.68846 304.469
6.75403 3.69944 303.818
6.97484 3.70842 303.227
7.08746 3.71657 302.554
7.08615 3.72407 301.953
7.03763 3.72487 301.34
6.81343 3.74193 300.895
6.54162 3.74985 300.393
6.27825 3.75534 300.012
5.75793 3.76071 299.481
5.26424 3.76359 299.156

