0.952396 -4.19253 314.852
0.679381 -4.19484 315.082
0.145059 -4.2025 315.662
-0.152381 -4.20851 316.176
-0.394072 -4.213 316.808
-0.488557 -4.21831 317.431
-0.51935 -4.22339 317.861
-0.47623 -4.22882 318.348
-0.288593 -4.24006 319.119
-0.0458721 -4.24841 319.673
0.266391 -4.2555 320.185

1.67842 -4.18602 315.54
1.46767 -4.18648 315.698
1.04692 -4.18967 316.094
0.80567 -4.19231 316.463
0.600156 -4.19324 316.913
0.5103 -4.19556 317.389
0.464051 -4.19773 317.681
0.478513 -4.20099 318.051
0.590987 -4.20905 318.644
0.748393 -4.21525 319.067
0.959989 -4.22036 319.466

2.40444 -4.17952 316.227
2.25596 -4.17812 316.313
1.94878 -4.17685 316.526
1.76372 -4.17611 316.749
1.59438 -4.17347 317.018
1.50916 -4.17281 317.347
1.44745 -4.17206 317.501
1.43326 -4.17315 317.755
1.47057 -4.17803 318.169
1.54266 -4.18208 318.46
1.65359 -4.18522 318.746

3.13047 -4.17302 316.915
3.04425 -4.16976 316.928
2.85065 -4.16403 316.958
2.72177 -4.15991 317.035
2.58861 -4.1537 317.124
2.50801 -4.15006 317.305
2.43085 -4.1464 317.322
2.388 -4.14532 317.459
2.35015 -4.14702 317.694
2.33692 -4.14891 317.853
2.34718 -4.15008 318.027

3.85649 -4.16651 317.603
3.83254 -4.1614 317.543
3.75251 -4.1512 317.39
3.67982 -4.14371 317.321
3.58284 -4.13393 317.229
3.50687 -4.12732 317.263
3.41425 -4.12074 317.142
3.34274 -4.11749 317.163
3.22973 -4.11601 317.22
3.13119 -4.11575 317.247
3.04078 -4.11494 317.307

4.58251 -4.16001 318.29
4.62083 -4.15303 318.159
4.65437 -4.13838 317.821
4.63787 -4.1275 317.607
4.57707 -4.11417 317.335
4.50573 -4.10457 317.221
4.39765 -4.09508 316.963
4.29749 -4.08965 316.867
4.10931 -4.08499 316.745
3.92545 -4.08258 316.64
3.73438 -4.0798 316.588

5.30854 -4.15351 318.978
5.40912 -4.14467 318.774
5.55623 -4.12556 318.253
5.59592 -4.1113 317.893
5.5713 -4.0944 317.44
5.50458 -4.08182 317.179
5.38105 -4.06942 316.783
5.25223 -4.06182 316.571
4.98889 -4.05398 316.27
4.71972 -4.04942 316.033
4.42798 -4.04466 315.868

6.03456 -4.14701 319.665
6.19741 -4.13631 319.389
6.4581 -4.11274 318.685
6.55397 -4.0951 318.179
6.56553 -4.07463 317.546
6.50344 -4.05908 317.137
6.36445 -4.04375 316.603
6.20697 -4.03399 316.275
5.86847 -4.02297 315.795
5.51398 -4.01625 315.427
5.12158 -4.00952 315.149

6.76058 -4.1405 320.353
6.9857 -4.12795 320.004
7.35996 -4.09991 319.117
7.51202 -4.0789 318.466
7.55976 -4.05487 317.651
7.5023 -4.03633 317.095
7.34786 -4.01809 316.424
7.16172 -4.00615 315.979
6.74805 -3.99195 315.321
6.30825 -3.98308 314.82
5.81517 -3.97438 314.429

0.928626 -3.19293 314.868
0.655313 -3.19528 315.1
0.120807 -3.20301 315.683
-0.176243 -3.20906 316.2
-0.417002 -3.21368 316.836
-0.510411 -3.21878 317.453
-0.539377 -3.22414 317.894
-0.494606 -3.22959 318.382
-0.303989 -3.24085 319.155
-0.0585325 -3.24922 319.711
0.256463 -3.25632 320.224

1.65465 -3.18643 315.555
1.4436 -3.18692 315.715
1.02267 -3.19019 316.115
0.781807 -3.19286 316.486
0.577227 -3.19392 316.942
0.488446 -3.19603 317.411
0.444024 -3.19848 317.714
0.460137 -3.20176 318.086
0.575591 -3.20984 318.681
0.735733 -3.21605 319.105
0.950061 -3.22118 319.505

2.38067 -3.17993 316.243
2.23189 -3.17856 316.33
1.92453 -3.17736 316.547
1.73986 -3.17666 316.772
1.57146 -3.17415 317.047
1.4873 -3.17328 317.368
1.42742 -3.17281 317.535
1.41488 -3.17392 317.79
1.45517 -3.17883 318.206
1.53 -3.18289 318.498
1.64366 -3.18604 318.785

3.1067 -3.17342 316.931
3.02018 -3.17019 316.945
2.82639 -3.16454 316.979
2.69791 -3.16046 317.058
2.56568 -3.15438 317.153
2.48616 -3.15054 317.326
2.41083 -3.14715 317.355
2.36962 -3.14609 317.494
2.33475 -3.14781 317.731
2.32426 -3.14972 317.891
2.33726 -3.1509 318.066

3.83272 -3.16692 317.618
3.80847 -3.16183 317.561
3.72826 -3.15172 317.411
3.65596 -3.14426 317.344
3.55991 -3.13461 317.258
3.48502 -3.12779 317.284
3.39423 -3.12149 317.175
3.32437 -3.11826 317.198
3.21433 -3.1168 317.256
3.11853 -3.11655 317.285
3.03085 -3.11576 317.346

4.55874 -3.16042 318.306
4.59676 -3.15347 318.176
4.63012 -3.1389 317.842
4.61401 -3.12806 317.63
4.55414 -3.11485 317.364
4.48387 -3.10504 317.242
4.37763 -3.09583 316.996
4.27911 -3.09042 316.902
4.09391 -3.08579 316.782
3.91279 -3.08339 316.678
3.72445 -3.08062 316.627

5.28477 -3.15391 318.993
5.38505 -3.14511 318.791
5.53198 -3.12607 318.274
5.57206 -3.11186 317.917
5.54837 -3.09508 317.469
5.48273 -3.0823 317.2
5.36103 -3.07017 316.816
5.23385 -3.06259 316.605
4.97349 -3.05477 316.307
4.70706 -3.05022 316.071
4.41805 -3.04548 315.907

6.01079 -3.14741 319.681
6.17334 -3.13675 319.406
6.43384 -3.11325 318.706
6.53011 -3.09566 318.203
6.5426 -3.07531 317.575
6.48159 -3.05955 317.158
6.34443 -3.0445 316.636
6.1886 -3.03476 316.309
5.85308 -3.02376 315.832
5.50132 -3.01705 315.465
5.11165 -3.01034 315.188

6.73681 -3.14091 320.369
6.96163 -3.12839 320.022
7.3357 -3.10043 319.138
7.48816 -3.07946 318.489
7.53683 -3.05555 317.68
7.48044 -3.0368 317.116
7.32783 -3.01884 316.457
7.14334 -3.00692 316.013
6.73266 -2.99275 315.357
6.29559 -2.98389 314.858
5.80525 -2.9752 314.468

0.904857 -2.19334 314.883
0.631244 -2.19571 315.117
0.0965539 -2.20352 315.704
-0.200105 -2.20962 316.223
-0.439931 -2.21436 316.865
-0.532264 -2.21925 317.474
-0.559404 -2.22489 317.927
-0.512982 -2.23036 318.417
-0.319385 -2.24165 319.192
-0.0711928 -2.25002 319.749
0.246536 -2.25714 320.264

1.63088 -2.18683 315.571
1.41953 -2.18735 315.732
0.998416 -2.1907 316.136
0.757945 -2.19342 316.509
0.554297 -2.19459 316.971
0.466592 -2.1965 317.432
0.423996 -2.19922 317.747
0.441761 -2.20253 318.121
0.560195 -2.21063 318.717
0.723072 -2.21686 319.143
0.940133 -2.222 319.544

2.3569 -2.18033 316.259
2.20782 -2.17899 316.347
1.90028 -2.17788 316.568
1.716 -2.17722 316.795
1.54853 -2.17483 317.076
1.46545 -2.17376 317.39
1.4074 -2.17356 317.568
1.3965 -2.17469 317.825
1.43978 -2.17962 318.243
1.51734 -2.18369 318.536
1.63373 -2.18686 318.825

3.08293 -2.17383 316.946
2.99611 -2.17063 316.963
2.80214 -2.16506 317
2.67405 -2.16102 317.081
2.54275 -2.15506 317.182
2.4643 -2.15101 317.348
2.3908 -2.1479 317.388
2.35125 -2.14686 317.529
2.31936 -2.14861 317.768
2.3116 -2.15052 317.929
2.32733 -2.15172 318.105

3.80895 -2.16732 317.634
3.7844 -2.16227 317.578
3.704 -2.15223 317.432
3.6321 -2.14482 317.368
3.53698 -2.13529 317.287
3.46316 -2.12826 317.306
3.3742 -2.12224 317.208
3.30599 -2.11903 317.232
3.19894 -2.11759 317.293
3.10587 -2.11736 317.323
3.02093 -2.11658 317.386

4.53497 -2.16082 318.321
4.57269 -2.15391 318.193
4.60587 -2.13941 317.863
4.59015 -2.12862 317.654
4.53121 -2.11553 317.393
4.46202 -2.10551 317.264
4.3576 -2.09658 317.029
4.26074 -2.09119 316.936
4.07852 -2.08658 316.818
3.90013 -2.08419 316.716
3.71452 -2.08144 316.666

5.261 -2.15432 319.009
5.36098 -2.14555 318.808
5.50773 -2.12659 318.295
5.5482 -2.11242 317.94
5.52544 -2.09576 317.498
5.46087 -2.08277 317.222
5.341 -2.07091 316.849
5.21548 -2.06336 316.64
4.9581 -2.05557 316.344
4.6944 -2.05102 316.109
4.40812 -2.0463 315.947

5.98702 -2.14782 319.697
6.14927 -2.13719 319.424
6.40959 -2.11376 318.727
6.50625 -2.09622 318.226
6.51967 -2.07599 317.603
6.45973 -2.06002 317.18
6.3244 -2.04525 316.669
6.17022 -2.03553 316.344
5.83768 -2.02455 315.869
5.48866 -2.01786 315.503
5.10172 -2.01116 315.227

6.71304 -2.14131 320.384
6.93756 -2.12883 320.039
7.31145 -2.10094 319.159
7.4643 -2.08002 318.512
7.5139 -2.05623 317.709
7.45859 -2.03727 317.138
7.3078 -2.01959 316.49
7.12497 -2.00769 316.048
6.71726 -1.99354 315.394
6.28293 -1.98469 314.896
5.79532 -1.97602 314.508

0.881087 -1.19374 314.899
0.607175 -1.19615 315.134
0.0723012 -1.20404 315.725
-0.223967 -1.21018 316.246
-0.462861 -1.21504 316.894
-0.554118 -1.21972 317.496
-0.579432 -1.22564 317.96
-0.531358 -1.23113 318.452
-0.334782 -1.24244 319.229
-0.0838532 -1.25083 319.787
0.236608 -1.25796 320.303

1.60711 -1.18724 315.587
1.39546 -1.18779 315.749
0.974164 -1.19122 316.157
0.734083 -1.19398 316.533
0.531367 -1.19527 317
0.444738 -1.19697 317.454
0.403969 -1.19997 317.78
0.423386 -1.2033 318.155
0.544799 -1.21143 318.754
0.710412 -1.21766 319.181
0.930205 -1.22282 319.583

2.33313 -1.18074 316.274
2.18375 -1.17943 316.365
1.87603 -1.17839 316.589
1.69213 -1.17778 316.819
1.5256 -1.17551 317.105
1.44359 -1.17423 317.412
1.38737 -1.17431 317.601
1.37813 -1.17546 317.859
1.42438 -1.18042 318.279
1.50468 -1.18449 318.574
1.6238 -1.18768 318.864

3.05916 -1.17423 316.962
2.97204 -1.17107 316.98
2.77789 -1.16557 317.021
2.65018 -1.16158 317.105
2.51982 -1.15574 317.211
2.44245 -1.15148 317.37
2.37077 -1.14865 317.421
2.33287 -1.14763 317.563
2.30396 -1.1494 317.805
2.29894 -1.15133 317.967
2.3174 -1.15254 318.144

3.78518 -1.16773 317.649
3.76033 -1.16271 317.595
3.67975 -1.15275 317.452
3.60823 -1.14537 317.391
3.51405 -1.13597 317.316
3.44131 -1.12873 317.328
3.35417 -1.12299 317.241
3.28762 -1.1198 317.267
3.18354 -1.11839 317.33
3.09321 -1.11816 317.361
3.011 -1.1174 317.425

4.5112 -1.16123 318.337
4.54862 -1.15435 318.21
4.58161 -1.13992 317.884
4.56628 -1.12917 317.677
4.50828 -1.11621 317.421
4.44016 -1.10599 317.285
4.33757 -1.09733 317.062
4.24236 -1.09196 316.971
4.06312 -1.08738 316.855
3.88747 -1.085 316.754
3.7046 -1.08226 316.705

5.23723 -1.15472 319.025
5.33691 -1.14599 318.826
5.48348 -1.1271 318.316
5.52433 -1.11297 317.963
5.50251 -1.09644 317.527
5.43902 -1.08324 317.243
5.32097 -1.07166 316.882
5.1971 -1.06413 316.675
4.9427 -1.05636 316.38
4.68174 -1.05183 316.147
4.39819 -1.04712 315.986

5.96325 -1.14822 319.712
6.1252 -1.13763 319.441
6.38534 -1.11428 318.748
6.48238 -1.09677 318.249
6.49674 -1.07667 317.632
6.43788 -1.06049 317.201
6.30437 -1.046 316.703
6.15185 -1.0363 316.379
5.82228 -1.02535 315.906
5.476 -1.01866 315.541
5.09179 -1.01198 315.266

6.68927 -1.14172 320.4
6.91349 -1.12927 320.056
7.2872 -1.10146 319.18
7.44043 -1.08057 318.536
7.49097 -1.05691 317.738
7.43673 -1.03774 317.159
7.28777 -1.02034 316.523
7.10659 -1.00846 316.083
6.70186 -0.994335 315.431
6.27027 -0.985497 314.934
5.78539 -0.976841 314.547

0.857317 -0.194146 314.915
0.583106 -0.196592 315.151
0.0480485 -0.204553 315.746
-0.247829 -0.210734 316.27
-0.485791 -0.215721 316.923
-0.575972 -0.220193 317.517
-0.599459 -0.226384 317.993
-0.549734 -0.2319 318.486
-0.350178 -0.243236 319.266
-0.0965135 -0.25163 319.826
0.22668 -0.258778 320.342

1.58334 -0.187643 315.602
1.3714 -0.188231 315.767
0.949911 -0.19173 316.178
0.710221 -0.194534 316.556
0.508438 -0.195954 317.028
0.422884 -0.197446 317.475
0.383942 -0.200722 317.813
0.40501 -0.204067 318.19
0.529403 -0.212223 318.791
0.697752 -0.218464 319.219
0.920278 -0.223638 319.623

2.30936 -0.18114 316.29
2.15969 -0.179871 316.382
1.85177 -0.178907 316.61
1.66827 -0.178333 316.842
1.50267 -0.176187 317.134
1.42174 -0.174699 317.433
1.36734 -0.17506 317.634
1.35975 -0.176234 317.894
1.40898 -0.181209 318.316
1.49202 -0.185298 318.612
1.61388 -0.188499 318.903

3.03539 -0.174637 316.977
2.94798 -0.17151 316.997
2.75364 -0.166084 317.042
2.62632 -0.162132 317.128
2.49689 -0.15642 317.239
2.4206 -0.151952 317.391
2.35074 -0.149398 317.454
2.3145 -0.1484 317.598
2.28856 -0.150196 317.841
2.28628 -0.152132 318.006
2.30747 -0.153359 318.184

3.76141 -0.168134 317.665
3.73627 -0.163149 317.612
3.6555 -0.153261 317.473
3.58437 -0.145931 317.414
3.49112 -0.136653 317.345
3.41945 -0.129205 317.349
3.33414 -0.123737 317.275
3.26924 -0.120567 317.302
3.16815 -0.119183 317.367
3.08055 -0.118966 317.399
3.00107 -0.118219 317.464

4.48743 -0.161631 318.353
4.52456 -0.154789 318.228
4.55736 -0.140438 317.905
4.54242 -0.12973 317.7
4.48535 -0.116887 317.45
4.41831 -0.106458 317.307
4.31754 -0.0980747 317.095
4.22398 -0.0927337 317.006
4.04773 -0.0881694 316.892
3.87481 -0.0857998 316.792
3.69467 -0.0830793 316.745

5.21346 -0.155128 319.04
5.31285 -0.146428 318.843
5.45922 -0.127615 318.337
5.50047 -0.11353 317.987
5.47958 -0.0971196 317.556
5.41717 -0.0837108 317.265
5.30094 -0.0724128 316.915
5.17873 -0.0649004 316.71
4.92731 -0.057156 316.417
4.66908 -0.0526337 316.186
4.38827 -0.0479395 316.025

5.93948 -0.148625 319.728
6.10113 -0.138067 319.458
6.36108 -0.114792 318.769
6.45852 -0.0973289 318.273
6.47381 -0.0773527 317.661
6.41602 -0.0609638 317.223
6.28435 -0.0467509 316.736
6.13347 -0.037067 316.413
5.80689 -0.0261427 315.942
5.46334 -0.0194676 315.579
5.08186 -0.0127998 315.306

6.6655 -0.142122 320.416
6.88942 -0.129707 320.073
7.26295 -0.101969 319.201
7.41657 -0.0811281 318.559
7.46804 -0.0575857 317.767
7.41488 -0.0382168 317.181
7.26775 -0.021089 316.556
7.08821 -0.00923367 316.117
6.68647 0.00487064 315.468
6.25761 0.0136986 314.972
5.77546 0.02234 314.586

0.833548 0.805449 314.93
0.559038 0.802969 315.169
0.0237958 0.794933 315.767
-0.271691 0.788709 316.293
-0.508721 0.783599 316.952
-0.597826 0.779335 317.539
-0.619487 0.772867 318.026
-0.56811 0.767329 318.521
-0.365574 0.75597 319.302
-0.109174 0.747565 319.864
0.216752 0.740403 320.381

1.55957 0.811952 315.618
1.34733 0.81133 315.784
0.925658 0.807756 316.199
0.686359 0.80491 316.579
0.485508 0.803366 317.057
0.40103 0.802082 317.497
0.363914 0.798529 317.847
0.386634 0.795163 318.225
0.514007 0.786983 318.828
0.685091 0.780731 319.257
0.91035 0.775543 319.662

2.28559 0.818455 316.305
2.13562 0.819691 316.399
1.82752 0.820579 316.631
1.64441 0.821111 316.865
1.47974 0.823133 317.163
1.39989 0.82483 317.455
1.34731 0.824191 317.667
1.34138 0.822996 317.929
1.39359 0.817997 318.353
1.47936 0.813897 318.65
1.60395 0.810682 318.942

3.01162 0.824958 316.993
2.92391 0.828051 317.014
2.72938 0.833402 317.063
2.60246 0.837312 317.151
2.47396 0.8429 317.268
2.39874 0.847576 317.413
2.33072 0.849853 317.487
2.29612 0.850829 317.633
2.27317 0.84901 317.878
2.27362 0.847064 318.044
2.29755 0.845822 318.223

3.73764 0.831461 317.681
3.7122 0.836412 317.63
3.63125 0.846225 317.494
3.56051 0.853512 317.438
3.46819 0.862667 317.374
3.3976 0.870323 317.371
3.31412 0.875514 317.308
3.25086 0.878663 317.336
3.15275 0.880023 317.403
3.06789 0.88023 317.437
2.99114 0.880962 317.503

4.46366 0.837964 318.368
4.50049 0.844773 318.245
4.53311 0.859048 317.926
4.51856 0.869713 317.724
4.46242 0.882434 317.479
4.39646 0.893071 317.329
4.29752 0.901176 317.128
4.20561 0.906496 317.04
4.03233 0.911036 316.929
3.86215 0.913396 316.83
3.68474 0.916102 316.784

5.18969 0.844467 319.056
5.28878 0.853133 318.86
5.43497 0.871871 318.358
5.47661 0.885914 318.01
5.45665 0.902201 317.585
5.39531 0.915817 317.287
5.28092 0.926838 316.948
5.16035 0.934329 316.744
4.91191 0.94205 316.454
4.65642 0.946562 316.224
4.37834 0.951241 316.064

5.91571 0.85097 319.744
6.07707 0.861494 319.475
6.33683 0.884694 318.79
6.43466 0.902115 318.296
6.45088 0.921968 317.69
6.39417 0.938565 317.245
6.26432 0.9525 316.769
6.11509 0.962163 316.448
5.79149 0.973063 315.979
5.45068 0.979728 315.617
5.07194 0.986381 315.345

6.64173 0.857473 320.431
6.86536 0.869855 320.091
7.23869 0.897517 319.222
7.39271 0.918315 318.582
7.44511 0.941734 317.795
7.39303 0.961312 317.202
7.24772 0.978162 316.589
7.06984 0.989996 316.152
6.67107 1.00408 315.504
6.24495 1.01289 315.01
5.76553 1.02152 314.625

0.809778 1.80504 314.946
0.534969 1.80253 315.186
-0.000456869 1.79442 315.788
-0.295553 1.78815 316.316
-0.53165 1.78292 316.981
-0.61968 1.77886 317.56
-0.639514 1.77212 318.059
-0.586485 1.76656 318.556
-0.38097 1.75518 319.339
-0.121834 1.74676 319.902
0.206824 1.73958 320.421

1.5358 1.81155 315.633
1.32326 1.81089 315.801
0.901405 1.80724 316.22
0.662497 1.80435 316.602
0.462578 1.80269 317.086
0.379176 1.80161 317.518
0.343887 1.79778 317.88
0.368258 1.79439 318.259
0.498611 1.78619 318.864
0.672431 1.77993 319.295
0.900422 1.77472 319.701

2.26182 1.81805 316.321
2.11155 1.81925 316.416
1.80327 1.82006 316.652
1.62055 1.82055 316.889
1.45681 1.82245 317.192
1.37803 1.82436 317.476
1.32729 1.82344 317.7
1.323 1.82223 317.963
1.37819 1.8172 318.39
1.4667 1.81309 318.688
1.59402 1.80986 318.982

2.98785 1.82455 317.009
2.89984 1.82761 317.032
2.70513 1.83289 317.084
2.5786 1.83676 317.175
2.45104 1.84222 317.297
2.37689 1.8471 317.434
2.31069 1.8491 317.52
2.27775 1.85006 317.667
2.25777 1.84822 317.915
2.26096 1.84626 318.082
2.28762 1.845 318.262

3.71387 1.83106 317.696
3.68813 1.83597 317.647
3.60699 1.84571 317.515
3.53665 1.85296 317.461
3.44526 1.86199 317.403
3.37575 1.86985 317.392
3.29409 1.87477 317.341
3.23249 1.87789 317.371
3.13735 1.87923 317.44
3.05523 1.87943 317.475
2.98122 1.88014 317.543

4.4399 1.83756 318.384
4.47642 1.84433 318.262
4.50885 1.85853 317.947
4.4947 1.86916 317.747
4.43949 1.88175 317.508
4.3746 1.8926 317.35
4.27749 1.90043 317.161
4.18723 1.90573 317.075
4.01693 1.91024 316.965
3.84949 1.91259 316.868
3.67481 1.91528 316.823

5.16592 1.84406 319.072
5.26471 1.85269 318.877
5.41072 1.87136 318.379
5.45275 1.88536 318.033
5.43372 1.90152 317.613
5.37346 1.91535 317.308
5.26089 1.92609 316.982
5.14198 1.93356 316.779
4.89651 1.94126 316.491
4.64376 1.94576 316.262
4.36841 1.95042 316.104

5.89194 1.85056 319.759
6.053 1.86106 319.493
6.31258 1.88418 318.811
6.4108 1.90156 318.319
6.42795 1.92129 317.719
6.37232 1.93809 317.266
6.24429 1.95175 316.802
6.09672 1.96139 316.483
5.77609 1.97227 316.016
5.43802 1.97892 315.655
5.06201 1.98556 315.384

6.61797 1.85707 320.447
6.84129 1.86942 320.108
7.21444 1.897 319.243
7.36885 1.91776 318.605
7.42218 1.94105 317.824
7.37117 1.96084 317.224
7.22769 1.97741 316.622
7.05146 1.98923 316.187
6.65568 2.00328 315.541
6.23229 2.01209 315.048
5.75561 2.0207 314.665

0.786009 2.80464 314.961
0.5109 2.80209 315.203
-0.0247096 2.7939 315.809
-0.319416 2.7876 316.34
-0.55458 2.78224 317.01
-0.641534 2.77839 317.582
-0.659541 2.77137 318.092
-0.604861 2.76579 318.59
-0.396366 2.75438 319.376
-0.134495 2.74596 319.94
0.196896 2.73876 320.46

1.51203 2.81114 315.649
1.29919 2.81045 315.818
0.877153 2.80673 316.241
0.638635 2.8038 316.626
0.439648 2.80201 317.115
0.357323 2.80114 317.54
0.323859 2.79703 317.913
0.349882 2.79362 318.294
0.483215 2.78539 318.901
0.659771 2.77912 319.333
0.890494 2.7739 319.74

2.23806 2.81765 316.337
2.08748 2.81881 316.434
1.77902 2.81955 316.673
1.59668 2.82 316.912
1.43388 2.82177 317.221
1.35618 2.82389 317.498
1.30726 2.82269 317.733
1.30463 2.82146 317.998
1.3628 2.81641 318.426
1.45404 2.81229 318.726
1.58409 2.80904 319.021

2.96408 2.82415 317.024
2.87577 2.82717 317.049
2.68088 2.83237 317.105
2.55474 2.8362 317.198
2.42811 2.84154 317.326
2.35504 2.84663 317.456
2.29066 2.84835 317.554
2.25937 2.84929 317.702
2.24238 2.84742 317.952
2.2483 2.84545 318.12
2.27769 2.84418 318.301

3.6901 2.83065 317.712
3.66406 2.83553 317.664
3.58274 2.8452 317.536
3.51279 2.8524 317.484
3.42233 2.86131 317.431
3.35389 2.86938 317.414
3.27406 2.87402 317.374
3.21411 2.87712 317.406
3.12196 2.87843 317.477
3.04257 2.87862 317.513
2.97129 2.87932 317.582

4.41613 2.83715 318.4
4.45235 2.8439 318.279
4.4846 2.85802 317.968
4.47084 2.8686 317.77
4.41656 2.88107 317.537
4.35275 2.89213 317.372
4.25746 2.89968 317.194
4.16886 2.90496 317.11
4.00154 2.90945 317.002
3.83683 2.91179 316.906
3.66489 2.91446 316.862

5.14215 2.84366 319.087
5.24064 2.85226 318.895
5.38646 2.87084 318.4
5.42889 2.8848 318.056
5.41079 2.90084 317.642
5.3516 2.91487 317.33
5.24086 2.92534 317.015
5.1236 2.93279 316.814
4.88112 2.94046 316.527
4.6311 2.94495 316.3
4.35848 2.9496 316.143

5.86817 2.85016 319.775
6.02893 2.86062 319.51
6.28833 2.88367 318.832
6.38694 2.901 318.343
6.40502 2.92061 317.748
6.35046 2.93762 317.288
6.22426 2.951 316.835
6.07834 2.96062 316.517
5.7607 2.97147 316.053
5.42536 2.97812 315.693
5.05208 2.98474 315.423

6.5942 2.85666 320.463
6.81722 2.86898 320.125
7.19019 2.89649 319.264
7.34499 2.9172 318.629
7.39925 2.94038 317.853
7.34932 2.96037 317.246
7.20766 2.97666 316.655
7.03309 2.98846 316.221
6.64028 3.00249 315.578
6.21963 3.01129 315.086
5.74568 3.01988 314.704

0.762239 3.80423 314.977
0.486832 3.80165 315.22
-0.0489623 3.79339 315.83
-0.343278 3.78704 316.363
-0.57751 3.78156 317.038
-0.663388 3.77