4.46954 10.0217 268.55
4.12084 10.0183 268.816
3.58537 10.0093 269.344
3.2384 10.0065 269.89
2.98672 10.0039 270.45
2.86022 9.99677 270.712
2.74957 9.98911 271.268
2.76348 9.98957 272.024
2.87989 9.99061 272.687
3.01957 9.98976 273.111
3.31223 9.99363 273.736
3.6248 9.99475 274.188
4.17036 10.0022 274.779
4.52911 10.0101 275.044

5.20374 10.0428 269.229
4.92738 10.04 269.407
4.49323 10.032 269.763
4.20232 10.0295 270.155
3.98071 10.027 270.557
3.85989 10.0196 270.7
3.73397 10.013 271.094
3.70338 10.0134 271.684
3.75288 10.0139 272.199
3.82995 10.0129 272.525
4.01165 10.0159 273.021
4.2171 10.0166 273.382
4.59054 10.0229 273.872
4.84284 10.0294 274.094

5.93794 10.064 269.908
5.73391 10.0617 269.997
5.40109 10.0548 270.182
5.16624 10.0525 270.42
4.9747 10.05 270.664
4.85955 10.0424 270.688
4.71838 10.0368 270.92
4.64328 10.0372 271.343
4.62587 10.0372 271.712
4.64034 10.036 271.94
4.71107 10.0381 272.307
4.8094 10.0384 272.577
5.01072 10.0436 272.965
5.15658 10.0487 273.145

6.67215 10.0851 270.586
6.54044 10.0835 270.588
6.30895 10.0775 270.6
6.13016 10.0755 270.686
5.9687 10.0731 270.771
5.85922 10.0652 270.676
5.70278 10.0607 270.745
5.58318 10.061 271.002
5.49886 10.0604 271.225
5.45072 10.0591 271.354
5.41049 10.0604 271.592
5.40171 10.0603 271.771
5.43089 10.0643 272.058
5.47031 10.068 272.196

7.40635 10.1063 271.265
7.34697 10.1052 271.179
7.21681 10.1002 271.019
7.09409 10.0986 270.951
6.96269 10.0962 270.878
6.85889 10.088 270.664
6.68719 10.0845 270.571
6.52307 10.0848 270.662
6.37185 10.0837 270.738
6.2611 10.0822 270.769
6.10991 10.0826 270.878
5.99401 10.0821 270.966
5.85107 10.0849 271.151
5.78405 10.0872 271.246

8.14055 10.1274 271.943
8.1535 10.1269 271.77
8.12467 10.1229 271.438
8.05801 10.1216 271.216
7.95668 10.1192 270.985
7.85855 10.1108 270.651
7.67159 10.1084 270.397
7.46297 10.1086 270.321
7.24484 10.107 270.251
7.07148 10.1053 270.183
6.80933 10.1049 270.164
6.58632 10.104 270.161
6.27125 10.1056 270.243
6.09778 10.1065 270.297

8.87476 10.1486 272.622
8.96004 10.1486 272.361
9.03253 10.1456 271.856
9.02193 10.1446 271.481
8.95068 10.1423 271.092
8.85822 10.1336 270.639
8.65599 10.1322 270.223
8.40287 10.1324 269.981
8.11783 10.1302 269.764
7.88186 10.1284 269.598
7.50875 10.1271 269.449
7.17862 10.1258 269.355
6.69143 10.1263 269.336
6.41152 10.1258 269.348

9.60896 10.1698 273.301
9.76657 10.1704 272.951
9.94039 10.1683 272.275
9.98585 10.1676 271.746
9.94467 10.1653 271.199
9.85789 10.1564 270.627
9.6404 10.1561 270.048
9.34276 10.1562 269.64
8.99082 10.1535 269.276
8.69224 10.1515 269.012
8.20816 10.1494 268.735
7.77093 10.1477 268.55
7.11161 10.147 268.429
6.72526 10.1451 268.398

10.3432 10.1909 273.979
10.5731 10.1921 273.542
10.8483 10.191 272.693
10.9498 10.1906 272.011
10.9387 10.1884 271.306
10.8576 10.1792 270.615
10.6248 10.1799 269.874
10.2827 10.18 269.299
9.86381 10.1768 268.789
9.50263 10.1746 268.427
8.90758 10.1717 268.021
8.36323 10.1695 267.744
7.53179 10.1677 267.522
7.03899 10.1644 267.449

4.44578 11.0214 268.545
4.09655 11.018 268.812
3.56069 11.009 269.344
3.21406 11.0062 269.892
2.96305 11.0037 270.455
2.83759 10.9964 270.726
2.72877 10.9887 271.288
2.74476 10.9892 272.043
2.86345 10.9903 272.705
3.00506 10.9895 273.13
3.30055 10.9934 273.755
3.61557 10.9945 274.208
4.165 11.002 274.8
4.52568 11.01 275.063

5.17999 11.0425 269.224
4.90308 11.0397 269.403
4.46855 11.0317 269.762
4.17798 11.0292 270.157
3.95704 11.0267 270.562
3.83725 11.0192 270.714
3.71317 11.0126 271.113
3.68466 11.013 271.702
3.73644 11.0136 272.218
3.81545 11.0126 272.544
3.99997 11.0156 273.041
4.20787 11.0164 273.403
4.58518 11.0227 273.893
4.83941 11.0292 274.113

5.91419 11.0637 269.902
5.70961 11.0614 269.994
5.37641 11.0545 270.181
5.1419 11.0522 270.422
4.95104 11.0498 270.669
4.83692 11.042 270.702
4.69758 11.0364 270.939
4.62456 11.0368 271.361
4.60943 11.0368 271.731
4.62583 11.0357 271.959
4.69939 11.0379 272.327
4.80017 11.0382 272.597
5.00536 11.0434 272.985
5.15315 11.0485 273.164

6.64839 11.0848 270.581
6.51614 11.0831 270.585
6.28427 11.0772 270.599
6.10582 11.0752 270.687
5.94503 11.0728 270.776
5.83659 11.0648 270.69
5.68198 11.0603 270.765
5.56445 11.0606 271.021
5.48242 11.0601 271.243
5.43621 11.0588 271.374
5.39881 11.0601 271.612
5.39248 11.06 271.792
5.42554 11.064 272.078
5.46689 11.0678 272.215

7.3826 11.106 271.259
7.32267 11.1049 271.175
7.19213 11.0999 271.018
7.06974 11.0983 270.952
6.93902 11.0959 270.883
6.83625 11.0876 270.678
6.66638 11.0841 270.591
6.50435 11.0844 270.68
6.35541 11.0834 270.756
6.24659 11.0819 270.788
6.09823 11.0824 270.898
5.98478 11.0819 270.986
5.84572 11.0847 271.171
5.78062 11.0871 271.265

8.1168 11.1271 271.938
8.12921 11.1266 271.766
8.09999 11.1226 271.437
8.03367 11.1213 271.218
7.93302 11.1189 270.99
7.83592 11.1104 270.665
7.65079 11.108 270.416
7.44425 11.1082 270.339
7.2284 11.1067 270.269
7.05697 11.105 270.203
6.79765 11.1046 270.183
6.57709 11.1037 270.181
6.26589 11.1054 270.264
6.09436 11.1063 270.316

8.851 11.1483 272.617
8.93574 11.1483 272.357
9.00785 11.1453 271.855
8.99759 11.1443 271.483
8.92701 11.142 271.097
8.83559 11.1332 270.653
8.63519 11.1318 270.242
8.38414 11.1321 269.999
8.10139 11.1299 269.782
7.86736 11.1281 269.617
7.49707 11.1269 269.469
7.16939 11.1256 269.376
6.68607 11.1261 269.357
6.40809 11.1256 269.367

9.5852 11.1695 273.295
9.74227 11.1701 272.948
9.91571 11.168 272.274
9.96151 11.1673 271.748
9.921 11.165 271.204
9.83525 11.156 270.641
9.6196 11.1557 270.068
9.32404 11.1559 269.658
8.97438 11.1532 269.295
8.67774 11.1512 269.032
8.19648 11.1491 268.755
7.76169 11.1474 268.57
7.10625 11.1468 268.449
6.72183 11.1449 268.418

10.3194 11.1906 273.974
10.5488 11.1918 273.538
10.8236 11.1907 272.693
10.9254 11.1903 272.013
10.915 11.1881 271.311
10.8349 11.1788 270.629
10.604 11.1795 269.893
10.2639 11.1797 269.318
9.84737 11.1765 268.808
9.48812 11.1743 268.446
8.8959 11.1714 268.04
8.354 11.1693 267.765
7.52643 11.1675 267.542
7.03557 11.1642 267.468

4.42203 12.0211 268.539
4.07225 12.0177 268.809
3.53601 12.0087 269.343
3.18972 12.0059 269.893
2.93939 12.0034 270.459
2.81495 11.9961 270.74
2.70797 11.9883 271.307
2.72604 11.9889 272.061
2.84701 11.99 272.723
2.99056 11.9892 273.149
3.28887 11.9931 273.775
3.60634 11.9943 274.228
4.15965 12.0018 274.82
4.52225 12.0098 275.082

5.15623 12.0422 269.218
4.87878 12.0394 269.399
4.44387 12.0314 269.761
4.15364 12.0289 270.159
3.93338 12.0264 270.566
3.81462 12.0189 270.728
3.69237 12.0122 271.133
3.66594 12.0127 271.72
3.72 12.0133 272.236
3.80094 12.0123 272.564
3.98829 12.0154 273.061
4.19864 12.0161 273.423
4.57982 12.0224 273.913
4.83599 12.029 274.133

5.89043 12.0634 269.897
5.68531 12.0611 269.99
5.35173 12.0541 270.18
5.11756 12.0519 270.424
4.92737 12.0495 270.673
4.81429 12.0417 270.716
4.67677 12.036 270.958
4.60584 12.0365 271.38
4.59299 12.0365 271.749
4.61132 12.0354 271.978
4.68771 12.0376 272.346
4.79094 12.038 272.618
5 12.0431 273.006
5.14972 12.0483 273.183

6.62464 12.0845 270.575
6.49185 12.0828 270.581
6.25959 12.0769 270.599
6.08148 12.075 270.689
5.92137 12.0725 270.78
5.81395 12.0645 270.704
5.66118 12.0599 270.784
5.54573 12.0603 271.039
5.46598 12.0598 271.262
5.4217 12.0585 271.393
5.38713 12.0599 271.632
5.38325 12.0598 271.812
5.42018 12.0638 272.098
5.46346 12.0676 272.234

7.35884 12.1057 271.254
7.29838 12.1046 271.172
7.16745 12.0996 271.017
7.0454 12.098 270.954
6.91536 12.0956 270.887
6.81362 12.0873 270.692
6.64558 12.0837 270.61
6.48563 12.0841 270.698
6.33897 12.0831 270.775
6.23208 12.0816 270.808
6.08655 12.0821 270.917
5.97555 12.0816 271.007
5.84036 12.0845 271.191
5.7772 12.0869 271.285

8.09304 12.1268 271.932
8.10491 12.1263 271.763
8.07531 12.1223 271.436
8.00933 12.121 271.219
7.90935 12.1186 270.994
7.81329 12.1101 270.679
7.62999 12.1076 270.436
7.42553 12.1079 270.358
7.21196 12.1064 270.287
7.04247 12.1047 270.222
6.78597 12.1044 270.203
6.56786 12.1035 270.201
6.26054 12.1052 270.284
6.09093 12.1061 270.335

8.82725 12.148 272.611
8.91144 12.148 272.353
8.98317 12.145 271.855
8.97325 12.144 271.485
8.90335 12.1417 271.101
8.81296 12.1329 270.667
8.61439 12.1314 270.261
8.36542 12.1317 270.017
8.08495 12.1296 269.8
7.85285 12.1278 269.637
7.48538 12.1266 269.489
7.16016 12.1253 269.396
6.68071 12.1259 269.377
6.40467 12.1254 269.386

9.56145 12.1692 273.29
9.71797 12.1698 272.944
9.89103 12.1677 272.273
9.93717 12.167 271.75
9.89734 12.1647 271.208
9.81262 12.1557 270.655
9.5988 12.1553 270.087
9.30532 12.1555 269.676
8.95794 12.1529 269.313
8.66323 12.1509 269.051
8.1848 12.1489 268.774
7.75247 12.1472 268.59
7.10089 12.1466 268.47
6.7184 12.1447 268.437

10.2957 12.1903 273.968
10.5245 12.1915 273.535
10.7989 12.1904 272.692
10.9011 12.19 272.015
10.8913 12.1878 271.315
10.8123 12.1785 270.643
10.5832 12.1791 269.913
10.2452 12.1793 269.336
9.83093 12.1762 268.826
9.47361 12.174 268.466
8.88422 12.1711 268.06
8.34477 12.169 267.785
7.52107 12.1672 267.562
7.03214 12.164 267.487

4.39827 13.0208 268.534
4.04795 13.0174 268.805
3.51133 13.0084 269.342
3.16538 13.0056 269.895
2.91572 13.0031 270.464
2.79232 12.9957 270.754
2.68717 12.9879 271.326
2.70732 12.9885 272.079
2.83056 12.9897 272.742
2.97605 12.9889 273.169
3.27719 12.9928 273.795
3.59711 12.994 274.249
4.15429 13.0015 274.84
4.51883 13.0096 275.101

5.13248 13.0419 269.213
4.85449 13.0391 269.396
4.41919 13.0311 269.761
4.1293 13.0286 270.16
3.90972 13.0261 270.571
3.79199 13.0185 270.742
3.67157 13.0118 271.152
3.64722 13.0124 271.738
3.70356 13.013 272.254
3.78643 13.012 272.583
3.97661 13.0151 273.08
4.18941 13.0159 273.443
4.57447 13.0222 273.933
4.83256 13.0289 274.152

5.86668 13.0631 269.891
5.66102 13.0608 269.987
5.32705 13.0538 270.179
5.09322 13.0516 270.426
4.90371 13.0492 270.678
4.79166 13.0413 270.73
4.65597 13.0356 270.978
4.58711 13.0362 271.398
4.57655 13.0362 271.767
4.59681 13.0351 271.998
4.67603 13.0373 272.366
4.78171 13.0377 272.638
4.99464 13.0429 273.026
5.1463 13.0481 273.202

6.60088 13.0842 270.57
6.46755 13.0825 270.577
6.23491 13.0766 270.598
6.05714 13.0747 270.691
5.8977 13.0722 270.785
5.79132 13.0641 270.718
5.64038 13.0595 270.803
5.52701 13.06 271.057
5.44954 13.0595 271.28
5.40719 13.0582 271.412
5.37545 13.0596 271.652
5.37402 13.0595 271.832
5.41482 13.0636 272.119
5.46003 13.0674 272.253

7.33509 13.1054 271.248
7.27408 13.1043 271.168
7.14277 13.0993 271.017
7.02106 13.0977 270.956
6.89169 13.0953 270.892
6.79099 13.0869 270.706
6.62478 13.0833 270.629
6.46691 13.0838 270.716
6.32253 13.0828 270.793
6.21758 13.0813 270.827
6.07487 13.0819 270.937
5.96632 13.0814 271.027
5.835 13.0843 271.212
5.77377 13.0867 271.304

8.06929 13.1265 271.927
8.08061 13.126 271.759
8.05063 13.122 271.435
7.98498 13.1207 271.221
7.88569 13.1183 270.999
7.79066 13.1097 270.693
7.60919 13.1072 270.455
7.40681 13.1076 270.376
7.19552 13.1061 270.306
7.02796 13.1044 270.241
6.77429 13.1041 270.223
6.55863 13.1032 270.222
6.25518 13.105 270.304
6.08751 13.106 270.354

8.80349 13.1477 272.606
8.88714 13.1477 272.35
8.95849 13.1447 271.854
8.9489 13.1437 271.486
8.87968 13.1414 271.106
8.79032 13.1325 270.681
8.59359 13.131 270.281
8.3467 13.1314 270.035
8.06851 13.1293 269.818
7.83834 13.1275 269.656
7.4737 13.1264 269.508
7.15093 13.1251 269.416
6.67536 13.1256 269.397
6.40124 13.1252 269.405

9.53769 13.1689 273.284
9.69368 13.1695 272.94
9.86635 13.1674 272.273
9.91283 13.1667 271.751
9.87367 13.1644 271.213
9.78999 13.1553 270.669
9.578 13.1549 270.106
9.2866 13.1552 269.695
8.9415 13.1526 269.331
8.64872 13.1506 269.071
8.17312 13.1486 268.794
7.74324 13.1469 268.611
7.09554 13.1463 268.49
6.71498 13.1445 268.456

10.2719 13.19 273.963
10.5002 13.1912 273.531
10.7742 13.1901 272.691
10.8767 13.1897 272.017
10.8677 13.1875 271.32
10.7897 13.1781 270.657
10.5624 13.1787 269.932
10.2265 13.179 269.354
9.81449 13.1759 268.844
9.4591 13.1737 268.485
8.87254 13.1709 268.08
8.33554 13.1688 267.805
7.51571 13.167 267.583
7.02871 13.1638 267.507

4.37452 14.0205 268.529
4.02366 14.0171 268.801
3.48665 14.0081 269.341
3.14104 14.0053 269.897
2.89206 14.0028 270.468
2.76969 13.9953 270.768
2.66636 13.9875 271.346
2.6886 13.9882 272.097
2.81412 13.9894 272.76
2.96154 13.9886 273.188
3.26551 13.9926 273.814
3.58788 13.9938 274.269
4.14893 14.0013 274.861
4.5154 14.0094 275.12

5.10872 14.0416 269.207
4.83019 14.0388 269.392
4.39451 14.0308 269.76
4.10496 14.0283 270.162
3.88605 14.0258 270.575
3.76936 14.0182 270.756
3.65077 14.0113 271.171
3.6285 14.012 271.757
3.68711 14.0127 272.273
3.77192 14.0117 272.603
3.96493 14.0148 273.1
4.18018 14.0156 273.464
4.56911 14.022 273.953
4.82914 14.0287 274.171

5.84292 14.0628 269.886
5.63672 14.0605 269.983
5.30237 14.0535 270.179
5.06888 14.0513 270.427
4.88004 14.0489 270.682
4.76902 14.041 270.744
4.63517 14.0352 270.997
4.56839 14.0358 271.416
4.56011 14.0359 271.785
4.5823 14.0348 272.017
4.66435 14.0371 272.386
4.77248 14.0375 272.658
4.98929 14.0427 273.046
5.14287 14.0479 273.222

6.57713 14.0839 270.564
6.44325 14.0822 270.574
6.21023 14.0762 270.597
6.0328 14.0744 270.692
5.87404 14.0719 270.789
5.76869 14.0638 270.732
5.61958 14.059 270.823
5.50829 14.0596 271.075
5.4331 14.0592 271.298
5.39269 14.0579 271.432
5.36377 14.0593 271.671
5.36479 14.0593 271.853
5.40947 14.0634 272.139
5.45661 14.0672 272.272

7.31133 14.1051 271.243
7.24978 14.104 271.164
7.11809 14.099 271.016
6.99672 14.0974 270.958
6.86803 14.095 270.896
6.76836 14.0866 270.72
6.60398 14.0829 270.648
6.44819 14.0834 270.735
6.30609 14.0825 270.811
6.20307 14.081 270.846
6.06319 14.0816 270.957
5.95709 14.0811 271.047
5.82964 14.0841 271.232
5.77034 14.0865 271.323

8.04553 14.1263 271.922
8.05632 14.1257 271.755
8.02595 14.1217 271.435
7.96064 14.1204 271.223
7.86202 14.118 271.003
7.76802 14.1094 270.708
7.58839 14.1068 270.474
7.38808 14.1072 270.394
7.17908 14.1058 270.324
7.01345 14.1041 270.261
6.76261 14.1038 270.243
6.5494 14.103 270.242
6.24982 14.1047 270.325
6.08408 14.1058 270.374

8.77974 14.1474 272.6
8.86285 14.1474 272.346
8.93381 14.1444 271.853
8.92456 14.1434 271.488
8.85602 14.1411 271.11
8.76769 14.1322 270.695
8.57279 14.1306 270.3
8.32798 14.131 270.053
8.05207 14.129 269.837
7.82383 14.1272 269.675
7.46202 14.1261 269.528
7.1417 14.1248 269.437
6.67 14.1254 269.417
6.39782 14.125 269.424

9.51394 14.1686 273.279
9.66938 14.1692 272.937
9.84167 14.1671 272.272
9.88848 14.1664 271.753
9.85001 14.1641 271.217
9.76736 14.155 270.683
9.5572 14.1545 270.126
9.26788 14.1548 269.713
8.92506 14.1523 269.35
8.63421 14.1503 269.09
8.16144 14.1484 268.814
7.73401 14.1467 268.631
7.09018 14.1461 268.51
6.71155 14.1443 268.475

10.2481 14.1897 273.957
10.4759 14.1909 273.528
10.7495 14.1898 272.691
10.8524 14.1894 272.018
10.844 14.1872 271.324
10.767 14.1778 270.671
10.5416 14.1783 269.951
10.2078 14.1786 269.372
9.79805 14.1756 268.862
9.4446 14.1734 268.504
8.86086 14.1706 268.099
8.32631 14.1685 267.826
7.51036 14.1668 267.603
7.02529 14.1636 267.526

4.35076 15.0202 268.523
3.99936 15.0167 268.798
3.46197 15.0078 269.341
3.1167 15.005 269.899
2.86839 15.0025 270.473
2.74706 14.995 270.782
2.64556 14.9871 271.365
2.66988 14.9879 272.115
2.79768 14.9891 272.778
2.94703 14.9883 273.207
3.25383 14.9923 273.834
3.57865 14.9935 274.289
4.14357 15.0011 274.881
4.51197 15.0092 275.139

5.08497 15.0413 269.202
4.80589 15.0385 269.389
4.36983 15.0305 269.759
4.08062 15.028 270.164
3.86239 15.0255 270.58
3.74672 15.0178 270.77
3.62997 15.0109 271.191
3.60978 15.0117 271.775
3.67067 15.0124 272.291
3.75742 15.0114 272.622
3.95325 15.0146 273.12
4.17095 15.0154 273.484
4.56375 15.0218 273.974
4.82571 15.0285 274.19

5.81917 15.0625 269.88
5.61242 15.0602 269.979
5.27769 15.0532 270.178
5.04454 15.051 270.429
4.85638 15.0486 270.687
4.74639 15.0406 270.758
4.61437 15.0348 271.016
4.54967 15.0355 271.434
4.54366 15.0356 271.804
4.5678 15.0345 272.037
4.65267 15.0368 272.405
4.76326 15.0372 272.679
4.98393 15.0425 273.067
5.13945 15.0478 273.241

6.55337 15.0836 270.559
6.41895 15.0819 270.57
6.18555 15.0759 270.597
6.00846 15.0741 270.694
5.85037 15.0716 270.794
5.74606 15.0634 270.746
5.59878 15.0586 270.842
5.48957 15.0593 271.093
5.41666 15.0589 271.317
5.37818 15.0576 271.451
5.35209 15.0591 271.691
5.35556 15.059 271.873
5.40411 15.0632 272.159
5.45318 15.067 272.291

7.28758 15.1048 271.237
7.22549 15.1037 271.161
7.09341 15.0987 271.015
6.97238 15.0971 270.959
6.84436 15.0947 270.901
6.74573 15.0862 270.734
6.58318 15.0825 270.668
6.42947 15.0831 270.753
6.28965 15.0822 270.829
6.18856 15.0807 270.866
6.05151 15.0813 270.977
5.94786 15.0809 271.068
5.82429 15.0838 271.252
5.76692 15.0863 271.342

8.02178 15.126 271.916
8.03202 15.1254 271.752
8.00127 15.1214 271.434
7.9363 15.1201 271.225
7.83836 15.1178 271.008
7.74539 15.109 270.722
7.56759 15.1063 270.493
7.36936 15.1069 270.412
7.16264 15.1055 270.342
6.99894 15.1038 270.28
6.75093 15.1036 270.262
6.54017 15.1027 270.262
6.24446 15.1045 270.345
6.08065 15.1056 270.393

8.75598 15.1471 272.595
8.83855 15.1471 272.342
8.90913 15.1441 271.853
8.90022 15.1431 271.49
8.83235 15.1408 271.115
8.74506 15.1318 270.709
8.55199 15.1302 270.319
8.30926 15.1307 270.072
8.03563 15.1287 269.855
7.80933 15.1269 269.695
7.45034 15.1258 269.548
7.13247 15.1246 269.457
6.66464 15.1252 269.438
6.39439 15.1249 269.444

9.49019 15.1683 273.273
9.64508 15.1689 272.933
9.81699 15.1668 272.271
9.86414 15.1661 271.755
9.82634 15.1639 271.222
9.74473 15.1546 270.697
9.5364 15.154 270.145
9.24916 15.1545 269.731
8.90862 15.152 269.368
8.61971 15.15 269.109
8.14976 15.1481 268.833
7.72478 15.1464 268.651
7.08482 15.1459 268.531
6.70813 15.1441 268.494

10.2244 15.1894 273.952
10.4516 15.1906 273.524
10.7249 15.1895 272.69
10.8281 15.1891 272.02
10.8203 15.1869 271.329
10.7444 15.1774 270.685
10.5208 15.1779 269.971
10.1891 15.1783 269.39
9.78161 15.1753 268.881
9.43009 15.1731 268.524
8.84918 15.1703 268.119
8.31708 15.1683 267.846
7.505 15.1666 267.623
7.02186 15.1634 267.545

4.32701 16.0199 268.518
3.97506 16.0164 268.794
3.43729 16.0075 269.34
3.09236 16.0047 269.9
2.84473 16.0022 270.477
2.72443 15.9946 270.796
2.62476 15.9867 271.384
2.65116 15.9875 272.134
2.78124 15.9888 272.796
2.93253 15.988 273.227
3.24215 15.9921 273.854
3.56942 15.9933 274.31
4.13822 16.0009 274.901
4.50855 16.009 275.159

5.06121 16.041 269.196
4.78159 16.0382 269.385
4.34515 16.0302 269.759
4.05628 16.0277 270.165
3.83872 16.0253 270.584
3.72409 16.0174 270.784
3.60917 16.0105 271.21
3.59105 16.0113 271.793
3.65423 16.0121 272.309
3.74291 16.0111 272.641
3.94157 16.0143 273.139
4.16172 16.0151 273.504
4.55839 16.0216 273.994
4.82228 16.0283 274.209

5.79542 16.0622 269.875
5.58813 16.0599 269.976
5.25301 16.0529 270.177
5.0202 16.0507 270.431
4.83271 16.0483 270.691
4.72376 16.0402 270.772
4.59357 16.0344 271.036
4.53095 16.0351 271.452
4.52722 16.0353 271.822
4.55329 16.0342 272.056
4.64099 16.0366 272.425
4.75403 16.037 272.699
4.97857 16.0422 273.087
5.13602 16.0476 273.26

6.52962 16.0833 270.553
6.39466 16.0816 270.566
6.16087 16.0756 270.596
5.98412 16.0738 270.696
5.82671 16.0714 270.798
5.72343 16.063 270.76
5.57798 16.0582 270.861
5.47085 16.0589 271.112
5.40021 16.0586 271.335
5.36367 16.0573 271.47
5.34041 16.0588 271.711
5.34633 16.0588 271.893
5.39875 16.0629 272.18
5.44976 16.0668 272.311

7.26382 16.1045 271.232
7.20119 16.1034 271.157
7.06873 16.0983 271.015
6.94804 16.0968 270.961
6.8207 16.0944 270.905
6.72309 16.0858 270.748
6.56238 16.0821 270.687
6.41075 16.0827 270.771
6.2732 16.0819 270.848
6.17405 16.0804 270.885
6.03983 16.0811 270.996
5.93863 16.0806 271.088
5.81893 16.0836 271.272
5.76349 16.0861 271.361

7.99802 16.1257 271.911
8.00772 16.1251 271.748
7.97659 16.1211 271.433
7.91196 16.1198 271.226
7.81469 16.1175 271.012
7.72276 16.1087 270.736
7.54679 16.1059 270.513
7.35064 16.1065 270.43
7.14619 16.1052 270.361
6.98444 16.1035 270.3
6.73925 16.1033 270.282
6.53094 16.1025 270.283
6.23911 16.1043 270.365
6.07723 16.1054 270.412

8.73223 16.1468 272.589
8.81425 16.1468 272.339
8.88445 16.1438 271.852
8.87588 16.1428 271.491
8.80869 16.1405 271.119
8.72243 16.1315 270.723
8.53119 16.1298 270.338
8.29054 16.1303 270.09
8.01919 16.1284 269.873
7.79482 16.1266 269.714
7.43866 16.1256 269.568
7.12324 16.1243 269.477
6.65929 16.125 269.458
6.39096 16.1247 269.463

9.46643 16.168 273.268
9.62078 16.1686 272.93
9.79231 16.1665 272.271
9.8398 16.1658 271.757
9.80268 16.1636 271.226
9.72209 16.1543 270.711
9.51559 16.1536 270.164
9.23044 16.1542 269.749
8.89218 16.1517 269.386
8.6052 16.1497 269.129
8.13808 16.1478 268.853
7.71555 16.1462 268.672
7.07946 16.1457 268.551
6.7047 16.1439 268.513

10.2006 16.1891 273.946
10.4273 16.1903 273.52
10.7002 16.1892 272.689
10.8037 16.1888 272.022
10.7967 16.1866 271.333
10.7218 16.1771 270.699
10.5 16.1775 269.99
10.1703 16.178 269.409
9.76517 16.175 268.899
9.41558 16.1728 268.543
8.8375 16.1701 268.139
8.30785 16.168 267.866
7.49964 16.1664 267.644
7.01844 16.1632 267.564

4.30325 17.0196 268.512
3.95077 17.0161 268.791
3.41261 17.0072 269.339
3.06802 17.0044 269.902
2.82106 17.0019 270.482
2.70179 16.9943 270.81
2.60396 16.9863 271.404
2.63244 16.9872 272.152
2.7648 16.9885 272.815
2.91802 16.9877 273.246
3.23047 16.9918 273.873
3.56019 16.993 274.33
4.13286 17.0007 274.922
4.50512 17.0088 275.178

5.03746 17.0407 269.191
4.7573 17.0379 269.381
4.32047 17.0299 269.758
4.03194 17.0274 270.167
3.81506 17.025 270.589
3.70146 17.0171 270.798
3.58837 17.0101 271.229
3.57233 17.011 271.811
3.63779 17.0118 272.328
3.7284 17.0108 272.661
3.92989 17.014 273.159
4.15249 17.0149 273.525
4.55304 17.0213 274.014
4.81886 17.0281 274.228

5.77166 17.0619 269.869
5.56383 17.0596 269.972
5.22833 17.0526 270.177
4.99586 17.0505 270.432
4.80905 17.048 270.696
4.70113 17.0399 270.786
4.57277 17.034 271.055
4.51223 17.0348 271.471
4.51078 17.035 271.84
4.53878 17.0339 272.075
4.62931 17.0363 272.445
4.7448 17.0367 272.719
4.97322 17.042 273.107
5.13259 17.0474 273.279

6.50586 17.083 270.548
6.37036 17.0813 270.563
6.13619 17.0753 270.595
5.95978 17.0735 270.698
5.80304 17.0711 270.803
5.70079 17.0627 270.774
5.55718 17.0578 270.881
5.45213 17.0586 271.13
5.38377 17.0583 271.353
5.34916 17.057 271.49
5.32873 17.0585 271.73
5.3371 17.0586 271.914
5.39339 17.0627 272.2
5.44633 17.0666 272.33

7.24007 17.1042 271.227
7.17689 17.1031 271.154
7.04405 17.098 271.014
6.9237 17.0965 270.963
6.79703 17.0941 270.91
6.70046 17.0855 270.762
6.54158 17.0817 270.706
6.39202 17.0824 270.789
6.25676 17.0816 270.866
6.15955 17.0801 270.904
6.02815 17.0808 271.016
5.9294 17.0804 271.108
5.81357 17.0834 271.293
5.76007 17.0859 271.38

7.97427 17.1254 271.905
7.98342 17.1248 271.744
7.95191 17.1208 271.433
7.88762 17.1195 271.228
7.79103 17.1172 271.017
7.70013 17.1083 270.75
7.52599 17.1055 270.532
7.33192 17.1062 270.449
7.12975 17.1049 270.379
6.96993 17.1032 270.319
6.72757 17.1031 270.302
6.52171 17.1022 270.303
6.23375 17.1041 270.386
6.0738 17.1052 270.431

8.70847 17.1465 272.584
8.78996 17.1465 272.335
8.85977 17.1435 271.851
8.85154 17.1425 271.493
8.78502 17.1402 271.124
8.69979 17.1311 270.738
8.51039 17.1294 270.358
8.27182 17.13 270.108
8.00274 17.1281 269.892
7.78031 17.1263 269.733
7.42698 17.1253 269.587
7.11401 17.1241 269.498
6.65393 17.1248 269.478
6.38754 17.1245 269.482

9.44268 17.1677 273.262
9.59649 17.1683 272.926
9.76763 17.1662 272.27
9.81546 17.1655 271.758
9.77901 17.1633 271.231
9.69946 17.1539 270.725
9.49479 17.1532 270.183
9.21171 17.1538 269.767
8.87574 17.1514 269.404
8.59069 17.1494 269.148
8.1264 17.1476 268.873
7.70632 17.1459 268.692
7.07411 17.1455 268.571
6.70127 17.1438 268.533

10.1769 17.1888 273.941
10.403 17.19 273.517
10.6755 17.1889 272.689
10.7794 17.1885 272.024
10.773 17.1863 271.338
10.6991 17.1767 270.713
10.4792 17.1771 270.009
10.1516 17.1776 269.427
9.74873 17.1747 268.917
9.40107 17.1725 268.563
8.82582 17.1698 268.159
8.29862 17.1678 267.887
7.49428 17.1661 267.664
7.01501 17.163 267.583

4.2795 18.0193 268.507
3.92647 18.0158 268.787
3.38793 18.0069 269.339
3.04367 18.0041 269.904
2.7974 18.0016 270.486
2.67916 17.9939 270.824
2.58316 17.9859 271.423
2.61372 17.9868 272.17
2.74836 17.9882 272.833
2.90351 17.9874 273.266
3.21879 17.9915 273.893
3.55096 17.9928 274.35
4.1275 18.0004 274.942
4.5017 18.0086 275.197

5.0137 18.0404 269.185
4.733 18.0376 269.378
4.29579 18.0296 269.757
4.0076 18.0271 270.169
3.79139 18.0247 270.593
3.67883 18.0167 270.812
3.56757 18.0097 271.249
3.55361 18.0106 271.829
3.62135 18.0115 272.346
3.71389 18.0105 272.68
3.91821 18.0138 273.179
4.14326 18.0146 273.545
4.54768 18.0211 274.035
4.81543 18.0279 274.248

5.74791 18.0616 269.864
5.53953 18.0593 269.969
5.20365 18.0523 270.176
4.97152 18.0502 270.434
4.78538 18.0477 270.7
4.67849 18.0395 270.8
4.55197 18.0336 271.074
4.49351 18.0345 271.489
4.49434 18.0347 271.859
4.52427 18.0336 272.095
4.61763 18.036 272.464
4.73557 18.0365 272.74
4.96786 18.0418 273.128
5.12917 18.0472 273.298

6.48211 18.0827 270.542
6.34606 18.081 270.559
6.11151 18.075 270.595
5.93544 18.0732 270.699
5.77938 18.0708 270.807
5.67816 18.0623 270.788
5.53638 18.0574 270.9
5.43341 18.0583 271.148
5.36733 18.058 271.371
5.33466 18.0567 271.509
5.31705 18.0583 271.75
5.32787 18.0583 271.934
5.38804 18.0625 272.22
5.4429 18.0665 272.349

7.21631 18.1039 271.221
7.1526 18.1028 271.15
7.01937 18.0977 271.013
6.89936 18.0962 270.965
6.77337 18.0938 270.914
6.67783 18.0851 270.776
6.52078 18.0813 270.726
6.3733 18.0821 270.807
6.24032 18.0813 270.884
6.14504 18.0798 270.924
6.01647 18.0805 271.036
5.92017 18.0801 271.129
5.80821 18.0832 271.313
5.75664 18.0857 271.4

7.95052 18.1251 271.9
7.95913 18.1245 271.741
7.92723 18.1204 271.432
7.86328 18.1192 271.23
7.76736 18.1169 271.021
7.6775 18.1079 270.764
7.50518 18.1051 270.551
7.3132 18.1059 270.467
7.11331 18.1045 270.397
6.95542 18.1029 270.338
6.71589 18.1028 270.321
6.51248 18.102 270.323
6.22839 18.1039 270.406
6.07037 18.105 270.45

8.68472 18.1462 272.578
8.76566 18.1462 272.332
8.83509 18.1432 271.85
8.8272 18.1422 271.495
8.76136 18.1399 271.128
8.67716 18.1307 270.752
8.48959 18.129 270.377
8.2531 18.1297 270.126
7.9863 18.1278 269.91
7.7658 18.126 269.753
7.4153 18.125 269.607
7.10478 18.1238 269.518
6.64857 18.1245 269.499
6.38411 18.1243 269.501

9.41892 18.1674 273.257
9.57219 18.168 272.922
9.74295 18.1659 272.269
9.79112 18.1652 271.76
9.75535 18.163 271.235
9.67683 18.1535 270.739
9.47399 18.1528 270.203
9.19299 18.1535 269.786
8.85929 18.1511 269.423
8.57618 18.1491 269.167
8.11472 18.1473 268.893
7.69709 18.1457 268.712
7.06875 18.1452 268.591
6.69785 18.1436 268.552

10.1531 18.1885 273.935
10.3787 18.1897 273.513
10.6508 18.1886 272.688
10.755 18.1882 272.025
10.7493 18.186 271.342
10.6765 18.1764 270.727
10.4584 18.1767 270.028
10.1329 18.1773 269.445
9.73228 18.1744 268.936
9.38657 18.1722 268.582
8.81414 18.1696 268.178
8.28939 18.1675 267.907
7.48893 18.1659 267.684
7.01158 18.1628 267.602

