-0.486173 -21.3018 314.702
-1.3829 -21.3058 315.117
-1.97762 -21.3042 315.456
-2.51425 -21.2807 315.532
-2.95977 -21.3177 316.574
-3.31507 -21.3268 317.269
-3.55201 -21.3339 317.99
-3.68688 -21.3437 318.816
-3.70915 -21.3502 319.523
-3.57413 -21.355 320.561

0.362097 -21.2784 315.231
-0.443002 -21.2808 315.458
-0.996323 -21.2782 315.647
-1.51506 -21.2534 315.561
-1.9655 -21.2908 316.471
-2.35102 -21.2986 317.005
-2.64017 -21.305 317.581
-2.85033 -21.3143 318.269
-2.95442 -21.3205 318.867
-2.96745 -21.326 319.766

1.21037 -21.255 315.76
0.496896 -21.2558 315.798
-0.0150266 -21.2523 315.838
-0.515865 -21.2262 315.591
-0.971234 -21.2638 316.367
-1.38696 -21.2704 316.741
-1.72833 -21.2761 317.171
-2.01379 -21.285 317.722
-2.19969 -21.2909 318.212
-2.36077 -21.2971 318.972

2.05864 -21.2316 316.289
1.43679 -21.2309 316.139
0.96627 -21.2263 316.029
0.48333 -21.1989 315.62
0.0230341 -21.2369 316.264
-0.4229 -21.2422 316.477
-0.81649 -21.2472 316.762
-1.17724 -21.2556 317.175
-1.44496 -21.2613 317.557
-1.75408 -21.2682 318.178

2.90691 -21.2082 316.818
2.37669 -21.2059 316.479
1.94757 -21.2004 316.219
1.48252 -21.1716 315.65
1.0173 -21.2099 316.16
0.541158 -21.2139 316.212
0.0953507 -21.2183 316.352
-0.340688 -21.2263 316.627
-0.690226 -21.2316 316.901
-1.1474 -21.2392 317.383

3.75518 -21.1848 317.347
3.31659 -21.1809 316.82
2.92886 -21.1744 316.41
2.48172 -21.1443 315.679
2.01157 -21.183 316.057
1.50522 -21.1857 315.948
1.00719 -21.1894 315.943
0.495861 -21.1969 316.08
0.0645048 -21.202 316.246
-0.540721 -21.2103 316.589

4.60345 -21.1614 317.876
4.25649 -21.1559 317.161
3.91016 -21.1485 316.601
3.48091 -21.117 315.708
3.00584 -21.156 315.953
2.46927 -21.1575 315.684
1.91903 -21.1605 315.533
1.33241 -21.1676 315.533
0.819235 -21.1723 315.59
0.0659607 -21.1814 315.794

5.45172 -21.138 318.405
5.19638 -21.131 317.501
4.89146 -21.1225 316.792
4.48011 -21.0897 315.738
4.00011 -21.1291 315.85
3.43333 -21.1293 315.42
2.83087 -21.1316 315.124
2.16896 -21.1382 314.986
1.57397 -21.1427 314.935
0.672642 -21.1525 315

6.29999 -21.1146 318.934
6.13628 -21.106 317.842
5.87275 -21.0966 316.982
5.4793 -21.0624 315.767
4.99437 -21.1021 315.747
4.39739 -21.1011 315.156
3.74271 -21.1027 314.714
3.00551 -21.1089 314.439
2.3287 -21.113 314.28
1.27932 -21.1235 314.205

-0.540457 -20.3042 314.745
-1.42869 -20.3083 315.171
-2.01617 -20.3069 315.519
-2.54439 -20.2863 315.633
-2.9813 -20.3194 316.627
-3.32725 -20.3288 317.331
-3.55509 -20.336 318.054
-3.68071 -20.3457 318.879
-3.69519 -20.3522 319.584
-3.54864 -20.3568 320.617

0.307813 -20.2808 315.274
-0.488793 -20.2833 315.511
-1.03488 -20.2809 315.71
-1.54519 -20.259 315.662
-1.98703 -20.2924 316.524
-2.36319 -20.3006 317.067
-2.64325 -20.3071 317.644
-2.84416 -20.3163 318.332
-2.94046 -20.3225 318.928
-2.94196 -20.3279 319.822

1.15608 -20.2574 315.803
0.451104 -20.2583 315.852
-0.0535792 -20.255 315.901
-0.545997 -20.2317 315.691
-0.992767 -20.2655 316.42
-1.39914 -20.2724 316.803
-1.73141 -20.2782 317.235
-2.00762 -20.287 317.785
-2.18573 -20.2929 318.273
-2.33528 -20.299 319.028

2.00435 -20.234 316.332
1.391 -20.2333 316.192
0.927717 -20.229 316.091
0.453197 -20.2044 315.721
0.00150158 -20.2385 316.317
-0.435078 -20.2442 316.539
-0.819572 -20.2493 316.825
-1.17107 -20.2576 317.238
-1.431 -20.2632 317.618
-1.7286 -20.2701 318.233

2.85262 -20.2106 316.861
2.3309 -20.2084 316.533
1.90901 -20.2031 316.282
1.45239 -20.1771 315.75
0.99577 -20.2116 316.214
0.528981 -20.216 316.274
0.0922689 -20.2204 316.416
-0.334518 -20.2283 316.69
-0.676268 -20.2336 316.962
-1.12192 -20.2411 317.439

3.70089 -20.1872 317.39
3.2708 -20.1834 316.873
2.89031 -20.1771 316.473
2.45159 -20.1498 315.78
1.99004 -20.1846 316.11
1.49304 -20.1877 316.01
1.00411 -20.1915 316.006
0.502031 -20.1989 316.143
0.0784629 -20.2039 316.307
-0.515235 -20.2122 316.645

4.54916 -20.1638 317.919
4.21069 -20.1584 317.214
3.87161 -20.1512 316.664
3.45078 -20.1225 315.809
2.98431 -20.1577 316.007
2.4571 -20.1595 315.746
1.91595 -20.1625 315.597
1.33858 -20.1696 315.596
0.833193 -20.1743 315.652
0.091447 -20.1833 315.85

5.39743 -20.1404 318.448
5.15059 -20.1334 317.554
4.8529 -20.1252 316.854
4.44998 -20.0952 315.839
3.97857 -20.1307 315.903
3.42115 -20.1313 315.482
2.82779 -20.1337 315.187
2.17513 -20.1402 315.049
1.58792 -20.1447 314.996
0.698128 -20.1543 315.056

6.2457 -20.117 318.977
6.09049 -20.1085 317.895
5.8342 -20.0993 317.045
5.44917 -20.0679 315.868
4.97284 -20.1038 315.8
4.38521 -20.1031 315.218
3.73963 -20.1048 314.778
3.01168 -20.1109 314.502
2.34265 -20.115 314.341
1.30481 -20.1254 314.261

-0.594742 -19.3066 314.788
-1.47448 -19.3107 315.224
-2.05472 -19.3096 315.582
-2.57452 -19.2918 315.733
-3.00284 -19.321 316.681
-3.33943 -19.3308 317.393
-3.55817 -19.338 318.118
-3.67454 -19.3477 318.942
-3.68123 -19.3541 319.645
-3.52316 -19.3587 320.672

0.253528 -19.2832 315.317
-0.534585 -19.2858 315.564
-1.07343 -19.2836 315.772
-1.57532 -19.2645 315.763
-2.00857 -19.2941 316.577
-2.37537 -19.3026 317.129
-2.64633 -19.3091 317.708
-2.83799 -19.3183 318.395
-2.9265 -19.3245 318.99
-2.91647 -19.3298 319.878

1.1018 -19.2598 315.846
0.405313 -19.2608 315.905
-0.0921318 -19.2577 315.963
-0.57613 -19.2372 315.792
-1.0143 -19.2671 316.474
-1.41131 -19.2744 316.865
-1.73449 -19.2802 317.298
-2.00145 -19.289 317.848
-2.17177 -19.2949 318.334
-2.30979 -19.3009 319.084

1.95007 -19.2364 316.375
1.34521 -19.2358 316.245
0.889165 -19.2317 316.154
0.423065 -19.2099 315.822
-0.0200309 -19.2402 316.37
-0.447255 -19.2462 316.601
-0.822653 -19.2513 316.889
-1.1649 -19.2596 317.301
-1.41704 -19.2652 317.679
-1.70311 -19.2719 318.289

2.79834 -19.213 316.904
2.28511 -19.2108 316.586
1.87046 -19.2058 316.345
1.42226 -19.1826 315.851
0.974237 -19.2132 316.267
0.516803 -19.218 316.337
0.0891871 -19.2224 316.479
-0.328348 -19.2303 316.753
-0.66231 -19.2356 317.024
-1.09643 -19.243 317.495

3.64661 -19.1896 317.433
3.22501 -19.1859 316.926
2.85176 -19.1798 316.535
2.42145 -19.1553 315.88
1.96851 -19.1863 316.163
1.48086 -19.1898 316.072
1.00103 -19.1935 316.07
0.508201 -19.2009 316.206
0.0924209 -19.2059 316.368
-0.489748 -19.2141 316.7

4.49488 -19.1662 317.962
4.1649 -19.1609 317.267
3.83305 -19.1539 316.726
3.42065 -19.128 315.91
2.96277 -19.1593 316.06
2.44492 -19.1615 315.808
1.91287 -19.1646 315.66
1.34475 -19.1716 315.659
0.847151 -19.1763 315.713
0.116933 -19.1852 315.906

5.34315 -19.1428 318.491
5.1048 -19.1359 317.608
4.81435 -19.1279 316.917
4.41984 -19.1007 315.939
3.95704 -19.1324 315.956
3.40898 -19.1333 315.544
2.82471 -19.1357 315.251
2.1813 -19.1422 315.112
1.60188 -19.1466 315.058
0.723615 -19.1562 315.111

6.19142 -19.1194 319.02
6.0447 -19.1109 317.948
5.79565 -19.102 317.108
5.41904 -19.0735 315.969
4.95131 -19.1054 315.853
4.37303 -19.1051 315.28
3.73655 -19.1068 314.841
3.01785 -19.1129 314.565
2.35661 -19.117 314.402
1.3303 -19.1273 314.317

-0.649027 -18.309 314.831
-1.52027 -18.3132 315.277
-2.09328 -18.3123 315.644
-2.60465 -18.2974 315.834
-3.02437 -18.3227 316.734
-3.35161 -18.3328 317.456
-3.56126 -18.34 318.181
-3.66837 -18.3497 319.005
-3.66727 -18.3561 319.706
-3.49767 -18.3606 320.728

0.199243 -18.2856 315.36
-0.580376 -18.2882 315.617
-1.11198 -18.2863 315.835
-1.60546 -18.2701 315.863
-2.0301 -18.2957 316.63
-2.38755 -18.3046 317.191
-2.64942 -18.3111 317.772
-2.83182 -18.3203 318.458
-2.91254 -18.3265 319.051
-2.89099 -18.3317 319.934

1.04751 -18.2622 315.889
0.359521 -18.2632 315.958
-0.130684 -18.2604 316.026
-0.606263 -18.2428 315.893
-1.03583 -18.2688 316.527
-1.42349 -18.2764 316.927
-1.73758 -18.2822 317.362
-1.99528 -18.291 317.911
-2.15781 -18.2968 318.396
-2.28431 -18.3027 319.139

1.89578 -18.2388 316.418
1.29942 -18.2383 316.299
0.850612 -18.2344 316.217
0.392932 -18.2155 315.922
-0.0415635 -18.2418 316.423
-0.459433 -18.2482 316.663
-0.825735 -18.2533 316.953
-1.15873 -18.2616 317.363
-1.40308 -18.2672 317.74
-1.67762 -18.2738 318.345

2.74405 -18.2154 316.947
2.23932 -18.2133 316.639
1.83191 -18.2085 316.407
1.39213 -18.1882 315.952
0.952705 -18.2149 316.32
0.504625 -18.22 316.399
0.0861053 -18.2244 316.543
-0.322178 -18.2323 316.816
-0.648351 -18.2375 317.085
-1.07094 -18.2449 317.551

3.59232 -18.192 317.476
3.17921 -18.1883 316.98
2.8132 -18.1825 316.598
2.39132 -18.1609 315.981
1.94697 -18.1879 316.216
1.46868 -18.1918 316.135
0.997946 -18.1955 316.133
0.514371 -18.2029 316.269
0.106379 -18.2079 316.429
-0.464262 -18.216 316.756

4.44059 -18.1686 318.005
4.11911 -18.1633 317.32
3.7945 -18.1566 316.789
3.39052 -18.1336 316.011
2.94124 -18.161 316.113
2.43274 -18.1635 315.87
1.90979 -18.1666 315.724
1.35092 -18.1736 315.722
0.861109 -18.1783 315.774
0.14242 -18.187 315.962

5.28886 -18.1452 318.534
5.05901 -18.1384 317.661
4.7758 -18.1306 316.98
4.38971 -18.1063 316.04
3.93551 -18.134 316.009
3.3968 -18.1353 315.606
2.82163 -18.1377 315.314
2.18747 -18.1442 315.175
1.61584 -18.1486 315.119
0.749101 -18.1581 315.167

6.13713 -18.1218 319.063
5.99891 -18.1134 318.001
5.75709 -18.1047 317.17
5.3889 -18.079 316.069
4.92978 -18.1071 315.906
4.36086 -18.1071 315.342
3.73347 -18.1088 314.905
3.02402 -18.1149 314.628
2.37057 -18.119 314.463
1.35578 -18.1292 314.373

-0.703312 -17.3114 314.874
-1.56607 -17.3157 315.33
-2.13183 -17.315 315.707
-2.63478 -17.3029 315.935
-3.0459 -17.3243 316.787
-3.36379 -17.3348 317.518
-3.56434 -17.342 318.245
-3.6622 -17.3517 319.068
-3.65332 -17.3581 319.768
-3.47218 -17.3625 320.784

0.144958 -17.288 315.403
-0.626168 -17.2907 315.671
-1.15053 -17.289 315.898
-1.63559 -17.2756 315.964
-2.05163 -17.2974 316.683
-2.39973 -17.3066 317.253
-2.6525 -17.3131 317.835
-2.82565 -17.3223 318.521
-2.89858 -17.3284 319.112
-2.8655 -17.3336 319.99

0.993228 -17.2646 315.932
0.31373 -17.2657 316.011
-0.169237 -17.2631 316.089
-0.636395 -17.2483 315.994
-1.05736 -17.2704 316.58
-1.43567 -17.2784 316.989
-1.74066 -17.2842 317.426
-1.98911 -17.293 317.974
-2.14385 -17.2988 318.457
-2.25882 -17.3046 319.195

1.8415 -17.2412 316.461
1.25363 -17.2407 316.352
0.812059 -17.2371 316.279
0.362799 -17.221 316.023
-0.063096 -17.2435 316.476
-0.471611 -17.2502 316.725
-0.828817 -17.2553 317.016
-1.15256 -17.2636 317.426
-1.38912 -17.2692 317.801
-1.65214 -17.2757 318.401

2.68977 -17.2178 316.99
2.19353 -17.2158 316.692
1.79336 -17.2112 316.47
1.36199 -17.1937 316.052
0.931172 -17.2165 316.373
0.492447 -17.222 316.461
0.0830235 -17.2264 316.607
-0.316008 -17.2343 316.879
-0.634393 -17.2395 317.146
-1.04546 -17.2468 317.606

3.53804 -17.1944 317.519
3.13342 -17.1908 317.033
2.77465 -17.1852 316.661
2.36119 -17.1664 316.082
1.92544 -17.1896 316.27
1.4565 -17.1938 316.197
0.994864 -17.1975 316.197
0.520541 -17.2049 316.332
0.120337 -17.2099 316.491
-0.438776 -17.2178 316.812

4.38631 -17.171 318.048
4.07332 -17.1658 317.373
3.75595 -17.1593 316.852
3.36038 -17.1391 316.111
2.91971 -17.1626 316.166
2.42056 -17.1656 315.932
1.9067 -17.1686 315.788
1.35709 -17.1756 315.785
0.875068 -17.1802 315.835
0.167906 -17.1889 316.017

5.23458 -17.1476 318.577
5.01322 -17.1408 317.714
4.73724 -17.1333 317.042
4.35958 -17.1118 316.141
3.91398 -17.1357 316.063
3.38462 -17.1373 315.668
2.81854 -17.1397 315.378
2.19364 -17.1462 315.238
1.6298 -17.1506 315.18
0.774587 -17.16 315.223

6.08285 -17.1242 319.106
5.95311 -17.1159 318.055
5.71854 -17.1074 317.233
5.35877 -17.0845 316.17
4.90825 -17.1087 315.959
4.34868 -17.1091 315.404
3.73039 -17.1108 314.968
3.03019 -17.1169 314.691
2.38453 -17.1209 314.525
1.38127 -17.1311 314.429

-0.757596 -16.3138 314.917
-1.61186 -16.3181 315.383
-2.17038 -16.3177 315.77
-2.66492 -16.3085 316.036
-3.06743 -16.326 316.84
-3.37596 -16.3368 317.58
-3.56742 -16.3441 318.308
-3.65603 -16.3537 319.131
-3.63936 -16.3601 319.829
-3.4467 -16.3644 320.84

0.0906736 -16.2904 315.446
-0.671959 -16.2932 315.724
-1.18909 -16.2918 315.96
-1.66572 -16.2812 316.065
-2.07316 -16.299 316.737
-2.41191 -16.3086 317.316
-2.65558 -16.3152 317.899
-2.81948 -16.3243 318.584
-2.88463 -16.3304 319.173
-2.84002 -16.3354 320.045

0.938943 -16.267 315.975
0.267938 -16.2682 316.064
-0.20779 -16.2658 316.151
-0.666528 -16.2539 316.094
-1.0789 -16.2721 316.633
-1.44785 -16.2804 317.051
-1.74374 -16.2863 317.489
-1.98293 -16.295 318.037
-2.1299 -16.3008 318.518
-2.23333 -16.3065 319.251

1.78721 -16.2436 316.504
1.20784 -16.2432 316.405
0.773507 -16.2399 316.342
0.332666 -16.2266 316.124
-0.0846285 -16.2451 316.53
-0.483789 -16.2522 316.787
-0.831899 -16.2574 317.08
-1.14639 -16.2656 317.489
-1.37517 -16.2711 317.863
-1.62665 -16.2776 318.457

2.63548 -16.2202 317.033
2.14773 -16.2182 316.746
1.7548 -16.2139 316.533
1.33186 -16.1993 316.153
0.90964 -16.2182 316.426
0.480269 -16.224 316.523
0.0799417 -16.2285 316.67
-0.309837 -16.2363 316.942
-0.620435 -16.2415 317.207
-1.01997 -16.2487 317.662

3.48375 -16.1968 317.562
3.08763 -16.1933 317.086
2.7361 -16.188 316.723
2.33106 -16.172 316.183
1.90391 -16.1912 316.323
1.44433 -16.1958 316.259
0.991782 -16.1996 316.261
0.526711 -16.2069 316.395
0.134295 -16.2118 316.552
-0.413289 -16.2197 316.868

4.33202 -16.1734 318.091
4.02753 -16.1683 317.427
3.7174 -16.162 316.914
3.33025 -16.1447 316.212
2.89818 -16.1643 316.219
2.40838 -16.1676 315.995
1.90362 -16.1707 315.851
1.36326 -16.1776 315.848
0.889026 -16.1822 315.897
0.193392 -16.1908 316.073

5.18029 -16.15 318.62
4.96743 -16.1433 317.767
4.69869 -16.1361 317.105
4.32944 -16.1174 316.241
3.89244 -16.1373 316.116
3.37244 -16.1394 315.73
2.81546 -16.1418 315.442
2.19981 -16.1482 315.301
1.64376 -16.1526 315.241
0.800074 -16.1619 315.279

6.02856 -16.1266 319.149
5.90732 -16.1183 318.108
5.67999 -16.1101 317.296
5.32864 -16.0901 316.271
4.88671 -16.1104 316.012
4.3365 -16.1111 315.466
3.7273 -16.1129 315.032
3.03636 -16.1189 314.754
2.39849 -16.1229 314.586
1.40675 -16.1329 314.484

-0.811881 -15.3162 314.96
-1.65765 -15.3206 315.437
-2.20893 -15.3204 315.832
-2.69505 -15.314 316.136
-3.08897 -15.3276 316.893
-3.38814 -15.3388 317.642
-3.5705 -15.3461 318.372
-3.64986 -15.3557 319.194
-3.6254 -15.362 319.89
-3.42121 -15.3663 320.896

0.0363888 -15.2928 315.489
-0.71775 -15.2956 315.777
-1.22764 -15.2945 316.023
-1.69586 -15.2867 316.166
-2.0947 -15.3007 316.79
-2.42408 -15.3106 317.378
-2.65866 -15.3172 317.962
-2.81331 -15.3263 318.647
-2.87067 -15.3324 319.235
-2.81453 -15.3373 320.101

0.884659 -15.2694 316.018
0.222147 -15.2706 316.118
-0.246342 -15.2685 316.214
-0.696661 -15.2594 316.195
-1.10043 -15.2737 316.686
-1.46003 -15.2824 317.113
-1.74682 -15.2883 317.553
-1.97676 -15.297 318.1
-2.11594 -15.3027 318.579
-2.20785 -15.3084 319.307

1.73293 -15.246 316.547
1.16204 -15.2457 316.458
0.734954 -15.2426 316.405
0.302534 -15.2321 316.224
-0.106161 -15.2468 316.583
-0.495967 -15.2542 316.849
-0.83498 -15.2594 317.143
-1.14022 -15.2676 317.552
-1.36121 -15.2731 317.924
-1.60117 -15.2795 318.512

2.5812 -15.2226 317.076
2.10194 -15.2207 316.799
1.71625 -15.2166 316.595
1.30173 -15.2048 316.254
0.888107 -15.2198 316.479
0.468091 -15.226 316.585
0.0768599 -15.2305 316.734
-0.303667 -15.2383 317.005
-0.606477 -15.2435 317.268
-0.994485 -15.2505 317.718

3.42947 -15.1992 317.605
3.04184 -15.1957 317.139
2.69755 -15.1907 316.786
2.30092 -15.1775 316.283
1.88238 -15.1929 316.376
1.43215 -15.1978 316.321
0.9887 -15.2016 316.324
0.532882 -15.2089 316.458
0.148253 -15.2138 316.613
-0.387803 -15.2216 316.924

4.27774 -15.1758 318.134
3.98174 -15.1707 317.48
3.67884 -15.1647 316.977
3.30012 -15.1502 316.313
2.87664 -15.1659 316.272
2.39621 -15.1696 316.057
1.90054 -15.1727 315.915
1.36943 -15.1796 315.911
0.902984 -15.1842 315.958
0.218878 -15.1927 316.129

5.12601 -15.1524 318.663
4.92163 -15.1458 317.82
4.66014 -15.1388 317.168
4.29931 -15.1229 316.342
3.87091 -15.139 316.169
3.36027 -15.1414 315.793
2.81238 -15.1438 315.505
2.20598 -15.1502 315.364
1.65771 -15.1545 315.302
0.82556 -15.1638 315.335

5.97428 -15.129 319.192
5.86153 -15.1208 318.161
5.64144 -15.1128 317.358
5.29851 -15.0956 316.372
4.86518 -15.112 316.065
4.32432 -15.1131 315.528
3.72422 -15.1149 315.096
3.04253 -15.1209 314.817
2.41244 -15.1249 314.647
1.43224 -15.1348 314.54

-0.866166 -14.3186 315.003
-1.70344 -14.3231 315.49
-2.24749 -14.3231 315.895
-2.72518 -14.3195 316.237
-3.1105 -14.3293 316.946
-3.40032 -14.3408 317.704
-3.57358 -14.3481 318.435
-3.64369 -14.3577 319.257
-3.61144 -14.364 319.951
-3.39572 -14.3681 320.951

-0.0178959 -14.2952 315.532
-0.763542 -14.2981 315.83
-1.26619 -14.2972 316.086
-1.72599 -14.2922 316.266
-2.11623 -14.3023 316.843
-2.43626 -14.3126 317.44
-2.66174 -14.3192 318.026
-2.80714 -14.3284 318.71
-2.85671 -14.3344 319.296
-2.78904 -14.3392 320.157

0.830374 -14.2718 316.061
0.176356 -14.2731 316.171
-0.284895 -14.2712 316.277
-0.726794 -14.2649 316.296
-1.12196 -14.2754 316.739
-1.4722 -14.2844 317.176
-1.7499 -14.2903 317.616
-1.97059 -14.299 318.163
-2.10198 -14.3047 318.64
-2.18236 -14.3103 319.363

1.67864 -14.2484 316.59
1.11625 -14.2481 316.511
0.696402 -14.2453 316.467
0.272401 -14.2376 316.325
-0.127694 -14.2484 316.636
-0.508145 -14.2562 316.911
-0.838062 -14.2614 317.207
-1.13405 -14.2696 317.615
-1.34725 -14.2751 317.985
-1.57568 -14.2814 318.568

2.52691 -14.225 317.119
2.05615 -14.2232 316.852
1.6777 -14.2193 316.658
1.2716 -14.2103 316.355
0.866575 -14.2215 316.532
0.455913 -14.228 316.647
0.0737781 -14.2325 316.797
-0.297497 -14.2403 317.068
-0.592519 -14.2454 317.33
-0.968998 -14.2524 317.774

3.37518 -14.2016 317.648
2.99605 -14.1982 317.193
2.65899 -14.1934 316.849
2.27079 -14.1831 316.384
1.86084 -14.1945 316.429
1.41997 -14.1998 316.383
0.985619 -14.2036 316.388
0.539052 -14.2109 316.521
0.162211 -14.2158 316.674
-0.362317 -14.2235 316.979

4.22345 -14.1782 318.177
3.93595 -14.1732 317.533
3.64029 -14.1674 317.04
3.26998 -14.1558 316.413
2.85511 -14.1676 316.326
2.38403 -14.1716 316.119
1.89746 -14.1747 315.978
1.3756 -14.1816 315.974
0.916942 -14.1861 316.019
0.244365 -14.1946 316.185

5.07172 -14.1548 318.706
4.87584 -14.1482 317.874
4.62159 -14.1415 317.23
4.26918 -14.1285 316.443
3.84938 -14.1406 316.222
3.34809 -14.1434 315.855
2.8093 -14.1458 315.569
2.21215 -14.1522 315.427
1.67167 -14.1565 315.364
0.851046 -14.1656 315.391

5.91999 -14.1314 319.235
5.81574 -14.1233 318.214
5.60288 -14.1155 317.421
5.26837 -14.1012 316.472
4.84365 -14.1136 316.119
4.31215 -14.1152 315.59
3.72114 -14.1169 315.159
3.0487 -14.1229 314.88
2.4264 -14.1269 314.708
1.45773 -14.1367 314.596

-0.920451 -13.321 315.045
-1.74923 -13.3255 315.543
-2.28604 -13.3258 315.958
-2.75532 -13.3251 316.338
-3.13203 -13.3309 316.999
-3.4125 -13.3428 317.766
-3.57667 -13.3501 318.499
-3.63752 -13.3597 319.32
-3.59748 -13.366 320.012
-3.37024 -13.37 321.007

-0.0721807 -13.2976 315.575
-0.809333 -13.3006 315.884
-1.30474 -13.2999 316.148
-1.75612 -13.2978 316.367
-2.13776 -13.304 316.896
-2.44844 -13.3146 317.502
-2.66482 -13.3212 318.089
-2.80097 -13.3304 318.773
-2.84275 -13.3363 319.357
-2.76356 -13.3411 320.213

0.776089 -13.2742 316.104
0.130564 -13.2756 316.224
-0.323447 -13.2739 316.339
-0.756926 -13.2705 316.397
-1.14349 -13.277 316.793
-1.48438 -13.2864 317.238
-1.75298 -13.2923 317.68
-1.96442 -13.301 318.225
-2.08802 -13.3067 318.702
-2.15687 -13.3122 319.418

1.62436 -13.2508 316.633
1.07046 -13.2506 316.565
0.657849 -13.248 316.53
0.242268 -13.2432 316.426
-0.149226 -13.2501 316.689
-0.520323 -13.2582 316.974
-0.841144 -13.2634 317.27
-1.12788 -13.2717 317.678
-1.33329 -13.277 318.046
-1.55019 -13.2832 318.624

2.47263 -13.2274 317.162
2.01036 -13.2256 316.905
1.63915 -13.222 316.721
1.24146 -13.2159 316.455
0.845042 -13.2231 316.586
0.443735 -13.23 316.709
0.0706963 -13.2345 316.861
-0.291327 -13.2423 317.131
-0.578561 -13.2474 317.391
-0.943512 -13.2543 317.83

3.3209 -13.204 317.691
2.95026 -13.2007 317.246
2.62044 -13.1961 316.911
2.24066 -13.1886 316.485
1.83931 -13.1961 316.482
1.40779 -13.2018 316.445
0.982537 -13.2056 316.451
0.545222 -13.2129 316.584
0.176169 -13.2178 316.736
-0.336831 -13.2254 317.035

4.16917 -13.1806 318.22
3.89015 -13.1757 317.586
3.60174 -13.1701 317.102
3.23985 -13.1613 316.514
2.83358 -13.1692 316.379
2.37185 -13.1736 316.181
1.89438 -13.1767 316.042
1.38177 -13.1836 316.037
0.9309 -13.1881 316.08
0.269851 -13.1965 316.241

5.01744 -13.1572 318.749
4.83005 -13.1507 317.927
4.58303 -13.1442 317.293
4.23905 -13.134 316.544
3.82785 -13.1422 316.275
3.33591 -13.1454 315.917
2.80622 -13.1478 315.632
2.21832 -13.1542 315.49
1.68563 -13.1585 315.425
0.876532 -13.1675 315.446

5.86571 -13.1338 319.278
5.76995 -13.1257 318.267
5.56433 -13.1182 317.484
5.23824 -13.1067 316.573
4.82211 -13.1153 316.172
4.29997 -13.1172 315.653
3.71806 -13.1189 315.223
3.05487 -13.1249 314.943
2.44036 -13.1288 314.769
1.48321 -13.1386 314.652

