4.51227 -21.7532 296.889
4.01864 -21.7516 296.899
3.3432 -21.7564 297.03
2.82223 -21.7653 297.202
2.27328 -21.7839 297.571
1.92777 -21.7998 297.892
1.41384 -21.7728 297.659
1.01884 -21.834 298.701
0.753351 -21.8632 299.339
0.580005 -21.8897 300.01
0.511135 -21.9499 301.587

5.22955 -21.8067 297.583
4.81765 -21.8022 297.499
4.23473 -21.8021 297.481
3.76797 -21.8073 297.524
3.26012 -21.8203 297.728
2.92701 -21.8314 297.915
2.41101 -21.8043 297.591
1.98844 -21.8598 298.458
1.67082 -21.884 298.942
1.42488 -21.9062 299.475
1.13474 -21.9592 300.806

5.94682 -21.8602 298.278
5.61666 -21.8528 298.098
5.12627 -21.8478 297.931
4.71371 -21.8493 297.846
4.24696 -21.8567 297.886
3.92625 -21.863 297.937
3.40818 -21.8358 297.522
2.95804 -21.8857 298.214
2.58829 -21.9048 298.544
2.26975 -21.9227 298.94
1.75835 -21.9686 300.024

6.6641 -21.9137 298.973
6.41567 -21.9035 298.697
6.01781 -21.8935 298.382
5.65944 -21.8914 298.168
5.23379 -21.8932 298.043
4.9255 -21.8946 297.96
4.40536 -21.8673 297.454
3.92764 -21.9115 297.971
3.50576 -21.9256 298.147
3.11462 -21.9392 298.406
2.38196 -21.9779 299.242

7.38137 -21.9672 299.668
7.21468 -21.9541 299.296
6.90934 -21.9393 298.833
6.60518 -21.9334 298.49
6.22063 -21.9296 298.201
5.92474 -21.9261 297.983
5.40253 -21.8988 297.386
4.89724 -21.9374 297.728
4.42324 -21.9464 297.75
3.95949 -21.9557 297.871
3.00557 -21.9873 298.46

8.09865 -22.0207 300.362
8.01369 -22.0047 299.895
7.80088 -21.985 299.283
7.55092 -21.9754 298.813
7.20747 -21.966 298.358
6.92398 -21.9577 298.006
6.3997 -21.9303 297.318
5.86683 -21.9633 297.484
5.34071 -21.9671 297.353
4.80436 -21.9722 297.336
3.62918 -21.9966 297.679

8.81592 -22.0742 301.057
8.8127 -22.0554 300.494
8.69242 -22.0307 299.734
8.49666 -22.0174 299.135
8.19431 -22.0024 298.516
7.92322 -21.9893 298.028
7.39688 -21.9618 297.249
6.83643 -21.9891 297.241
6.25818 -21.9879 296.955
5.64923 -21.9886 296.802
4.25279 -22.006 296.897

9.5332 -22.1277 301.752
9.61171 -22.106 301.094
9.58395 -22.0764 300.184
9.4424 -22.0594 299.457
9.18115 -22.0388 298.674
8.92246 -22.0209 298.051
8.39405 -21.9933 297.181
7.80603 -22.015 296.998
7.17565 -22.0087 296.558
6.4941 -22.0051 296.267
4.8764 -22.0153 296.115

10.2505 -22.1812 302.446
10.4107 -22.1566 301.693
10.4755 -22.1222 300.635
10.3881 -22.1015 299.779
10.168 -22.0752 298.831
9.92171 -22.0525 298.074
9.39122 -22.0248 297.113
8.77563 -22.0408 296.754
8.09312 -22.0295 296.161
7.33897 -22.0216 295.732
5.50001 -22.0247 295.334

4.52368 -20.7554 296.954
4.03438 -20.7537 296.963
3.36407 -20.7584 297.09
2.84683 -20.7673 297.26
2.30127 -20.7859 297.626
1.95796 -20.802 297.951
1.44494 -20.7733 297.652
1.05187 -20.8348 298.726
0.786382 -20.864 299.363
0.611957 -20.8904 300.029
0.538312 -20.9503 301.597

5.24096 -20.8089 297.648
4.83339 -20.8043 297.562
4.2556 -20.8041 297.541
3.79256 -20.8093 297.582
3.28811 -20.8223 297.784
2.9572 -20.8336 297.974
2.44212 -20.8048 297.584
2.02147 -20.8607 298.483
1.70385 -20.8848 298.966
1.45683 -20.9069 299.495
1.16192 -20.9596 300.815

5.95823 -20.8624 298.343
5.6324 -20.855 298.161
5.14714 -20.8498 297.991
4.7383 -20.8513 297.904
4.27495 -20.8587 297.941
3.95644 -20.8652 297.996
3.43929 -20.8363 297.516
2.99107 -20.8866 298.24
2.62132 -20.9056 298.568
2.3017 -20.9234 298.96
1.78553 -20.969 300.034

6.67551 -20.9159 299.038
6.43141 -20.9056 298.76
6.03868 -20.8956 298.442
5.68404 -20.8933 298.226
5.26179 -20.8951 298.099
4.95569 -20.8968 298.019
4.43646 -20.8678 297.447
3.96066 -20.9124 297.996
3.5388 -20.9264 298.171
3.14657 -20.9399 298.425
2.40914 -20.9783 299.252

7.39278 -20.9694 299.733
7.23042 -20.9562 299.359
6.93021 -20.9413 298.893
6.62978 -20.9354 298.548
6.24863 -20.9315 298.256
5.95493 -20.9284 298.042
5.43364 -20.8993 297.379
4.93026 -20.9383 297.753
4.45627 -20.9472 297.774
3.99144 -20.9564 297.891
3.03275 -20.9877 298.47

8.11006 -21.0229 300.427
8.02943 -21.0069 299.959
7.82175 -20.987 299.343
7.57552 -20.9774 298.871
7.23547 -20.9679 298.414
6.95417 -20.9599 298.065
6.43081 -20.9308 297.311
5.89986 -20.9641 297.51
5.37374 -20.968 297.377
4.83631 -20.9729 297.356
3.65636 -20.997 297.689

8.82733 -21.0764 301.122
8.82844 -21.0575 300.558
8.71329 -21.0327 299.794
8.52126 -21.0194 299.193
8.22231 -21.0043 298.571
7.95341 -20.9915 298.087
7.42798 -20.9623 297.243
6.86946 -20.99 297.266
6.29121 -20.9888 296.979
5.68118 -20.9894 296.821
4.27997 -21.0064 296.907

9.54461 -21.1299 301.817
9.62745 -21.1081 301.157
9.60482 -21.0785 300.244
9.467 -21.0614 299.515
9.20915 -21.0407 298.729
8.95266 -21.0231 298.11
8.42516 -20.9938 297.175
7.83906 -21.0159 297.023
7.20868 -21.0096 296.582
6.52605 -21.0058 296.286
4.90358 -21.0158 296.125

10.2619 -21.1834 302.512
10.4265 -21.1588 301.756
10.4964 -21.1242 300.695
10.4127 -21.1034 299.837
10.196 -21.0771 298.886
9.9519 -21.0547 298.133
9.42233 -21.0253 297.106
8.80866 -21.0417 296.78
8.12615 -21.0303 296.185
7.37092 -21.0223 295.752
5.52718 -21.0251 295.343

4.5351 -19.7575 297.019
4.05012 -19.7558 297.026
3.38494 -19.7604 297.15
2.87142 -19.7693 297.318
2.32927 -19.7878 297.681
1.98815 -19.8042 298.01
1.47605 -19.7738 297.645
1.0849 -19.8357 298.752
0.819414 -19.8649 299.387
0.643909 -19.8911 300.049
0.56549 -19.9507 301.607

5.25237 -19.811 297.713
4.84913 -19.8065 297.625
4.27647 -19.8061 297.601
3.81716 -19.8113 297.64
3.31611 -19.8242 297.839
2.98739 -19.8358 298.033
2.47322 -19.8053 297.577
2.0545 -19.8616 298.508
1.73689 -19.8857 298.99
1.48878 -19.9076 299.514
1.1891 -19.96 300.825

5.96965 -19.8646 298.408
5.64814 -19.8571 298.224
5.16801 -19.8519 298.051
4.7629 -19.8533 297.962
4.30294 -19.8606 297.996
3.98664 -19.8674 298.056
3.4704 -19.8368 297.509
3.02409 -19.8874 298.265
2.65436 -19.9064 298.592
2.33365 -19.9241 298.98
1.81271 -19.9694 300.043

6.68692 -19.9181 299.103
6.44715 -19.9077 298.824
6.05955 -19.8976 298.502
5.70864 -19.8953 298.284
5.28978 -19.897 298.154
4.98588 -19.899 298.078
4.46757 -19.8683 297.441
3.99369 -19.9133 298.022
3.57183 -19.9272 298.195
3.17852 -19.9406 298.445
2.43632 -19.9788 299.262

7.4042 -19.9716 299.798
7.24616 -19.9584 299.423
6.95108 -19.9433 298.953
6.65438 -19.9373 298.606
6.27662 -19.9334 298.311
5.98512 -19.9306 298.101
5.46474 -19.8998 297.372
4.96329 -19.9391 297.778
4.4893 -19.948 297.798
4.02339 -19.9571 297.91
3.05993 -19.9881 298.48

8.12147 -20.0251 300.492
8.04517 -20.009 300.022
7.84262 -19.989 299.403
7.60012 -19.9794 298.929
7.26346 -19.9698 298.469
6.98436 -19.9621 298.124
6.46192 -19.9313 297.304
5.93289 -19.965 297.535
5.40677 -19.9688 297.401
4.86826 -19.9736 297.376
3.68353 -19.9975 297.698

8.83875 -20.0786 301.187
8.84418 -20.0596 300.621
8.73416 -20.0347 299.854
8.54585 -20.0214 299.251
8.2503 -20.0062 298.627
7.98361 -19.9937 298.147
7.45909 -19.9628 297.236
6.90249 -19.9909 297.292
6.32424 -19.9896 297.003
5.71313 -19.9901 296.841
4.30714 -20.0068 296.917

9.55602 -20.1321 301.882
9.64319 -20.1103 301.22
9.6257 -20.0805 300.304
9.49159 -20.0634 299.573
9.23714 -20.0426 298.784
8.98285 -20.0253 298.169
8.45626 -19.9943 297.168
7.87209 -20.0167 297.048
7.24171 -20.0104 296.606
6.558 -20.0066 296.306
4.93075 -20.0162 296.135

10.2733 -20.1856 302.577
10.4422 -20.1609 301.819
10.5172 -20.1262 300.755
10.4373 -20.1054 299.895
10.224 -20.079 298.942
9.98209 -20.0569 298.192
9.45344 -20.0258 297.1
8.84169 -20.0426 296.805
8.15918 -20.0312 296.209
7.40287 -20.023 295.771
5.55436 -20.0255 295.353

4.54651 -18.7597 297.084
4.06586 -18.758 297.089
3.40581 -18.7624 297.21
2.89602 -18.7713 297.375
2.35726 -18.7897 297.737
2.01834 -18.8064 298.069
1.50716 -18.7744 297.639
1.11792 -18.8366 298.777
0.852446 -18.8657 299.411
0.67586 -18.8918 300.069
0.592667 -18.9511 301.616

5.26378 -18.8132 297.779
4.86486 -18.8086 297.689
4.29734 -18.8081 297.661
3.84176 -18.8133 297.698
3.3441 -18.8261 297.894
3.01759 -18.838 298.092
2.50433 -18.8058 297.57
2.08752 -18.8624 298.534
1.76992 -18.8865 299.014
1.52073 -18.9083 299.534
1.21628 -18.9605 300.835

5.98106 -18.8667 298.473
5.66388 -18.8592 298.288
5.18888 -18.8539 298.111
4.7875 -18.8553 298.02
4.33094 -18.8625 298.052
4.01683 -18.8696 298.115
3.5015 -18.8373 297.502
3.05712 -18.8883 298.291
2.68739 -18.9073 298.616
2.3656 -18.9248 298.999
1.83988 -18.9698 300.053

6.69833 -18.9202 299.168
6.46288 -18.9099 298.887
6.08042 -18.8996 298.562
5.73324 -18.8973 298.342
5.31778 -18.8989 298.209
5.01607 -18.9012 298.138
4.49868 -18.8688 297.434
4.02672 -18.9142 298.047
3.60486 -18.9281 298.219
3.21047 -18.9413 298.465
2.46349 -18.9792 299.271

7.41561 -18.9737 299.863
7.2619 -18.9605 299.486
6.97196 -18.9453 299.012
6.67898 -18.9393 298.664
6.30462 -18.9353 298.367
6.01531 -18.9328 298.16
5.49585 -18.9003 297.366
4.99632 -18.94 297.804
4.52233 -18.9489 297.822
4.05534 -18.9578 297.93
3.0871 -18.9885 298.49

8.13288 -19.0272 300.557
8.06091 -19.0111 300.085
7.86349 -18.991 299.463
7.62471 -18.9814 298.986
7.29146 -18.9717 298.524
7.01455 -18.9644 298.183
6.49302 -18.9318 297.298
5.96592 -18.9659 297.561
5.4398 -18.9696 297.425
4.90021 -18.9743 297.395
3.71071 -18.9979 297.708

8.85016 -19.0808 301.252
8.85992 -19.0618 300.684
8.75503 -19.0368 299.914
8.57045 -19.0234 299.309
8.2783 -19.0081 298.682
8.0138 -18.9959 298.206
7.4902 -18.9633 297.229
6.93552 -18.9917 297.317
6.35727 -18.9904 297.027
5.74508 -18.9908 296.861
4.33432 -19.0072 296.926

9.56743 -19.1343 301.947
9.65893 -19.1124 301.284
9.64657 -19.0825 300.364
9.51619 -19.0654 299.631
9.26513 -19.0446 298.839
9.01304 -19.0275 298.229
8.48737 -18.9948 297.161
7.90512 -19.0176 297.074
7.27474 -19.0112 296.63
6.58996 -19.0073 296.326
4.95793 -19.0166 296.145

10.2847 -19.1878 302.642
10.4579 -19.163 301.883
10.5381 -19.1282 300.815
10.4619 -19.1074 299.953
10.252 -19.081 298.997
10.0123 -19.0591 298.251
9.48454 -19.0263 297.093
8.87471 -19.0435 296.831
8.19222 -19.032 296.233
7.43483 -19.0238 295.791
5.58154 -19.0259 295.363

4.55792 -17.7619 297.149
4.08159 -17.7601 297.153
3.42668 -17.7644 297.27
2.92062 -17.7732 297.433
2.38526 -17.7916 297.792
2.04854 -17.8086 298.128
1.53826 -17.7749 297.632
1.15095 -17.8374 298.803
0.885477 -17.8665 299.435
0.707812 -17.8925 300.088
0.619844 -17.9515 301.626

5.2752 -17.8154 297.844
4.8806 -17.8107 297.752
4.31822 -17.8102 297.721
3.86636 -17.8153 297.756
3.37209 -17.828 297.949
3.04778 -17.8402 298.151
2.53544 -17.8064 297.564
2.12055 -17.8633 298.559
1.80295 -17.8873 299.038
1.55268 -17.909 299.554
1.24345 -17.9609 300.844

5.99247 -17.8689 298.538
5.67961 -17.8614 298.351
5.20975 -17.8559 298.171
4.8121 -17.8573 298.078
4.35893 -17.8644 298.107
4.04702 -17.8718 298.174
3.53261 -17.8378 297.495
3.09015 -17.8892 298.316
2.72042 -17.9081 298.64
2.39755 -17.9255 299.019
1.86706 -17.9702 300.063

6.70975 -17.9224 299.233
6.47862 -17.912 298.95
6.10129 -17.9016 298.622
5.75784 -17.8993 298.4
5.34577 -17.9008 298.265
5.04626 -17.9034 298.197
4.52978 -17.8693 297.427
4.05975 -17.915 298.073
3.63789 -17.9289 298.243
3.24242 -17.942 298.484
2.49067 -17.9796 299.281

7.42702 -17.9759 299.928
7.27763 -17.9626 299.549
6.99283 -17.9473 299.072
6.70357 -17.9413 298.722
6.33261 -17.9373 298.422
6.0455 -17.935 298.219
5.52696 -17.9008 297.359
5.02935 -17.9409 297.829
4.55536 -17.9497 297.846
4.0873 -17.9585 297.95
3.11428 -17.9889 298.499

8.1443 -18.0294 300.622
8.07664 -18.0133 300.149
7.88436 -17.9931 299.523
7.64931 -17.9833 299.044
7.31945 -17.9737 298.58
7.04475 -17.9666 298.242
6.52413 -17.9323 297.291
5.99895 -17.9667 297.586
5.47283 -17.9705 297.449
4.93217 -17.975 297.415
3.73789 -17.9983 297.718

8.86157 -18.0829 301.317
8.87565 -18.0639 300.748
8.7759 -18.0388 299.974
8.59505 -18.0254 299.367
8.30629 -18.0101 298.737
8.04399 -17.9981 298.265
7.5213 -17.9638 297.223
6.96855 -17.9926 297.343
6.39031 -17.9913 297.051
5.77704 -17.9915 296.88
4.3615 -18.0077 296.936

9.57885 -18.1364 302.012
9.67466 -18.1145 301.347
9.66744 -18.0845 300.424
9.54079 -18.0674 299.689
9.29313 -18.0465 298.895
9.04323 -18.0297 298.288
8.51848 -17.9953 297.154
7.93814 -18.0185 297.099
7.30778 -18.0121 296.654
6.62191 -18.008 296.345
4.98511 -18.017 296.154

10.2961 -18.1899 302.707
10.4737 -18.1652 301.946
10.559 -18.1302 300.875
10.4865 -18.1094 300.011
10.28 -18.0829 299.052
10.0425 -18.0613 298.31
9.51565 -18.0268 297.086
8.90774 -18.0443 296.856
8.22525 -18.0328 296.257
7.46678 -18.0245 295.811
5.60872 -18.0264 295.373

4.56933 -16.7641 297.214
4.09733 -16.7622 297.216
3.44755 -16.7665 297.33
2.94522 -16.7752 297.491
2.41325 -16.7935 297.847
2.07873 -16.8109 298.188
1.56937 -16.7754 297.625
1.18398 -16.8383 298.828
0.918509 -16.8674 299.459
0.739764 -16.8932 300.108
0.647022 -16.9519 301.636

5.28661 -16.8176 297.909
4.89634 -16.8129 297.815
4.33909 -16.8122 297.781
3.89096 -16.8172 297.814
3.40009 -16.83 298.005
3.07797 -16.8424 298.21
2.56654 -16.8069 297.557
2.15358 -16.8642 298.585
1.83598 -16.8882 299.062
1.58463 -16.9097 299.573
1.27063 -16.9613 300.854

6.00388 -16.8711 298.603
5.69535 -16.8635 298.414
5.23062 -16.8579 298.231
4.8367 -16.8593 298.136
4.38693 -16.8664 298.162
4.07721 -16.874 298.233
3.56372 -16.8384 297.489
3.12318 -16.89 298.341
2.75345 -16.9089 298.664
2.42951 -16.9262 299.039
1.89424 -16.9707 300.072

6.72116 -16.9246 299.298
6.49436 -16.9141 299.014
6.12216 -16.9036 298.682
5.78243 -16.9013 298.458
5.37377 -16.9028 298.32
5.07645 -16.9056 298.256
4.56089 -16.8698 297.421
4.09278 -16.9159 298.098
3.67092 -16.9297 298.267
3.27438 -16.9427 298.504
2.51785 -16.98 299.291

7.43843 -16.9781 299.993
7.29337 -16.9648 299.613
7.0137 -16.9494 299.132
6.72817 -16.9433 298.78
6.36061 -16.9392 298.477
6.0757 -16.9372 298.279
5.55806 -16.9013 297.352
5.06238 -16.9417 297.855
4.58839 -16.9505 297.87
4.11925 -16.9592 297.969
3.14146 -16.9894 298.509

8.15571 -17.0316 300.688
8.09238 -17.0154 300.212
7.90523 -16.9951 299.583
7.67391 -16.9853 299.102
7.34745 -16.9756 298.635
7.07494 -16.9688 298.301
6.55524 -16.9328 297.284
6.03198 -16.9676 297.611
5.50587 -16.9713 297.473
4.96412 -16.9757 297.435
3.76507 -16.9987 297.727

8.87298 -17.0851 301.382
8.89139 -17.066 300.811
8.79677 -17.0408 300.034
8.61965 -17.0273 299.425
8.33428 -17.012 298.792
8.07418 -17.0004 298.324
7.55241 -16.9643 297.216
7.00157 -16.9935 297.368
6.42334 -16.9921 297.075
5.80899 -16.9922 296.9
4.38868 -17.0081 296.946

9.59026 -17.1386 302.077
9.6904 -17.1167 301.41
9.68831 -17.0865 300.484
9.56539 -17.0694 299.747
9.32112 -17.0484 298.95
9.07342 -17.0319 298.347
8.54959 -16.9958 297.148
7.97117 -17.0193 297.125
7.34081 -17.0129 296.678
6.65386 -17.0087 296.365
5.01229 -17.0174 296.164

10.3075 -17.1921 302.772
10.4894 -17.1673 302.009
10.5798 -17.1322 300.935
10.5111 -17.1114 300.069
10.308 -17.0848 299.108
10.0727 -17.0635 298.37
9.54676 -17.0273 297.079
8.94077 -17.0452 296.881
8.25828 -17.0337 296.281
7.49873 -17.0252 295.83
5.63589 -17.0268 295.382

4.58075 -15.7663 297.279
4.11307 -15.7644 297.279
3.46842 -15.7685 297.39
2.96982 -15.7772 297.549
2.44124 -15.7955 297.902
2.10892 -15.8131 298.247
1.60048 -15.7759 297.618
1.21701 -15.8392 298.853
0.951541 -15.8682 299.483
0.771715 -15.8939 300.128
0.674199 -15.9524 301.646

5.29802 -15.8198 297.974
4.91208 -15.815 297.879
4.35996 -15.8142 297.84
3.91556 -15.8192 297.872
3.42808 -15.8319 298.06
3.10816 -15.8446 298.27
2.59765 -15.8074 297.55
2.18661 -15.865 298.61
1.86901 -15.889 299.086
1.61659 -15.9104 299.593
1.29781 -15.9617 300.864

6.0153 -15.8733 298.668
5.71109 -15.8656 298.478
5.25149 -15.8599 298.291
4.86129 -15.8612 298.194
4.41492 -15.8683 298.218
4.1074 -15.8762 298.292
3.59482 -15.8389 297.482
3.15621 -15.8909 298.367
2.78648 -15.9098 298.688
2.46146 -15.9269 299.058
1.92142 -15.9711 300.082

6.73257 -15.9268 299.363
6.5101 -15.9163 299.077
6.14303 -15.9056 298.742
5.80703 -15.9033 298.516
5.40176 -15.9047 298.375
5.10665 -15.9078 298.315
4.592 -15.8704 297.414
4.12581 -15.9168 298.124
3.70395 -15.9306 298.291
3.30633 -15.9434 298.524
2.54503 -15.9804 299.3

7.44985 -15.9803 300.058
7.30911 -15.9669 299.676
7.03457 -15.9514 299.192
6.75277 -15.9453 298.838
6.3886 -15.9411 298.533
6.10589 -15.9394 298.338
5.58917 -15.9018 297.346
5.0954 -15.9426 297.88
4.62143 -15.9514 297.894
4.1512 -15.9599 297.989
3.16864 -15.9898 298.519

8.16712 -16.0338 300.753
8.10812 -16.0175 300.275
7.9261 -15.9971 299.643
7.69851 -15.9873 299.16
7.37544 -15.9775 298.69
7.10513 -15.971 298.361
6.58634 -15.9333 297.277
6.065 -15.9685 297.637
5.5389 -15.9721 297.497
4.99607 -15.9764 297.454
3.79224 -15.9991 297.737

8.8844 -16.0873 301.447
8.90713 -16.0682 300.874
8.81764 -16.0428 300.094
8.64425 -16.0293 299.483
8.36228 -16.0139 298.848
8.10437 -16.0026 298.383
7.58352 -15.9648 297.209
7.0346 -15.9943 297.394
6.45637 -15.9929 297.099
5.84094 -15.9929 296.919
4.41585 -16.0085 296.955

9.60167 -16.1408 302.142
9.70614 -16.1188 301.474
9.70918 -16.0885 300.544
9.58999 -16.0713 299.805
9.34912 -16.0503 299.005
9.10361 -16.0342 298.406
8.58069 -15.9963 297.141
8.0042 -16.0202 297.15
7.37384 -16.0137 296.702
6.68581 -16.0094 296.385
5.03946 -16.0178 296.174

10.3189 -16.1943 302.837
10.5051 -16.1694 302.073
10.6007 -16.1343 300.995
10.5357 -16.1134 300.127
10.336 -16.0867 299.163
10.1029 -16.0657 298.429
9.57787 -16.0278 297.073
8.9738 -16.0461 296.907
8.29131 -16.0345 296.305
7.53068 -16.0259 295.85
5.66307 -16.0272 295.392

4.59216 -14.7685 297.344
4.12881 -14.7665 297.343
3.48929 -14.7705 297.45
2.99442 -14.7792 297.607
2.46924 -14.7974 297.958
2.13911 -14.8153 298.306
1.63158 -14.7764 297.612
1.25004 -14.84 298.879
0.984572 -14.869 299.507
0.803667 -14.8946 300.147
0.701376 -14.9528 301.655

5.30943 -14.822 298.039
4.92782 -14.8171 297.942
4.38083 -14.8162 297.9
3.94015 -14.8212 297.93
3.45608 -14.8338 298.115
3.13835 -14.8469 298.329
2.62876 -14.8079 297.544
2.21964 -14.8659 298.636
1.90204 -14.8898 299.11
1.64854 -14.9111 299.613
1.32499 -14.9621 300.874

6.02671 -14.8755 298.733
5.72683 -14.8678 298.541
5.27236 -14.8619 298.351
4.88589 -14.8632 298.252
4.44292 -14.8702 298.273
4.13759 -14.8784 298.352
3.62593 -14.8394 297.475
3.18924 -14.8918 298.392
2.81951 -14.9106 298.712
2.49341 -14.9276 299.078
1.94859 -14.9715 300.092

6.74398 -14.929 299.428
6.52584 -14.9184 299.14
6.1639 -14.9077 298.802
5.83163 -14.9052 298.574
5.42976 -14.9066 298.43
5.13684 -14.91 298.374
4.6231 -14.8709 297.407
4.15883 -14.9176 298.149
3.73699 -14.9314 298.315
3.33828 -14.9441 298.543
2.5722 -14.9808 299.31

7.46126 -14.9825 300.123
7.32485 -14.969 299.739
7.05544 -14.9534 299.252
6.77737 -14.9473 298.896
6.4166 -14.943 298.588
6.13608 -14.9416 298.397
5.62028 -14.9024 297.339
5.12843 -14.9435 297.906
4.65446 -14.9522 297.918
4.18315 -14.9606 298.009
3.19581 -14.9902 298.529

8.17853 -15.036 300.818
8.12386 -15.0197 300.339
7.94697 -14.9991 299.703
7.72311 -14.9893 299.218
7.40343 -14.9794 298.746
7.13532 -14.9732 298.42
6.61745 -14.9338 297.271
6.09803 -14.9693 297.662
5.57193 -14.973 297.521
5.02802 -14.9771 297.474
3.81942 -14.9995 297.747

8.89581 -15.0895 301.512
8.92287 -15.0703 300.938
8.83851 -15.0448 300.154
8.66885 -15.0313 299.541
8.39027 -15.0158 298.903
8.13456 -15.0048 298.443
7.61462 -14.9653 297.202
7.06763 -14.9952 297.419
6.4894 -14.9938 297.123
5.87289 -14.9936 296.939
4.44303 -15.0089 296.965

9.61308 -15.143 302.207
9.72188 -15.1209 301.537
9.73005 -15.0906 300.604
9.61458 -15.0733 299.863
9.37711 -15.0522 299.061
9.13381 -15.0364 298.465
8.6118 -14.9968 297.134
8.03723 -15.0211 297.176
7.40687 -15.0146 296.726
6.71776 -15.0101 296.404
5.06664 -15.0183 296.183

10.3304 -15.1965 302.902
10.5209 -15.1715 302.136
10.6216 -15.1363 301.055
10.5603 -15.1154 300.185
10.364 -15.0887 299.218
10.133 -15.0679 298.488
9.60897 -15.0283 297.066
9.00683 -15.0469 296.932
8.32434 -15.0353 296.329
7.56263 -15.0266 295.87
5.69025 -15.0276 295.402

4.60357 -13.7706 297.409
4.14455 -13.7686 297.406
3.51016 -13.7725 297.51
3.01901 -13.7812 297.665
2.49723 -13.7993 298.013
2.1693 -13.8175 298.365
1.66269 -13.7769 297.605
1.28307 -13.8409 298.904
1.0176 -13.8699 299.531
0.835619 -13.8953 300.167
0.728554 -13.9532 301.665

5.32085 -13.8242 298.104
4.94356 -13.8193 298.005
4.4017 -13.8182 297.96
3.96475 -13.8232 297.987
3.48407 -13.8357 298.171
3.16854 -13.8491 298.388
2.65986 -13.8084 297.537
2.25266 -13.8668 298.661
1.93508 -13.8907 299.134
1.68049 -13.9118 299.632
1.35216 -13.9625 300.883

6.03812 -13.8777 298.799
5.74257 -13.8699 298.604
5.29323 -13.864 298.411
4.91049 -13.8652 298.31
4.47091 -13.8721 298.328
4.16779 -13.8806 298.411
3.65704 -13.8399 297.469
3.22226 -13.8926 298.418
2.85255 -13.9114 298.736
2.52536 -13.9283 299.098
1.97577 -13.9719 300.102

6.7554 -13.9312 299.493
6.54158 -13.9205 299.204
6.18477 -13.9097 298.862
5.85623 -13.9072 298.632
5.45775 -13.9085 298.486
5.16703 -13.9122 298.433
4.65421 -13.8714 297.4
4.19186 -13.9185 298.174
3.77002 -13.9322 298.339
3.37023 -13.9448 298.563
2.59938 -13.9813 299.32

7.47267 -13.9847 300.188
7.34059 -13.9712 299.803
7.07631 -13.9554 299.312
6.80197 -13.9493 298.954
6.44459 -13.9449 298.643
6.16627 -13.9438 298.456
5.65138 -13.9029 297.332
5.16146 -13.9444 297.931
4.68749 -13.953 297.942
4.2151 -13.9613 298.028
3.22299 -13.9906 298.538

8.18995 -14.0382 300.883
8.1396 -14.0218 300.402
7.96785 -14.0011 299.763
7.74771 -13.9913 299.276
7.43143 -13.9814 298.801
7.16551 -13.9754 298.479
6.64856 -13.9344 297.264
6.13106 -13.9702 297.688
5.60496 -13.9738 297.545
5.05997 -13.9778 297.493
3.8466 -14 297.757

8.90722 -14.0917 301.577
8.93861 -14.0724 301.001
8.85938 -14.0469 300.214
8.69344 -14.0333 299.598
8.41827 -14.0178 298.958
8.16475 -14.007 298.502
7.64573 -13.9658 297.196
7.10066 -13.9961 297.444
6.52243 -13.9946 297.147
5.90484 -13.9943 296.959
4.47021 -14.0093 296.975

9.6245 -14.1452 302.272
9.73762 -14.123 301.6
9.75092 -14.0926 300.664
9.63918 -14.0753 299.921
9.40511 -14.0542 299.116
9.164 -14.0386 298.524
8.64291 -13.9973 297.128
8.07026 -14.0219 297.201
7.4399 -14.0154 296.75
6.74971 -14.0108 296.424
5.09382 -14.0187 296.193

10.3418 -14.1987 302.967
10.5366 -14.1737 302.199
10.6425 -14.1383 301.115
10.5849 -14.1173 300.243
10.3919 -14.0906 299.273
10.1632 -14.0702 298.547
9.64008 -14.0288 297.059
9.03986 -14.0478 296.958
8.35737 -14.0362 296.353
7.59458 -14.0273 295.889
5.71743 -14.028 295.411

