0.581576 7.85373 287.315
0.234946 7.8866 287.746
0.00848968 7.91053 288.078
-0.197034 7.94802 288.617
-0.333775 7.98832 289.162
-0.364224 8.03597 289.858
-0.291813 8.07771 290.492

1.44596 7.91067 287.815
1.1671 7.93383 288.105
0.977678 7.95017 288.321
0.797665 7.97783 288.716
0.664266 8.00718 289.102
0.607642 8.04213 289.623
0.635054 8.07342 290.116

2.31035 7.96761 288.315
2.09926 7.98106 288.464
1.94687 7.98981 288.565
1.79236 8.00764 288.814
1.66231 8.02604 289.042
1.57951 8.04828 289.387
1.56192 8.06912 289.741

3.17473 8.02455 288.814
3.03141 8.02828 288.823
2.91605 8.02944 288.808
2.78706 8.03745 288.912
2.66035 8.0449 288.983
2.55137 8.05444 289.152
2.48879 8.06483 289.366

4.03912 8.08149 289.314
3.96357 8.07551 289.182
3.88524 8.06908 289.051
3.78176 8.06726 289.011
3.65839 8.06376 288.923
3.52324 8.0606 288.916
3.41566 8.06053 288.99

4.9035 8.13843 289.813
4.89572 8.12273 289.541
4.85443 8.10871 289.294
4.77646 8.09708 289.109
4.65643 8.08261 288.863
4.49511 8.06675 288.681
4.34253 8.05623 288.615

5.76789 8.19537 290.313
5.82788 8.16996 289.9
5.82362 8.14835 289.537
5.77116 8.12689 289.208
5.65447 8.10147 288.804
5.46697 8.07291 288.445
5.26939 8.05194 288.24

6.63227 8.25231 290.813
6.76003 8.21719 290.259
6.79281 8.18798 289.78
6.76586 8.1567 289.306
6.65251 8.12033 288.744
6.43884 8.07907 288.21
6.19626 8.04764 287.864

7.49666 8.30925 291.312
7.69219 8.26441 290.618
7.762 8.22762 290.023
7.76056 8.18651 289.405
7.65055 8.13919 288.684
7.41071 8.08522 287.974
7.12313 8.04334 287.489

0.550156 8.85148 287.256
0.205442 8.88467 287.692
-0.0189736 8.90874 288.025
-0.222003 8.94645 288.567
-0.355705 8.98676 289.11
-0.382023 9.03469 289.811
-0.306076 9.07652 290.445

1.41454 8.90842 287.756
1.1376 8.9319 288.051
0.950215 8.94837 288.268
0.772696 8.97626 288.666
0.642335 9.00562 289.051
0.589843 9.04084 289.575
0.620792 9.07223 290.07

2.27893 8.96536 288.255
2.06975 8.97912 288.409
1.9194 8.98801 288.511
1.76739 9.00607 288.764
1.64038 9.02448 288.991
1.56171 9.047 289.34
1.54766 9.06793 289.694

3.14331 9.0223 288.755
3.00191 9.02635 288.768
2.88859 9.02764 288.754
2.76209 9.03588 288.862
2.63842 9.04334 288.931
2.53358 9.05316 289.104
2.47453 9.06363 289.319

4.0077 9.07924 289.254
3.93406 9.07358 289.127
3.85778 9.06728 288.997
3.75679 9.0657 288.961
3.63646 9.0622 288.872
3.50544 9.05932 288.869
3.4014 9.05934 288.944

4.87208 9.13617 289.754
4.86622 9.1208 289.486
4.82697 9.10692 289.241
4.75149 9.09551 289.059
4.6345 9.08106 288.812
4.47731 9.06547 288.633
4.32826 9.05504 288.568

5.73647 9.19311 290.254
5.79837 9.16803 289.845
5.79616 9.14655 289.484
5.74619 9.12532 289.158
5.63254 9.09992 288.752
5.44917 9.07163 288.398
5.25513 9.05075 288.193

6.60085 9.25005 290.753
6.73053 9.21525 290.204
6.76534 9.18619 289.727
6.74089 9.15513 289.256
6.63058 9.11878 288.693
6.42104 9.07779 288.162
6.182 9.04645 287.818

7.46524 9.30699 291.253
7.66268 9.26248 290.563
7.73453 9.22582 289.97
7.73559 9.18494 289.354
7.62862 9.13764 288.633
7.39291 9.08394 287.927
7.10887 9.04215 287.442

0.518735 9.84922 287.197
0.175938 9.88274 287.637
-0.0464368 9.90694 287.972
-0.246973 9.94488 288.517
-0.377636 9.98521 289.059
-0.399823 10.0334 289.763
-0.320339 10.0753 290.398

1.38312 9.90616 287.696
1.10809 9.92996 287.996
0.922751 9.94658 288.215
0.747726 9.9747 288.615
0.620405 10.0041 288.999
0.572044 10.0396 289.528
0.606529 10.071 290.023

2.24751 9.9631 288.196
2.04025 9.97719 288.355
1.89194 9.98621 288.458
1.74242 10.0045 288.714
1.61845 10.0229 288.94
1.54391 10.0457 289.292
1.5334 10.0667 289.648

3.11189 10.02 288.695
2.9724 10.0244 288.714
2.86113 10.0258 288.701
2.73712 10.0343 288.812
2.61649 10.0418 288.88
2.51578 10.0519 289.057
2.46026 10.0624 289.272

3.97628 10.077 289.195
3.90456 10.0716 289.073
3.83032 10.0655 288.944
3.73182 10.0641 288.911
3.61453 10.0606 288.82
3.48764 10.058 288.822
3.38713 10.0581 288.897

4.84066 10.1339 289.695
4.83671 10.1189 289.432
4.7995 10.1051 289.187
4.72652 10.0939 289.009
4.61257 10.0795 288.761
4.45951 10.0642 288.586
4.314 10.0539 288.522

5.70505 10.1909 290.194
5.76887 10.1661 289.791
5.76869 10.1448 289.43
5.72122 10.1238 289.108
5.61061 10.0984 288.701
5.43137 10.0703 288.351
5.24087 10.0496 288.146

6.56943 10.2478 290.694
6.70103 10.2133 290.15
6.73788 10.1844 289.674
6.71592 10.1536 289.206
6.60865 10.1172 288.641
6.40324 10.0765 288.115
6.16774 10.0453 287.771

7.43382 10.3047 291.193
7.63318 10.2605 290.509
7.70707 10.224 289.917
7.71062 10.1834 289.304
7.60669 10.1361 288.582
7.37511 10.0827 287.88
7.0946 10.041 287.396

0.487315 10.847 287.137
0.146435 10.8808 287.582
-0.0739001 10.9051 287.919
-0.271943 10.9433 288.467
-0.399567 10.9837 289.008
-0.417622 11.0321 289.716
-0.334602 11.0741 290.352

1.3517 10.9039 287.637
1.07859 10.928 287.941
0.895288 10.9448 288.162
0.722756 10.9731 288.565
0.598474 11.0025 288.948
0.554245 11.0383 289.48
0.592266 11.0698 289.976

2.21608 10.9608 288.136
2.01075 10.9753 288.3
1.86448 10.9844 288.405
1.71746 11.0029 288.664
1.59651 11.0214 288.888
1.52611 11.0444 289.245
1.51913 11.0655 289.601

3.08047 11.0178 288.636
2.9429 11.0225 288.659
2.83366 11.0241 288.648
2.71215 11.0328 288.762
2.59456 11.0402 288.829
2.49798 11.0506 289.01
2.446 11.0613 289.226

3.94486 11.0747 289.136
3.87506 11.0697 289.018
3.80285 11.0637 288.891
3.70685 11.0626 288.861
3.5926 11.0591 288.769
3.46984 11.0568 288.774
3.37287 11.057 288.85

4.80924 11.1317 289.635
4.80721 11.1169 289.377
4.77204 11.1033 289.134
4.70155 11.0924 288.959
4.59064 11.0779 288.71
4.44171 11.0629 288.539
4.29974 11.0527 288.475

5.67363 11.1886 290.135
5.73937 11.1642 289.736
5.74123 11.143 289.377
5.69625 11.1222 289.057
5.58868 11.0968 288.65
5.41358 11.0691 288.303
5.22661 11.0484 288.1

6.53801 11.2455 290.634
6.67152 11.2114 290.095
6.71042 11.1826 289.62
6.69095 11.152 289.156
6.58672 11.1157 288.59
6.38544 11.0752 288.068
6.15347 11.0441 287.724

7.4024 11.3025 291.134
7.60368 11.2586 290.454
7.67961 11.2222 289.863
7.68565 11.1818 289.254
7.58476 11.1345 288.531
7.35731 11.0814 287.832
7.08034 11.0398 287.349

0.455894 11.8447 287.078
0.116931 11.8789 287.527
-0.101363 11.9033 287.865
-0.296912 11.9417 288.417
-0.421498 11.9821 288.957
-0.435421 12.0308 289.669
-0.348864 12.073 290.305

1.32028 11.9016 287.578
1.04909 11.9261 287.886
0.867825 11.943 288.108
0.697786 11.9716 288.515
0.576543 12.001 288.897
0.536446 12.037 289.433
0.578003 12.0687 289.93

2.18466 11.9586 288.077
1.98124 11.9733 288.245
1.83701 11.9826 288.351
1.69249 12.0014 288.614
1.57458 12.0198 288.837
1.50831 12.0432 289.198
1.50487 12.0644 289.554

3.04905 12.0155 288.577
2.9134 12.0206 288.604
2.8062 12.0223 288.595
2.68718 12.0312 288.712
2.57262 12.0387 288.778
2.48018 12.0493 288.962
2.43174 12.0601 289.179

3.91343 12.0725 289.076
3.84555 12.0678 288.963
3.77539 12.0619 288.838
3.68188 12.061 288.811
3.57067 12.0575 288.718
3.45204 12.0555 288.727
3.35861 12.0558 288.804

4.77782 12.1294 289.576
4.77771 12.115 289.322
4.74458 12.1015 289.081
4.67658 12.0908 288.909
4.56871 12.0764 288.658
4.42391 12.0616 288.491
4.28547 12.0515 288.428

5.64221 12.1863 290.076
5.70986 12.1622 289.681
5.71377 12.1412 289.324
5.67128 12.1206 289.007
5.56675 12.0953 288.599
5.39578 12.0678 288.256
5.21234 12.0472 288.053

6.50659 12.2433 290.575
6.64202 12.2095 290.04
6.68296 12.1808 289.567
6.66598 12.1504 289.106
6.56479 12.1141 288.539
6.36764 12.0739 288.02
6.13921 12.0429 287.678

7.37098 12.3002 291.075
7.57417 12.2567 290.399
7.65214 12.2204 289.81
7.66068 12.1802 289.204
7.56283 12.133 288.479
7.33951 12.0801 287.785
7.06608 12.0386 287.302

0.424473 12.8424 287.019
0.0874278 12.8769 287.473
-0.128827 12.9015 287.812
-0.321882 12.9402 288.367
-0.443429 12.9805 288.905
-0.45322 13.0296 289.621
-0.363127 13.0718 290.258

1.28886 12.8994 287.518
1.01958 12.9242 287.832
0.840362 12.9412 288.055
0.672817 12.97 288.465
0.554612 12.9994 288.846
0.518647 13.0357 289.386
0.563741 13.0675 289.883

2.15324 12.9563 288.018
1.95174 12.9714 288.191
1.80955 12.9808 288.298
1.66752 12.9998 288.564
1.55265 13.0183 288.786
1.49051 13.0419 289.15
1.49061 13.0632 289.508

3.01763 13.0133 288.517
2.88389 13.0186 288.55
2.77874 13.0205 288.541
2.66221 13.0296 288.662
2.55069 13.0371 288.726
2.46238 13.048 288.915
2.41748 13.0589 289.132

3.88201 13.0702 289.017
3.81605 13.0658 288.909
3.74793 13.0601 288.784
3.65691 13.0594 288.76
3.54873 13.056 288.667
3.43425 13.0542 288.679
3.34434 13.0546 288.757

4.7464 13.1271 289.517
4.7482 13.1131 289.268
4.71711 13.0997 289.028
4.65161 13.0892 288.859
4.54678 13.0748 288.607
4.40611 13.0604 288.444
4.27121 13.0503 288.382

5.61078 13.1841 290.016
5.68036 13.1603 289.627
5.6863 13.1394 289.271
5.64631 13.1191 288.957
5.54482 13.0937 288.547
5.37798 13.0665 288.209
5.19808 13.046 288.006

6.47517 13.241 290.516
6.61251 13.2075 289.986
6.65549 13.179 289.514
6.64101 13.1489 289.056
6.54286 13.1126 288.488
6.34984 13.0727 287.973
6.12495 13.0417 287.631

7.33955 13.298 291.015
7.54467 13.2547 290.345
7.62468 13.2186 289.757
7.63571 13.1787 289.154
7.5409 13.1314 288.428
7.32171 13.0788 287.738
7.05182 13.0374 287.256

0.393053 13.8402 286.959
0.0579242 13.875 287.418
-0.15629 13.8998 287.759
-0.346852 13.9386 288.317
-0.46536 13.979 288.854
-0.471019 14.0283 289.574
-0.37739 14.0706 290.212

1.25744 13.8971 287.459
0.990079 13.9222 287.777
0.812898 13.9394 288.002
0.647847 13.9684 288.415
0.532681 13.9978 288.794
0.500848 14.0344 289.338
0.549478 14.0663 289.836

2.12182 13.9541 287.958
1.92223 13.9695 288.136
1.78209 13.979 288.245
1.64255 13.9982 288.514
1.53072 14.0167 288.735
1.47271 14.0406 289.103
1.47635 14.062 289.461

2.98621 14.011 288.458
2.85439 14.0167 288.495
2.75128 14.0187 288.488
2.63724 14.0281 288.612
2.52876 14.0356 288.675
2.44458 14.0468 288.868
2.40321 14.0577 289.086

3.85059 14.0679 288.958
3.78655 14.0639 288.854
3.72046 14.0583 288.731
3.63194 14.0579 288.71
3.5268 14.0544 288.615
3.41645 14.0529 288.632
3.33008 14.0534 288.71

4.71498 14.1249 289.457
4.7187 14.1111 289.213
4.68965 14.0979 288.974
4.62664 14.0877 288.809
4.52484 14.0733 288.556
4.38831 14.0591 288.397
4.25695 14.0491 288.335

5.57936 14.1818 289.957
5.65086 14.1584 289.572
5.65884 14.1376 289.217
5.62134 14.1175 288.907
5.52289 14.0921 288.496
5.36018 14.0652 288.161
5.18382 14.0448 287.96

6.44375 14.2388 290.456
6.58301 14.2056 289.931
6.62803 14.1772 289.461
6.61604 14.1473 289.006
6.52093 14.111 288.436
6.33204 14.0714 287.926
6.11068 14.0405 287.584

7.30813 14.2957 290.956
7.51517 14.2528 290.29
7.59722 14.2168 289.704
7.61074 14.1771 289.104
7.51897 14.1299 288.377
7.30391 14.0775 287.69
7.03755 14.0362 287.209

0.361632 14.8379 286.9
0.0284207 14.8731 287.363
-0.183753 14.898 287.705
-0.371822 14.937 288.267
-0.487291 14.9774 288.803
-0.488818 15.027 289.527
-0.391653 15.0694 290.165

1.22602 14.8949 287.399
0.960576 14.9203 287.722
0.785435 14.9376 287.949
0.622877 14.9669 288.365
0.51075 14.9963 288.743
0.483049 15.0332 289.291
0.535215 15.0651 289.79

2.0904 14.9518 287.899
1.89273 14.9675 288.081
1.75462 14.9772 288.192
1.61758 14.9967 288.464
1.50879 15.0151 288.683
1.45491 15.0393 289.056
1.46208 15.0608 289.414

2.95479 15.0088 288.399
2.82489 15.0148 288.44
2.72381 15.0169 288.435
2.61228 15.0265 288.562
2.50683 15.034 288.624
2.42678 15.0455 288.82
2.38895 15.0565 289.039

3.81917 15.0657 288.898
3.75704 15.062 288.799
3.693 15.0565 288.678
3.60697 15.0563 288.66
3.50487 15.0529 288.564
3.39865 15.0516 288.585
3.31582 15.0522 288.664

4.68356 15.1226 289.398
4.6892 15.1092 289.158
4.66219 15.0961 288.921
4.60167 15.0861 288.759
4.50291 15.0717 288.504
4.37051 15.0578 288.349
4.24269 15.0479 288.288

5.54794 15.1796 289.897
5.62135 15.1564 289.517
5.63138 15.1358 289.164
5.59637 15.1159 288.857
5.50095 15.0906 288.445
5.34238 15.0639 288.114
5.16955 15.0436 287.913

6.41233 15.2365 290.397
6.55351 15.2037 289.876
6.60057 15.1754 289.407
6.59107 15.1457 288.956
6.499 15.1094 288.385
6.31425 15.0701 287.878
6.09642 15.0393 287.538

7.27671 15.2934 290.897
7.48566 15.2509 290.235
7.56975 15.215 289.65
7.58577 15.1755 289.054
7.49704 15.1283 288.326
7.28611 15.0763 287.643
7.02329 15.035 287.162

0.330212 15.8357 286.841
-0.00108286 15.8711 287.309
-0.211216 15.8962 287.652
-0.396791 15.9355 288.217
-0.509221 15.9759 288.751
-0.506617 16.0257 289.479
-0.405916 16.0682 290.119

1.1946 15.8926 287.34
0.931072 15.9184 287.668
0.757972 15.9358 287.895
0.597908 15.9653 288.315
0.488819 15.9947 288.692
0.46525 16.0319 289.244
0.520952 16.0639 289.743

2.05898 15.9496 287.84
1.86323 15.9656 288.027
1.72716 15.9754 288.138
1.59261 15.9951 288.413
1.48686 16.0136 288.632
1.43712 16.038 289.008
1.44782 16.0596 289.368

2.92337 16.0065 288.339
2.79538 16.0128 288.386
2.69635 16.0151 288.382
2.58731 16.0249 288.512
2.4849 16.0325 288.573
2.40898 16.0442 288.773
2.37469 16.0553 288.992

3.78775 16.0634 288.839
3.72754 16.06 288.745
3.66554 16.0547 288.625
3.582 16.0547 288.61
3.48294 16.0513 288.513
3.38085 16.0504 288.537
3.30156 16.051 288.617

4.65214 16.1204 289.339
4.65969 16.1073 289.104
4.63473 16.0943 288.868
4.5767 16.0845 288.709
4.48098 16.0702 288.453
4.35271 16.0565 288.302
4.22842 16.0467 288.242

5.51652 16.1773 289.838
5.59185 16.1545 289.462
5.60391 16.134 289.111
5.5714 16.1144 288.807
5.47902 16.089 288.394
5.32458 16.0627 288.066
5.15529 16.0424 287.866

6.38091 16.2343 290.338
6.524 16.2017 289.821
6.5731 16.1736 289.354
6.5661 16.1442 288.906
6.47706 16.1079 288.334
6.29645 16.0688 287.831
6.08216 16.0381 287.491

7.24529 16.2912 290.837
7.45616 16.249 290.18
7.54229 16.2132 289.597
7.5608 16.174 289.004
7.47511 16.1267 288.274
7.26831 16.075 287.596
7.00903 16.0338 287.116

