-2.05935 -9.52725 297.912
-2.95774 -9.52623 298.396
-3.75997 -9.52408 299.098
-4.42166 -9.50358 299.593
-4.77842 -9.5158 300.665
-5.13626 -9.50457 301.482
-5.3275 -9.49341 302.333
-5.41375 -9.48049 303.409
-5.34203 -9.4669 304.37
-5.1974 -9.45676 305.183

-1.23927 -9.52983 298.484
-2.04968 -9.53071 298.815
-2.7916 -9.53054 299.348
-3.42203 -9.51146 299.619
-3.78113 -9.52601 300.592
-4.15994 -9.51744 301.266
-4.38895 -9.50852 301.988
-4.54734 -9.49846 302.91
-4.56115 -9.48728 303.746
-4.49455 -9.47908 304.472

-0.41919 -9.5324 299.057
-1.14163 -9.53518 299.234
-1.82324 -9.53701 299.597
-2.4224 -9.51934 299.645
-2.78384 -9.53622 300.519
-3.18362 -9.53031 301.05
-3.4504 -9.52363 301.643
-3.68093 -9.51643 302.411
-3.78026 -9.50765 303.122
-3.7917 -9.5014 303.761

0.400888 -9.53498 299.629
-0.233573 -9.53965 299.653
-0.854869 -9.54348 299.847
-1.42278 -9.52722 299.671
-1.78654 -9.54643 300.447
-2.20731 -9.54318 300.834
-2.51186 -9.53874 301.298
-2.81453 -9.5344 301.912
-2.99938 -9.52803 302.497
-3.08885 -9.52372 303.05

1.22097 -9.53756 300.201
0.674481 -9.54412 300.071
0.113497 -9.54994 300.096
-0.423149 -9.5351 299.698
-0.78925 -9.55665 300.374
-1.23099 -9.55605 300.618
-1.57331 -9.55385 300.953
-1.94812 -9.55237 301.413
-2.21849 -9.5484 301.873
-2.386 -9.54603 302.34

2.04104 -9.54014 300.773
1.58254 -9.5486 300.49
1.08186 -9.55641 300.345
0.576479 -9.54298 299.724
0.208043 -9.56686 300.301
-0.254673 -9.56892 300.402
-0.634762 -9.56895 300.609
-1.08171 -9.57034 300.914
-1.43761 -9.56878 301.249
-1.68314 -9.56835 301.629

2.86112 -9.54271 301.346
2.49059 -9.55307 300.909
2.05023 -9.56287 300.595
1.57611 -9.55087 299.75
1.20534 -9.57707 300.228
0.721643 -9.5818 300.186
0.303786 -9.58406 300.264
-0.215306 -9.58831 300.415
-0.656721 -9.58915 300.624
-0.980294 -9.59067 300.918

3.6812 -9.54529 301.918
3.39864 -9.55754 301.328
3.0186 -9.56934 300.844
2.57573 -9.55875 299.776
2.20263 -9.58728 300.155
1.69796 -9.59467 299.97
1.24233 -9.59917 299.919
0.651101 -9.60628 299.916
0.124165 -9.60952 300
-0.277443 -9.61299 300.207

4.50128 -9.54787 302.49
4.3067 -9.56201 301.747
3.98696 -9.57581 301.094
3.57536 -9.56663 299.802
3.19992 -9.59749 300.082
2.67428 -9.60754 299.754
2.18088 -9.61428 299.574
1.51751 -9.62426 299.417
0.90505 -9.6299 299.376
0.425407 -9.63531 299.496

-2.05321 -8.52728 297.908
-2.95026 -8.52628 298.391
-3.75131 -8.52414 299.09
-4.41234 -8.50516 299.538
-4.76893 -8.5159 300.655
-5.12689 -8.50476 301.465
-5.31855 -8.49364 302.313
-5.40564 -8.48076 303.388
-5.33521 -8.46722 304.346
-5.19155 -8.45711 305.158

-1.23314 -8.52985 298.48
-2.04221 -8.53075 298.809
-2.78294 -8.53061 299.34
-3.41271 -8.51304 299.564
-3.77164 -8.52611 300.582
-4.15057 -8.51763 301.249
-4.38 -8.50875 301.968
-4.53923 -8.49873 302.889
-4.55432 -8.48759 303.722
-4.4887 -8.47943 304.447

-0.413059 -8.53243 299.052
-1.13415 -8.53522 299.228
-1.81457 -8.53708 299.589
-2.41308 -8.52092 299.59
-2.77435 -8.53632 300.509
-3.17426 -8.5305 301.033
-3.44146 -8.52386 301.624
-3.67282 -8.5167 302.39
-3.77344 -8.50797 303.097
-3.78585 -8.50174 303.736

0.407019 -8.53501 299.625
-0.226097 -8.53969 299.647
-0.846208 -8.54354 299.839
-1.41346 -8.52881 299.616
-1.77705 -8.54653 300.436
-2.19794 -8.54337 300.817
-2.50291 -8.53897 301.279
-2.80642 -8.53468 301.891
-2.99255 -8.52834 302.473
-3.08299 -8.52406 303.025

1.2271 -8.53759 300.197
0.681958 -8.54417 300.066
0.122159 -8.55001 300.088
-0.413828 -8.53669 299.642
-0.77976 -8.55674 300.363
-1.22162 -8.55625 300.601
-1.56436 -8.55408 300.934
-1.94001 -8.55265 301.391
-2.21167 -8.54871 301.849
-2.38014 -8.54638 302.314

2.04717 -8.54016 300.769
1.59001 -8.54864 300.485
1.09053 -8.55648 300.338
0.5858 -8.54457 299.668
0.217533 -8.56695 300.291
-0.245306 -8.56912 300.385
-0.625814 -8.56918 300.589
-1.0736 -8.57062 300.892
-1.43078 -8.56909 301.224
-1.67729 -8.5687 301.603

2.86725 -8.54274 301.341
2.49807 -8.55311 300.904
2.05889 -8.56294 300.587
1.58543 -8.55245 299.694
1.21483 -8.57716 300.218
0.731011 -8.58199 300.169
0.312734 -8.58429 300.244
-0.207194 -8.58859 300.393
-0.649896 -8.58946 300.6
-0.974443 -8.59101 300.892

3.68733 -8.54532 301.914
3.40612 -8.55758 301.322
3.02726 -8.56941 300.837
2.58506 -8.56033 299.72
2.21212 -8.58737 300.145
1.70733 -8.59486 299.953
1.25128 -8.5994 299.9
0.659214 -8.60656 299.894
0.13099 -8.60984 299.976
-0.271592 -8.61333 300.181

4.50741 -8.54789 302.486
4.31418 -8.56206 301.741
3.99563 -8.57587 301.086
3.58468 -8.56821 299.747
3.20941 -8.59758 300.072
2.68364 -8.60773 299.737
2.18983 -8.61451 299.555
1.52562 -8.62453 299.395
0.911875 -8.63021 299.351
0.431258 -8.63565 299.47

-2.04708 -7.52731 297.904
-2.94278 -7.52632 298.385
-3.74265 -7.52421 299.083
-4.40302 -7.50674 299.482
-4.75944 -7.516 300.645
-5.11752 -7.50495 301.447
-5.3096 -7.49387 302.294
-5.39752 -7.48104 303.366
-5.32838 -7.46753 304.322
-5.1857 -7.45745 305.132

-1.22701 -7.52988 298.476
-2.03473 -7.53079 298.804
-2.77428 -7.53068 299.332
-3.40339 -7.51463 299.508
-3.76215 -7.52621 300.572
-4.14121 -7.51782 301.232
-4.37106 -7.50898 301.949
-4.53112 -7.49901 302.867
-4.5475 -7.4879 303.698
-4.48285 -7.47977 304.421

-0.406928 -7.53246 299.048
-1.12667 -7.53527 299.223
-1.80591 -7.53714 299.582
-2.40376 -7.52251 299.534
-2.76486 -7.53642 300.499
-3.16489 -7.53069 301.016
-3.43251 -7.52409 301.604
-3.66471 -7.51698 302.368
-3.76661 -7.50828 303.073
-3.77999 -7.50209 303.71

0.41315 -7.53504 299.62
-0.21862 -7.53974 299.641
-0.837546 -7.54361 299.831
-1.40413 -7.53039 299.56
-1.76756 -7.54663 300.426
-2.18857 -7.54357 300.8
-2.49396 -7.5392 301.259
-2.7983 -7.53495 301.869
-2.98573 -7.52865 302.449
-3.07714 -7.52441 302.999

1.23323 -7.53761 300.193
0.689434 -7.54421 300.06
0.130821 -7.55008 300.081
-0.404506 -7.53827 299.587
-0.77027 -7.55684 300.353
-1.21226 -7.55644 300.584
-1.55541 -7.5543 300.914
-1.9319 -7.55292 301.37
-2.20484 -7.54903 301.825
-2.37429 -7.54672 302.288

2.05331 -7.54019 300.765
1.59749 -7.54868 300.479
1.09919 -7.55654 300.33
0.595122 -7.54615 299.613
0.227023 -7.56705 300.28
-0.235939 -7.56931 300.368
-0.616865 -7.56941 300.57
-1.06549 -7.57089 300.871
-1.42396 -7.5694 301.2
-1.67144 -7.56904 301.577

2.87338 -7.54277 301.337
2.50554 -7.55315 300.898
2.06755 -7.56301 300.579
1.59475 -7.55403 299.639
1.22432 -7.57726 300.208
0.740378 -7.58218 300.152
0.321682 -7.58452 300.225
-0.199082 -7.58886 300.372
-0.643071 -7.58978 300.576
-0.968592 -7.59136 300.866

3.69346 -7.54535 301.909
3.4136 -7.55763 301.317
3.03592 -7.56948 300.829
2.59438 -7.56191 299.665
2.22161 -7.58747 300.135
1.71669 -7.59505 299.936
1.26023 -7.59963 299.88
0.667326 -7.60683 299.873
0.137814 -7.61015 299.952
-0.265741 -7.61368 300.155

4.51354 -7.54792 302.482
4.32165 -7.5621 301.736
4.00429 -7.57594 301.078
3.594 -7.5698 299.691
3.2189 -7.59768 300.062
2.69301 -7.60793 299.72
2.19878 -7.61474 299.535
1.53373 -7.6248 299.374
0.9187 -7.63053 299.327
0.437109 -7.636 299.444

-2.04095 -6.52733 297.899
-2.93531 -6.52636 298.379
-3.73398 -6.52428 299.075
-4.3937 -6.50833 299.427
-4.74995 -6.5161 300.634
-5.10816 -6.50514 301.43
-5.30065 -6.4941 302.274
-5.38941 -6.48131 303.344
-5.32156 -6.46784 304.298
-5.17984 -6.4578 305.107

-1.22088 -6.52991 298.472
-2.02725 -6.53084 298.798
-2.76562 -6.53075 299.325
-3.39407 -6.51621 299.453
-3.75266 -6.52631 300.561
-4.13184 -6.51802 301.214
-4.36211 -6.50921 301.93
-4.52301 -6.49928 302.845
-4.54067 -6.48822 303.674
-4.47699 -6.48011 304.396

-0.400797 -6.53249 299.044
-1.1192 -6.53531 299.217
-1.79725 -6.53721 299.574
-2.39444 -6.52409 299.479
-2.75537 -6.53652 300.489
-3.15552 -6.53089 300.998
-3.42356 -6.52432 301.585
-3.6566 -6.51725 302.346
-3.75979 -6.50859 303.049
-3.77414 -6.50243 303.685

0.41928 -6.53507 299.616
-0.211144 -6.53978 299.636
-0.828884 -6.54368 299.823
-1.39481 -6.53197 299.505
-1.75807 -6.54673 300.416
-2.1792 -6.54376 300.782
-2.48501 -6.53943 301.24
-2.79019 -6.53522 301.847
-2.9789 -6.52897 302.425
-3.07129 -6.52475 302.974

1.23936 -6.53764 300.188
0.696911 -6.54425 300.055
0.139483 -6.55014 300.073
-0.395184 -6.53985 299.531
-0.760779 -6.55694 300.343
-1.20289 -6.55663 300.566
-1.54646 -6.55453 300.895
-1.92378 -6.55319 301.348
-2.19802 -6.54934 301.801
-2.36844 -6.54707 302.263

2.05944 -6.54022 300.761
1.60496 -6.54873 300.474
1.10785 -6.55661 300.322
0.604443 -6.54774 299.557
0.236514 -6.56715 300.27
-0.226571 -6.5695 300.35
-0.607917 -6.56964 300.55
-1.05738 -6.57116 300.849
-1.41713 -6.56972 301.176
-1.66559 -6.56939 301.552

2.87951 -6.5428 301.333
2.51302 -6.5532 300.892
2.07622 -6.56308 300.572
1.60407 -6.55562 299.583
1.23381 -6.57736 300.197
0.749745 -6.58237 300.134
0.330631 -6.58475 300.205
-0.190969 -6.58913 300.35
-0.636247 -6.59009 300.552
-0.962741 -6.5917 300.841

3.69959 -6.54537 301.905
3.42107 -6.55767 301.311
3.04458 -6.56954 300.821
2.6037 -6.5635 299.609
2.2311 -6.58757 300.125
1.72606 -6.59525 299.919
1.26918 -6.59986 299.861
0.675438 -6.6071 299.851
0.144639 -6.61047 299.928
-0.25989 -6.61402 300.13

4.51967 -6.54795 302.477
4.32913 -6.56214 301.73
4.01295 -6.57601 301.071
3.60333 -6.57138 299.636
3.22839 -6.59778 300.052
2.70238 -6.60812 299.703
2.20773 -6.61497 299.516
1.54184 -6.62507 299.352
0.925524 -6.63084 299.303
0.44296 -6.63634 299.419

-2.03482 -5.52736 297.895
-2.92783 -5.52641 298.374
-3.72532 -5.52435 299.067
-4.38437 -5.50991 299.371
-4.74046 -5.51619 300.624
-5.09879 -5.50534 301.413
-5.29171 -5.49433 302.255
-5.3813 -5.48158 303.322
-5.31473 -5.46816 304.274
-5.17399 -5.45814 305.081

-1.21474 -5.52994 298.467
-2.01978 -5.53088 298.793
-2.75696 -5.53081 299.317
-3.38475 -5.51779 299.397
-3.74317 -5.5264 300.551
-4.12247 -5.51821 301.197
-4.35316 -5.50944 301.91
-4.51489 -5.49955 302.823
-4.53385 -5.48853 303.65
-4.47114 -5.48046 304.37

-0.394667 -5.53252 299.04
-1.11172 -5.53535 299.212
-1.78859 -5.53728 299.566
-2.38512 -5.52567 299.423
-2.74588 -5.53661 300.478
-3.14615 -5.53108 300.981
-3.41461 -5.52455 301.565
-3.64849 -5.51752 302.324
-3.75296 -5.50891 303.025
-3.76829 -5.50278 303.659

0.425411 -5.53509 299.612
-0.203667 -5.53982 299.63
-0.820222 -5.54374 299.816
-1.38549 -5.53356 299.449
-1.74858 -5.54682 300.406
-2.16984 -5.54395 300.765
-2.47606 -5.53965 301.22
-2.78208 -5.53549 301.825
-2.97208 -5.52928 302.401
-3.06544 -5.5251 302.948

1.24549 -5.53767 300.184
0.704387 -5.5443 300.049
0.148144 -5.55021 300.065
-0.385863 -5.54144 299.476
-0.751289 -5.55703 300.333
-1.19352 -5.55682 300.549
-1.53752 -5.55476 300.876
-1.91567 -5.55347 301.326
-2.19119 -5.54965 301.777
-2.36259 -5.54741 302.237

2.06557 -5.54025 300.756
1.61244 -5.54877 300.468
1.11651 -5.55668 300.315
0.613765 -5.54932 299.502
0.246004 -5.56724 300.26
-0.217204 -5.56969 300.333
-0.598969 -5.56987 300.531
-1.04926 -5.57144 300.827
-1.41031 -5.57003 301.152
-1.65974 -5.56973 301.526

2.88564 -5.54282 301.329
2.5205 -5.55324 300.887
2.08488 -5.56314 300.564
1.61339 -5.5572 299.528
1.2433 -5.57746 300.187
0.759113 -5.58257 300.117
0.339579 -5.58498 300.186
-0.182857 -5.58941 300.328
-0.629422 -5.5904 300.528
-0.95689 -5.59205 300.815

3.70572 -5.5454 301.901
3.42855 -5.55771 301.306
3.05324 -5.56961 300.814
2.61302 -5.56508 299.554
2.24059 -5.58767 300.114
1.73543 -5.59544 299.901
1.27813 -5.60009 299.841
0.68355 -5.60738 299.829
0.151464 -5.61078 299.904
-0.254039 -5.61437 300.104

4.5258 -5.54798 302.473
4.3366 -5.56219 301.725
4.02161 -5.57608 301.063
3.61265 -5.57296 299.58
3.23788 -5.59788 300.042
2.71175 -5.60831 299.685
2.21667 -5.6152 299.496
1.54996 -5.62535 299.33
0.932349 -5.63115 299.279
0.448812 -5.63669 299.393

-2.02869 -4.52739 297.891
-2.92035 -4.52645 298.368
-3.71666 -4.52441 299.06
-4.37505 -4.5115 299.316
-4.73097 -4.51629 300.614
-5.08942 -4.50553 301.396
-5.28276 -4.49456 302.235
-5.37319 -4.48186 303.3
-5.30791 -4.46847 304.25
-5.16814 -4.45849 305.055

-1.20861 -4.52997 298.463
-2.0123 -4.53092 298.787
-2.74829 -4.53088 299.309
-3.37542 -4.51938 299.342
-3.73368 -4.5265 300.541
-4.1131 -4.5184 301.18
-4.34421 -4.50967 301.891
-4.50678 -4.49983 302.801
-4.52702 -4.48884 303.625
-4.46529 -4.4808 304.344

-0.388536 -4.53254 299.035
-1.10425 -4.5354 299.206
-1.77993 -4.53735 299.559
-2.3758 -4.52726 299.368
-2.73639 -4.53671 300.468
-3.13679 -4.53127 300.964
-3.40566 -4.52478 301.546
-3.64037 -4.5178 302.302
-3.74614 -4.50922 303.001
-3.76244 -4.50312 303.633

0.431542 -4.53512 299.608
-0.196191 -4.53987 299.625
-0.81156 -4.54381 299.808
-1.37617 -4.53514 299.394
-1.73909 -4.54692 300.395
-2.16047 -4.54414 300.748
-2.46712 -4.53988 301.201
-2.77397 -4.53577 301.803
-2.96525 -4.52959 302.377
-3.05959 -4.52544 302.923

1.25162 -4.5377 300.18
0.711863 -4.54434 300.044
0.156806 -4.55028 300.057
-0.376541 -4.54302 299.42
-0.741799 -4.55713 300.323
-1.18415 -4.55702 300.532
-1.52857 -4.55499 300.856
-1.90756 -4.55374 301.304
-2.18437 -4.54997 301.752
-2.35674 -4.54776 302.212

2.0717 -4.54028 300.752
1.61992 -4.54881 300.463
1.12517 -4.55674 300.307
0.623086 -4.5509 299.446
0.255494 -4.56734 300.25
-0.207837 -4.56989 300.316
-0.59002 -4.5701 300.511
-1.04115 -4.57171 300.805
-1.40348 -4.57034 301.128
-1.65389 -4.57008 301.501

2.89178 -4.54285 301.324
2.52797 -4.55328 300.881
2.09354 -4.56321 300.556
1.62271 -4.55878 299.472
1.25279 -4.57755 300.177
0.76848 -4.58276 300.1
0.348527 -4.58521 300.167
-0.174745 -4.58968 300.306
-0.622597 -4.59072 300.504
-0.951039 -4.59239 300.79

3.71185 -4.54543 301.896
3.43603 -4.55776 301.3
3.06191 -4.56968 300.806
2.62234 -4.56667 299.499
2.25008 -4.58776 300.104
1.7448 -4.59563 299.884
1.28707 -4.60032 299.822
0.691662 -4.60765 299.807
0.158288 -4.61109 299.879
-0.248188 -4.61471 300.079

4.53193 -4.54801 302.469
4.34408 -4.56223 301.719
4.03027 -4.57614 301.055
3.62197 -4.57455 299.525
3.24737 -4.59797 300.031
2.72111 -4.6085 299.668
2.22562 -4.61543 299.477
1.55807 -4.62562 299.308
0.939174 -4.63147 299.255
0.454663 -4.63703 299.368

-2.02256 -3.52742 297.886
-2.91288 -3.52649 298.363
-3.708 -3.52448 299.052
-4.36573 -3.51308 299.26
-4.72148 -3.51639 300.604
-5.08005 -3.50572 301.379
-5.27381 -3.49479 302.216
-5.36508 -3.48213 303.278
-5.30108 -3.46878 304.226
-5.16229 -3.45883 305.03

-1.20248 -3.52999 298.459
-2.00482 -3.53097 298.782
-2.73963 -3.53095 299.301
-3.3661 -3.52096 299.286
-3.72419 -3.5266 300.531
-4.10374 -3.51859 301.163
-4.33526 -3.5099 301.871
-4.49867 -3.5001 302.779
-4.5202 -3.48916 303.601
-4.45944 -3.48115 304.319

-0.382405 -3.53257 299.031
-1.09677 -3.53544 299.201
-1.77126 -3.53741 299.551
-2.36648 -3.52884 299.312
-2.72689 -3.53681 300.458
-3.12742 -3.53147 300.947
-3.39671 -3.525 301.526
-3.63226 -3.51807 302.28
-3.73931 -3.50953 302.977
-3.75659 -3.50347 303.608

0.437673 -3.53515 299.603
-0.188715 -3.53991 299.619
-0.802898 -3.54388 299.8
-1.36685 -3.53672 299.339
-1.7296 -3.54702 300.385
-2.1511 -3.54434 300.731
-2.45817 -3.54011 301.182
-2.76585 -3.53604 301.781
-2.95843 -3.52991 302.353
-3.05374 -3.52578 302.897

1.25775 -3.53773 300.175
0.71934 -3.54438 300.038
0.165468 -3.55035 300.05
-0.36722 -3.54461 299.365
-0.732309 -3.55723 300.312
-1.17479 -3.55721 300.515
-1.51962 -3.55522 300.837
-1.89945 -3.55401 301.282
-2.17754 -3.55028 301.728
-2.35089 -3.5481 302.186

2.07783 -3.5403 300.748
1.62739 -3.54886 300.457
1.13383 -3.55681 300.299
0.632408 -3.55249 299.391
0.264984 -3.56744 300.24
-0.198469 -3.57008 300.299
-0.581072 -3.57033 300.492
-1.03304 -3.57198 300.783
-1.39666 -3.57066 301.104
-1.64804 -3.57042 301.475

2.89791 -3.54288 301.32
2.53545 -3.55333 300.876
2.1022 -3.56328 300.549
1.63204 -3.56037 299.417
1.26228 -3.57765 300.167
0.777847 -3.58295 300.083
0.357476 -3.58544 300.147
-0.166633 -3.58995 300.284
-0.615772 -3.59103 300.48
-0.945188 -3.59274 300.764

3.71798 -3.54546 301.892
3.4435 -3.5578 301.295
3.07057 -3.56974 300.798
2.63166 -3.56825 299.443
2.25957 -3.58786 300.094
1.75416 -3.59582 299.867
1.29602 -3.60055 299.802
0.699774 -3.60792 299.785
0.165113 -3.61141 299.855
-0.242337 -3.61506 300.053

4.53806 -3.54803 302.464
4.35156 -3.56227 301.714
4.03893 -3.57621 301.048
3.63129 -3.57613 299.469
3.25686 -3.59807 300.021
2.73048 -3.6087 299.651
2.23457 -3.61566 299.457
1.56618 -3.62589 299.286
0.945998 -3.63178 299.231
0.460514 -3.63737 299.342

-2.01643 -2.52745 297.882
-2.9054 -2.52654 298.357
-3.69934 -2.52455 299.044
-4.35641 -2.51466 299.205
-4.71199 -2.51649 300.593
-5.07069 -2.50591 301.361
-5.26486 -2.49502 302.197
-5.35696 -2.4824 303.256
-5.29426 -2.4691 304.202
-5.15644 -2.45918 305.004

-1.19635 -2.53002 298.454
-1.99735 -2.53101 298.776
-2.73097 -2.53101 299.294
-3.35678 -2.52254 299.231
-3.7147 -2.5267 300.521
-4.09437 -2.51879 301.145
-4.32631 -2.51013 301.852
-4.49056 -2.50037 302.757
-4.51338 -2.48947 303.577
-4.45359 -2.48149 304.293

-0.376275 -2.5326 299.027
-1.08929 -2.53548 299.195
-1.7626 -2.53748 299.543
-2.35715 -2.53043 299.257
-2.7174 -2.53691 300.448
-3.11805 -2.53166 300.929
-3.38777 -2.52523 301.507
-3.62415 -2.51834 302.258
-3.73249 -2.50985 302.953
-3.75074 -2.50381 303.582

0.443803 -2.53518 299.599
-0.181238 -2.53995 299.614
-0.794237 -2.54395 299.793
-1.35753 -2.53831 299.283
-1.72011 -2.54712 300.375
-2.14174 -2.54453 300.713
-2.44922 -2.54034 301.162
-2.75774 -2.53631 301.759
-2.9516 -2.53022 302.329
-3.04789 -2.52613 302.871

1.26388 -2.53775 300.171
0.726816 -2.54443 300.033
0.17413 -2.55041 300.042
-0.357898 -2.54619 299.309
-0.722819 -2.55733 300.302
-1.16542 -2.5574 300.497
-1.51067 -2.55545 300.817
-1.89134 -2.55428 301.26
-2.17072 -2.5506 301.704
-2.34504 -2.54845 302.16

2.08396 -2.54033 300.743
1.63487 -2.5489 300.451
1.1425 -2.55688 300.291
0.64173 -2.55407 299.335
0.274474 -2.56754 300.229
-0.189102 -2.57027 300.281
-0.572124 -2.57056 300.472
-1.02493 -2.57226 300.761
-1.38983 -2.57097 301.08
-1.64219 -2.57077 301.449

2.90404 -2.54291 301.316
2.54292 -2.55337 300.87
2.11086 -2.56334 300.541
1.64136 -2.56195 299.361
1.27177 -2.57775 300.156
0.787215 -2.58314 300.065
0.366424 -2.58567 300.128
-0.158521 -2.59023 300.262
-0.608948 -2.59134 300.456
-0.939337 -2.59308 300.738

3.72411 -2.54549 301.888
3.45098 -2.55784 301.289
3.07923 -2.56981 300.79
2.64099 -2.56983 299.388
2.26906 -2.58796 300.084
1.76353 -2.59602 299.85
1.30497 -2.60078 299.783
0.707886 -2.6082 299.763
0.171938 -2.61172 299.831
-0.236486 -2.6154 300.027

4.54419 -2.54806 302.46
4.35903 -2.56232 301.708
4.0476 -2.57628 301.04
3.64061 -2.57771 299.414
3.26635 -2.59817 300.011
2.73985 -2.60889 299.634
2.24352 -2.61588 299.438
1.57429 -2.62617 299.264
0.952823 -2.63209 299.207
0.466365 -2.63772 299.316

-2.0103 -1.52747 297.878
-2.89792 -1.52658 298.352
-3.69067 -1.52461 299.037
-4.34709 -1.51625 299.149
-4.7025 -1.51658 300.583
-5.06132 -1.50611 301.344
-5.25591 -1.49525 302.177
-5.34885 -1.48268 303.234
-5.28744 -1.46941 304.178
-5.15059 -1.45952 304.979

-1.19022 -1.53005 298.45
-1.98987 -1.53105 298.771
-2.72231 -1.53108 299.286
-3.34746 -1.52413 299.175
-3.70521 -1.52679 300.51
-4.085 -1.51898 301.128
-4.31737 -1.51035 301.832
-4.48244 -1.50065 302.735
-4.50655 -1.48978 303.553
-4.44774 -1.48184 304.268

-0.370144 -1.53263 299.022
-1.08182 -1.53553 299.189
-1.75394 -1.53755 299.535
-2.34783 -1.53201 299.201
-2.70791 -1.537 300.438
-3.10869 -1.53185 300.912
-3.37882 -1.52546 301.487
-3.61604 -1.51862 302.236
-3.72566 -1.51016 302.929
-3.74489 -1.50416 303.557

0.449934 -1.53521 299.595
-0.173762 -1.54 299.608
-0.785575 -1.54401 299.785
-1.3482 -1.53989 299.228
-1.71062 -1.54721 300.365
-2.13237 -1.54472 300.696
-2.44027 -1.54057 301.143
-2.74963 -1.53659 301.737
-2.94478 -1.53053 302.305
-3.04204 -1.52647 302.846

1.27001 -1.53778 300.167
0.734293 -1.54447 300.027
0.182792 -1.55048 300.034
-0.348577 -1.54777 299.254
-0.713329 -1.55742 300.292
-1.15605 -1.55759 300.48
-1.50172 -1.55568 300.798
-1.88322 -1.55456 301.238
-2.16389 -1.55091 301.68
-2.33919 -1.54879 302.135

2.09009 -1.54036 300.739
1.64235 -1.54894 300.446
1.15116 -1.55695 300.284
0.651051 -1.55565 299.28
0.283964 -1.56763 300.219
-0.179735 -1.57047 300.264
-0.563175 -1.57079 300.453
-1.01682 -1.57253 300.739
-1.38301 -1.57128 301.056
-1.63634 -1.57111 301.424

2.91017 -1.54294 301.311
2.5504 -1.55341 300.865
2.11952 -1.56341 300.533
1.65068 -1.56354 299.306
1.28126 -1.57784 300.146
0.796582 -1.58334 300.048
0.375372 -1.5859 300.108
-0.150409 -1.5905 300.24
-0.602123 -1.59166 300.431
-0.933485 -1.59343 300.713

3.73025 -1.54551 301.884
3.45846 -1.55789 301.284
3.08789 -1.56988 300.783
2.65031 -1.57142 299.332
2.27855 -1.58805 300.073
1.7729 -1.59621 299.832
1.31392 -1.60101 299.763
0.715998 -1.60847 299.741
0.178762 -1.61203 299.807
-0.230635 -1.61575 300.002

4.55032 -1.54809 302.456
4.36651 -1.56236 301.702
4.05626 -1.57634 301.032
3.64993 -1.5793 299.358
3.27584 -1.59826 300.001
2.74922 -1.60908 299.616
2.25247 -1.61611 299.419
1.5824 -1.62644 299.242
0.959648 -1.63241 299.183
0.472216 -1.63806 299.291

