1.62788 -3.89664 261.595
1.00671 -3.90879 261.93
0.616599 -3.91995 262.145
0.147552 -3.93565 262.668
-0.207329 -3.9537 263.198
-0.410339 -3.96672 263.642
-0.571732 -3.9801 264.024
-0.656517 -3.99728 264.789
-0.628358 -4.01755 265.585
-0.484431 -4.03353 266.247
-0.282953 -4.0444 266.769
0.0254304 -4.05664 267.325

2.2462 -3.89089 262.381
1.75595 -3.89854 262.592
1.43942 -3.90594 262.713
1.05748 -3.9167 263.082
0.759521 -3.92965 263.452
0.581091 -3.93889 263.77
0.427659 -3.94803 264.01
0.328352 -3.96073 264.619
0.304169 -3.9757 265.226
0.374255 -3.98766 265.736
0.494693 -3.99558 266.142
0.694218 -4.00509 266.583

2.86453 -3.88515 263.167
2.50519 -3.88829 263.254
2.26224 -3.89193 263.282
1.96741 -3.89775 263.497
1.72637 -3.90559 263.706
1.57252 -3.91107 263.897
1.42705 -3.91597 263.996
1.31322 -3.92418 264.45
1.2367 -3.93385 264.868
1.23294 -3.9418 265.226
1.27234 -3.94677 265.516
1.36301 -3.95354 265.841

3.48285 -3.8794 263.953
3.25443 -3.87804 263.916
3.08506 -3.87793 263.85
2.87734 -3.87879 263.911
2.69322 -3.88154 263.961
2.56395 -3.88324 264.025
2.42644 -3.8839 263.982
2.29809 -3.88763 264.28
2.16922 -3.892 264.509
2.09163 -3.89593 264.715
2.04998 -3.89795 264.889
2.03179 -3.90198 265.1

4.10117 -3.87365 264.739
4.00367 -3.86779 264.578
3.90789 -3.86392 264.418
3.78727 -3.85984 264.325
3.66007 -3.85748 264.215
3.55538 -3.85542 264.153
3.42583 -3.85184 263.969
3.28296 -3.85108 264.111
3.10175 -3.85015 264.15
2.95031 -3.85006 264.205
2.82763 -3.84913 264.262
2.70058 -3.85043 264.358

4.71949 -3.8679 265.525
4.75291 -3.85754 265.241
4.73071 -3.84991 264.986
4.6972 -3.84089 264.74
4.62692 -3.83343 264.469
4.54681 -3.82759 264.28
4.42522 -3.81977 263.955
4.26783 -3.81452 263.942
4.03428 -3.8083 263.792
3.809 -3.8042 263.694
3.60527 -3.80032 263.635
3.36937 -3.79888 263.616

5.33781 -3.86215 266.311
5.50214 -3.84729 265.903
5.55353 -3.83591 265.554
5.60713 -3.82194 265.154
5.59377 -3.80937 264.723
5.53824 -3.79977 264.408
5.42461 -3.78771 263.941
5.2527 -3.77797 263.772
4.9668 -3.76645 263.433
4.66768 -3.75833 263.184
4.38292 -3.7515 263.008
4.03816 -3.74733 262.875

5.95613 -3.85641 267.097
6.25138 -3.83704 266.565
6.37635 -3.8219 266.122
6.51706 -3.80298 265.568
6.56062 -3.78532 264.977
6.52967 -3.77194 264.536
6.424 -3.75565 263.927
6.23757 -3.74142 263.603
5.89933 -3.72461 263.074
5.52637 -3.71246 262.673
5.16056 -3.70268 262.382
4.70694 -3.69578 262.133

6.57445 -3.85066 267.883
7.00062 -3.82678 267.227
7.19917 -3.80789 266.69
7.42698 -3.78403 265.983
7.52747 -3.76126 265.232
7.5211 -3.74411 264.663
7.42339 -3.72358 263.913
7.22243 -3.70487 263.433
6.83186 -3.68276 262.716
6.38506 -3.6666 262.163
5.93821 -3.65386 261.755
5.37573 -3.64423 261.391

1.59433 -2.89739 261.615
0.971565 -2.9097 261.954
0.580777 -2.92096 262.173
0.111846 -2.93683 262.701
-0.242045 -2.95501 263.235
-0.443757 -2.96816 263.684
-0.603024 -2.98199 264.077
-0.685205 -2.99888 264.837
-0.652896 -3.01924 265.638
-0.504874 -3.03527 266.302
-0.299613 -3.04617 266.826
0.0131582 -3.05841 267.383

2.21265 -2.89164 262.4
1.7208 -2.89945 262.616
1.4036 -2.90696 262.741
1.02178 -2.91787 263.115
0.724805 -2.93095 263.49
0.547672 -2.94033 263.812
0.396367 -2.94993 264.063
0.299664 -2.96232 264.668
0.279631 -2.97739 265.279
0.353812 -2.9894 265.791
0.478032 -2.99735 266.199
0.681946 -3.00686 266.641

2.83097 -2.88589 263.186
2.47004 -2.8892 263.278
2.22642 -2.89295 263.309
1.9317 -2.89892 263.529
1.69166 -2.9069 263.744
1.5391 -2.91251 263.939
1.39576 -2.91787 264.049
1.28453 -2.92577 264.499
1.21216 -2.93554 264.92
1.2125 -2.94354 265.281
1.25568 -2.94854 265.573
1.35073 -2.95531 265.9

3.44929 -2.88014 263.972
3.21928 -2.87895 263.941
3.04924 -2.87894 263.877
2.84163 -2.87997 263.944
2.65851 -2.88284 263.998
2.53053 -2.88468 264.067
2.39515 -2.8858 264.035
2.2694 -2.88922 264.329
2.14469 -2.89369 264.562
2.07118 -2.89767 264.771
2.03332 -2.89972 264.946
2.01952 -2.90376 265.158

4.06761 -2.8744 264.758
3.96852 -2.8687 264.603
3.87206 -2.86493 264.445
3.75156 -2.86102 264.358
3.62536 -2.85879 264.252
3.52196 -2.85685 264.194
3.39454 -2.85374 264.022
3.25427 -2.85267 264.16
3.07721 -2.85184 264.203
2.92987 -2.8518 264.26
2.81097 -2.8509 264.319
2.68831 -2.85221 264.416

4.68593 -2.86865 265.544
4.71776 -2.85845 265.265
4.69489 -2.85093 265.013
4.66149 -2.84206 264.772
4.59221 -2.83474 264.506
4.51339 -2.82903 264.322
4.39393 -2.82167 264.008
4.23914 -2.81612 263.99
4.00974 -2.80999 263.844
3.78856 -2.80594 263.75
3.58861 -2.80209 263.692
3.3571 -2.80066 263.675

5.30425 -2.8629 266.33
5.467 -2.8482 265.927
5.51771 -2.83692 265.581
5.57142 -2.82311 265.187
5.55906 -2.81068 264.761
5.50482 -2.8012 264.45
5.39332 -2.78961 263.994
5.22401 -2.77957 263.821
4.94227 -2.76815 263.486
4.64724 -2.76007 263.239
4.36626 -2.75327 263.065
4.02588 -2.74911 262.933

5.92258 -2.85715 267.116
6.21624 -2.83795 266.589
6.34053 -2.82291 266.149
6.48135 -2.80416 265.601
6.52591 -2.78663 265.015
6.49625 -2.77338 264.577
6.39271 -2.75754 263.98
6.20888 -2.74302 263.652
5.87479 -2.7263 263.127
5.50593 -2.7142 262.729
5.1439 -2.70445 262.439
4.69467 -2.69756 262.191

6.5409 -2.8514 267.902
6.96548 -2.8277 267.252
7.16335 -2.8089 266.718
7.39128 -2.7852 266.015
7.49276 -2.76257 265.269
7.48768 -2.74555 264.705
7.3921 -2.72548 263.966
7.19375 -2.70647 263.482
6.80732 -2.68445 262.768
6.36461 -2.66834 262.218
5.92155 -2.65563 261.812
5.36346 -2.64601 261.45

1.56077 -1.89813 261.634
0.936422 -1.91062 261.978
0.544955 -1.92198 262.2
0.076141 -1.938 262.734
-0.276761 -1.95632 263.273
-0.477176 -1.96959 263.726
-0.634315 -1.98389 264.13
-0.713892 -2.00047 264.886
-0.677433 -2.02093 265.69
-0.525318 -2.03701 266.357
-0.316273 -2.04794 266.883
0.000886103 -2.06019 267.441

2.17909 -1.89239 262.42
1.68566 -1.90037 262.64
1.36778 -1.90797 262.768
0.98607 -1.91905 263.148
0.690089 -1.93226 263.527
0.514254 -1.94177 263.853
0.365075 -1.95183 264.116
0.270977 -1.96392 264.717
0.255094 -1.97908 265.332
0.333368 -1.99114 265.847
0.461372 -1.99912 266.257
0.669674 -2.00864 266.7

2.79741 -1.88664 263.205
2.4349 -1.89012 263.303
2.1906 -1.89396 263.336
1.896 -1.90009 263.562
1.65694 -1.90821 263.781
1.50568 -1.91394 263.981
1.36447 -1.91976 264.102
1.25585 -1.92737 264.547
1.18762 -1.93723 264.973
1.19205 -1.94528 265.336
1.23902 -1.95031 265.63
1.33846 -1.95709 265.958

3.41574 -1.88089 263.991
3.18414 -1.87987 263.965
3.01342 -1.87995 263.904
2.80593 -1.88114 263.977
2.62379 -1.88415 264.036
2.49711 -1.88612 264.109
2.36386 -1.8877 264.088
2.24071 -1.89082 264.378
2.12015 -1.89538 264.614
2.05074 -1.89941 264.826
2.01666 -1.90149 265.003
2.00725 -1.90554 265.216

4.03406 -1.87514 264.777
3.93338 -1.86961 264.627
3.83624 -1.86595 264.472
3.71586 -1.86219 264.391
3.59064 -1.8601 264.29
3.48854 -1.85829 264.236
3.36325 -1.85563 264.075
3.22558 -1.85427 264.208
3.05268 -1.85353 264.256
2.90943 -1.85354 264.315
2.79431 -1.85267 264.376
2.67604 -1.85399 264.475

4.65238 -1.86939 265.563
4.68262 -1.85936 265.289
4.65906 -1.85194 265.04
4.62579 -1.84324 264.805
4.55749 -1.83604 264.544
4.47997 -1.83047 264.364
4.36264 -1.82357 264.061
4.21045 -1.81772 264.039
3.9852 -1.81168 263.897
3.76811 -1.80768 263.805
3.57195 -1.80385 263.749
3.34482 -1.80244 263.733

5.2707 -1.86365 266.349
5.43186 -1.84911 265.951
5.48188 -1.83793 265.609
5.53572 -1.82428 265.22
5.52434 -1.81199 264.798
5.4714 -1.80264 264.492
5.36203 -1.7915 264.047
5.19532 -1.78116 263.87
4.91773 -1.76984 263.538
4.6268 -1.76181 263.294
4.3496 -1.75504 263.123
4.01361 -1.75089 262.991

5.88902 -1.8579 267.135
6.1811 -1.83886 266.614
6.30471 -1.82392 266.177
6.44564 -1.80533 265.634
6.49119 -1.78793 265.052
6.46283 -1.77481 264.619
6.36142 -1.75944 264.033
6.18019 -1.74461 263.7
5.85026 -1.72799 263.18
5.48548 -1.71594 262.784
5.12724 -1.70622 262.496
4.6824 -1.69934 262.25

6.50734 -1.85215 267.921
6.93034 -1.82861 267.276
7.12753 -1.80992 266.745
7.35557 -1.78638 266.048
7.45804 -1.76388 265.307
7.45426 -1.74699 264.747
7.36081 -1.72737 264.019
7.16506 -1.70806 263.531
6.78278 -1.68614 262.821
6.34417 -1.67008 262.274
5.90489 -1.6574 261.869
5.35119 -1.64778 261.508

1.52722 -0.898878 261.653
0.90128 -0.911531 262.002
0.509132 -0.922989 262.227
0.0404355 -0.939174 262.766
-0.311477 -0.957624 263.311
-0.510595 -0.97103 263.768
-0.665607 -0.985788 264.183
-0.74258 -1.00207 264.935
-0.701971 -1.02262 265.743
-0.545761 -1.03875 266.412
-0.332934 -1.04971 266.94
-0.011386 -1.06197 267.5

2.14554 -0.893131 262.439
1.65052 -0.90128 262.665
1.33195 -0.908982 262.795
0.950365 -0.920221 263.181
0.655374 -0.93357 263.565
0.480835 -0.943205 263.895
0.333784 -0.953723 264.169
0.242289 -0.965515 264.765
0.230556 -0.98077 265.384
0.312925 -0.992884 265.902
0.444712 -1.00089 266.314
0.657401 -1.01042 266.758

2.76386 -0.887383 263.225
2.39976 -0.891029 263.327
2.15478 -0.894975 263.363
1.86029 -0.901268 263.595
1.62222 -0.909515 263.819
1.47227 -0.915379 264.023
1.33317 -0.921659 264.155
1.22716 -0.928964 264.596
1.16308 -0.938921 265.026
1.17161 -0.947017 265.392
1.22236 -0.952075 265.687
1.32619 -0.958868 266.016

3.38218 -0.881635 264.01
3.149 -0.880778 263.989
2.9776 -0.880967 263.931
2.77022 -0.882315 264.009
2.58907 -0.88546 264.073
2.46369 -0.887553 264.151
2.33256 -0.889594 264.141
2.21203 -0.892413 264.426
2.09561 -0.897072 264.667
2.0303 -0.90115 264.881
2 -0.903258 265.06
1.99498 -0.907317 265.275

4.0005 -0.875887 264.796
3.89824 -0.870527 264.651
3.80042 -0.86696 264.5
3.68015 -0.863362 264.424
3.55593 -0.861406 264.327
3.45512 -0.859728 264.278
3.33196 -0.857529 264.128
3.1969 -0.855862 264.257
3.02814 -0.855224 264.308
2.88898 -0.855284 264.371
2.77765 -0.854441 264.433
2.66376 -0.855766 264.533

4.61882 -0.870139 265.582
4.64748 -0.860276 265.314
4.62324 -0.852953 265.068
4.59008 -0.844409 264.838
4.52278 -0.837351 264.582
4.44655 -0.831902 264.406
4.33135 -0.825465 264.114
4.18177 -0.819311 264.088
3.96066 -0.813375 263.95
3.74767 -0.809417 263.86
3.55529 -0.805623 263.806
3.33255 -0.804215 263.791

5.23714 -0.864391 266.368
5.39672 -0.850025 265.976
5.44606 -0.838945 265.636
5.50001 -0.825456 265.252
5.48963 -0.813296 264.836
5.43798 -0.804076 264.534
5.33074 -0.7934 264.1
5.16663 -0.78276 263.918
4.89319 -0.771526 263.591
4.60635 -0.76355 263.35
4.33294 -0.756806 263.18
4.00134 -0.752664 263.05

5.85546 -0.858643 267.154
6.14596 -0.839774 266.638
6.26888 -0.824938 266.204
6.40994 -0.806503 265.667
6.45648 -0.789242 265.09
6.42941 -0.776251 264.661
6.33013 -0.761335 264.086
6.1515 -0.746208 263.749
5.82572 -0.729677 263.232
5.46504 -0.717683 262.839
5.11058 -0.707989 262.553
4.67013 -0.701113 262.308

6.47379 -0.852895 267.94
6.89519 -0.829524 267.3
7.09171 -0.810931 266.772
7.31987 -0.78755 266.081
7.42333 -0.765187 265.344
7.42084 -0.748425 264.789
7.32952 -0.72927 264.072
7.13637 -0.709657 263.579
6.75825 -0.687828 262.874
6.32373 -0.671816 262.329
5.88823 -0.659172 261.926
5.33891 -0.649562 261.566

1.49366 0.100376 261.672
0.866136 0.0875558 262.027
0.47331 0.0759974 262.254
0.0047301 0.059652 262.799
-0.346193 0.0410677 263.348
-0.544014 0.0275329 263.81
-0.696899 0.0123154 264.236
-0.771267 -0.0036621 264.983
-0.726508 -0.0243092 265.796
-0.566204 -0.0404908 266.468
-0.349594 -0.0514779 266.998
-0.0236581 -0.0637467 267.558

2.11198 0.106124 262.458
1.61538 0.0978067 262.689
1.29613 0.0900047 262.822
0.914659 0.078605 263.213
0.620658 0.0651223 263.602
0.447416 0.0553586 263.937
0.302492 0.0443801 264.222
0.213602 0.0328891 264.814
0.206019 0.0175397 265.437
0.292481 0.00537597 265.957
0.428051 -0.00266086 266.371
0.645129 -0.0121958 266.816

2.7303 0.111872 263.244
2.36462 0.108058 263.351
2.11895 0.104012 263.391
1.82459 0.097558 263.628
1.58751 0.089177 263.856
1.43885 0.0831842 264.065
1.30188 0.0764448 264.208
1.19847 0.0694402 264.644
1.13855 0.0593885 265.078
1.15117 0.0512428 265.447
1.2057 0.0461562 265.744
1.31392 0.0393551 266.075

3.34862 0.11762 264.03
3.11385 0.118309 264.013
2.94178 0.118019 263.959
2.73452 0.116511 264.042
2.55436 0.113232 264.111
2.43028 0.11101 264.193
2.30127 0.108509 264.194
2.18334 0.105991 264.475
2.07107 0.101237 264.72
2.00985 0.0971096 264.936
1.98334 0.0949733 265.117
1.9827 0.090906 265.333

3.96695 0.123368 264.815
3.86309 0.12856 264.676
3.7646 0.132027 264.527
3.64445 0.135464 264.456
3.52121 0.137286 264.365
3.42171 0.138836 264.32
3.30066 0.140574 264.181
3.16821 0.142543 264.306
3.0036 0.143086 264.361
2.86854 0.142976 264.426
2.76099 0.14379 264.49
2.65149 0.142457 264.591

4.58527 0.129115 265.601
4.61233 0.138811 265.338
4.58742 0.146034 265.095
4.55438 0.154417 264.871
4.48806 0.161341 264.619
4.41314 0.166661 264.448
4.30005 0.172639 264.167
4.15308 0.179094 264.136
3.93613 0.184935 264.002
3.72723 0.188843 263.916
3.53863 0.192607 263.863
3.32028 0.194008 263.85

5.20359 0.134863 266.387
5.36157 0.149061 266
5.41024 0.160041 265.663
5.4643 0.17337 265.285
5.45491 0.185396 264.873
5.40457 0.194487 264.575
5.29945 0.204704 264.153
5.13795 0.215645 263.967
4.86865 0.226784 263.644
4.58591 0.23471 263.405
4.31628 0.241425 263.237
3.98907 0.245559 263.108

5.82191 0.140611 267.173
6.11081 0.159312 266.662
6.23306 0.174048 266.231
6.37423 0.192323 265.699
6.42176 0.20945 265.128
6.396 0.222313 264.703
6.29884 0.236768 264.139
6.12282 0.252196 263.797
5.80118 0.268633 263.285
5.4446 0.280577 262.895
5.09392 0.290242 262.61
4.65785 0.29711 262.366

6.44023 0.146359 267.959
6.86005 0.169563 267.324
7.05588 0.188056 266.799
7.28416 0.211276 266.114
7.38861 0.233505 265.382
7.38743 0.250138 264.831
7.29823 0.268833 264.125
7.10768 0.288747 263.628
6.73371 0.310481 262.926
6.30328 0.326444 262.384
5.87157 0.339059 261.983
5.32664 0.34866 261.625

1.4601 1.09963 261.691
0.830993 1.08664 262.051
0.437488 1.07498 262.282
-0.0309753 1.05848 262.832
-0.380909 1.03976 263.386
-0.577432 1.0261 263.851
-0.72819 1.01042 264.289
-0.799955 0.994742 265.032
-0.751046 0.974001 265.849
-0.586648 0.957769 266.523
-0.366254 0.946753 267.055
-0.0359303 0.934476 267.616

2.07843 1.10538 262.477
1.58023 1.09689 262.713
1.26031 1.08899 262.85
0.878954 1.07743 263.246
0.585942 1.06381 263.64
0.413998 1.05392 263.979
0.2712 1.04248 264.275
0.184914 1.03129 264.862
0.181481 1.01585 265.49
0.272038 1.00364 266.013
0.411391 0.99557 266.428
0.632857 0.986027 266.875

2.69675 1.11113 263.263
2.32947 1.10714 263.375
2.08313 1.103 263.418
1.78888 1.09638 263.66
1.55279 1.08787 263.894
1.40543 1.08175 264.107
1.27059 1.07455 264.261
1.16978 1.06784 264.693
1.11401 1.0577 265.131
1.13072 1.0495 265.502
1.18904 1.04439 265.801
1.30164 1.03758 266.133

3.31507 1.11687 264.049
3.07871 1.1174 264.038
2.90595 1.11701 263.986
2.69881 1.11534 264.075
2.51964 1.11192 264.148
2.39686 1.10957 264.234
2.26998 1.10661 264.247
2.15465 1.1044 264.524
2.04654 1.09955 264.772
1.98941 1.09537 264.992
1.96668 1.0932 265.174
1.97043 1.08913 265.391

3.93339 1.12262 264.835
3.82795 1.12765 264.7
3.72877 1.13101 264.554
3.60874 1.13429 264.489
3.48649 1.13598 264.402
3.38829 1.1374 264.362
3.26937 1.13868 264.234
3.13952 1.14095 264.354
2.97906 1.1414 264.414
2.8481 1.14124 264.481
2.74433 1.14202 264.547
2.63922 1.14068 264.65

4.55171 1.12837 265.62
4.57719 1.1379 265.362
4.5516 1.14502 265.122
4.51867 1.15324 264.903
4.45334 1.16003 264.657
4.37972 1.16522 264.49
4.26876 1.17074 264.22
4.12439 1.1775 264.185
3.91159 1.18324 264.055
3.70678 1.1871 263.971
3.52197 1.19084 263.921
3.30801 1.19223 263.908

5.17003 1.13412 266.406
5.32643 1.14815 266.024
5.37442 1.15903 265.69
5.4286 1.1722 265.318
5.42019 1.18409 264.911
5.37115 1.19305 264.617
5.26815 1.20281 264.206
5.10926 1.21405 264.015
4.84412 1.22509 263.697
4.56547 1.23297 263.46
4.29962 1.23966 263.294
3.97679 1.24378 263.166

5.78835 1.13987 267.192
6.07567 1.1584 266.687
6.19724 1.17304 266.258
6.33853 1.19115 265.732
6.38704 1.20814 265.165
6.36258 1.22088 264.745
6.26754 1.23487 264.192
6.09413 1.2506 263.846
5.77664 1.26694 263.338
5.42415 1.27884 262.95
5.07726 1.28847 262.667
4.64558 1.29533 262.425

6.40667 1.14561 267.978
6.82491 1.16865 267.349
7.02006 1.18704 266.827
7.24846 1.2101 266.146
7.3539 1.2322 265.419
7.35401 1.2487 264.873
7.26693 1.26694 264.178
7.079 1.28715 263.677
6.70917 1.30879 262.979
6.28284 1.3247 262.44
5.85491 1.33729 262.04
5.31437 1.34688 261.683

1.42655 2.09889 261.71
0.795851 2.08573 262.075
0.401666 2.07397 262.309
-0.0666808 2.0573 262.864
-0.415624 2.03845 263.423
-0.610851 2.02466 263.893
-0.759482 2.00852 264.342
-0.828642 1.99315 265.081
-0.775583 1.97231 265.901
-0.607091 1.95603 266.578
-0.382915 1.94498 267.112
-0.0482024 1.9327 267.675

2.04487 2.10463 262.496
1.54509 2.09598 262.738
1.22449 2.08798 262.877
0.843248 2.07626 263.279
0.551226 2.06251 263.677
0.380579 2.05249 264.021
0.239909 2.04059 264.328
0.156227 2.0297 264.911
0.156944 2.01416 265.543
0.251595 2.0019 266.068
0.394731 1.9938 266.485
0.620585 1.98425 266.933

2.66319 2.11038 263.282
2.29433 2.10623 263.4
2.04731 2.10199 263.445
1.75318 2.09521 263.693
1.51808 2.08656 263.932
1.37201 2.08031 264.149
1.2393 2.07265 264.314
1.1411 2.06625 264.742
1.08947 2.05601 265.184
1.11028 2.04776 265.557
1.17238 2.04262 265.858
1.28937 2.0358 266.191

3.28151 2.11613 264.068
3.04357 2.11648 264.062
2.87013 2.11599 264.013
2.66311 2.11416 264.107
2.48493 2.11062 264.186
2.36344 2.10814 264.276
2.23869 2.10472 264.3
2.12596 2.1028 264.572
2.022 2.09786 264.825
1.96897 2.09363 265.047
1.95002 2.09143 265.231
1.95816 2.08735 265.45

3.89983 2.12188 264.854
3.79281 2.12673 264.724
3.69295 2.13 264.581
3.57304 2.13312 264.522
3.45178 2.13467 264.44
3.35487 2.13596 264.404
3.23808 2.13678 264.287
3.11083 2.13935 264.403
2.95452 2.13971 264.467
2.82765 2.1395 264.537
2.72767 2.14025 264.604
2.62695 2.1389 264.708

4.51816 2.12762 265.639
4.54205 2.13698 265.386
4.51577 2.14401 265.149
4.48296 2.15207 264.936
4.41863 2.15873 264.694
4.3463 2.16379 264.532
4.23747 2.16885 264.273
4.0957 2.1759 264.233
3.88705 2.18155 264.108
3.68634 2.18536 264.026
3.50531 2.18907 263.978
3.29573 2.19045 263.966

5.13648 2.13337 266.425
5.29129 2.14724 266.049
5.3386 2.15801 265.718
5.39289 2.17102 265.35
5.38548 2.18278 264.948
5.33773 2.19161 264.659
5.23686 2.20091 264.259
5.08057 2.21245 264.064
4.81958 2.2234 263.749
4.54502 2.23123 263.516
4.28296 2.23789 263.351
3.96452 2.242 263.225

5.7548 2.13912 267.211
6.04053 2.15749 266.711
6.16142 2.17202 266.286
6.30282 2.18998 265.765
6.35233 2.20683 265.203
6.32916 2.21944 264.787
6.23625 2.23298 264.245
6.06544 2.249 263.895
5.75211 2.26525 263.391
5.40371 2.2771 263.005
5.0606 2.2867 262.724
4.63331 2.29355 262.483

6.37312 2.14487 267.997
6.78977 2.16774 267.373
6.98424 2.18603 266.854
7.21275 2.20893 266.179
7.31918 2.23089 265.457
7.32059 2.24726 264.914
7.23564 2.26504 264.232
7.05031 2.28556 263.725
6.68463 2.3071 263.032
6.2624 2.32296 262.495
5.83825 2.33552 262.097
5.3021 2.34511 261.741

1.39299 3.09814 261.729
0.760707 3.08482 262.1
0.365844 3.07296 262.336
-0.102386 3.05613 262.897
-0.45034 3.03714 263.461
-0.64427 3.02322 263.935
-0.790774 3.00663 264.395
-0.85733 2.99155 265.129
-0.800121 2.97062 265.954
-0.627535 2.95429 266.634
-0.399575 2.94321 267.169
-0.0604745 2.93092 267.733

2.01131 3.10389 262.515
1.50995 3.09507 262.762
1.18867 3.08696 262.904
0.807543 3.07508 263.311
0.51651 3.0612 263.715
0.34716 3.05105 264.063
0.208617 3.03869 264.381
0.127539 3.0281 264.96
0.132406 3.01247 265.595
0.231151 3.00016 266.123
0.378071 2.99203 266.542
0.608313 2.98247 266.991

2.62964 3.10964 263.301
2.25919 3.10532 263.424
2.01149 3.10097 263.472
1.71747 3.09404 263.726
1.48336 3.08525 263.969
1.33859 3.07887 264.191
1.20801 3.07076 264.367
1.11241 3.06465 264.79
1.06493 3.05432 265.237
1.08984 3.04602 265.613
1.15572 3.04085 265.915
1.2771 3.03402 266.25

3.24796 3.11538 264.087
3.00843 3.11557 264.086
2.83431 3.11498 264.04
2.6274 3.11299 264.14
2.45021 3.10931 264.223
2.33002 3.1067 264.318
2.2074 3.10282 264.354
2.09728 3.1012 264.621
1.99746 3.09617 264.878
1.94852 3.09189 265.102
1.93336 3.08967 265.288
1.94589 3.08557 265.508

3.86628 3.12113 264.873
3.75766 3.12582 264.749
3.65713 3.12899 264.609
3.53733 3.13194 264.554
3.41706 3.13336 264.477
3.32145 3.13453 264.446
3.20679 3.13488 264.34
3.08215 3.13776 264.452
2.92999 3.13802 264.519
2.80721 3.13776 264.592
2.71101 3.13848 264.662
2.61468 3.13712 264.766

4.4846 3.12688 265.659
4.5069 3.13607 265.411
4.47995 3.14299 265.177
4.44726 3.1509 264.969
4.38391 3.15742 264.732
4.31288 3.16235 264.573
4.20618 3.16695 264.326
4.06701 3.17431 264.282
3.86251 3.17986 264.161
3.66589 3.18362 264.081
3.48865 3.1873 264.035
3.28346 3.18868 264.025

5.10292 3.13263 266.444
5.25614 3.14632 266.073
5.30277 3.157 265.745
5.35719 3.16985 265.383
5.35076 3.18147 264.986
5.30431 3.19018 264.701
5.20557 3.19901 264.312
5.05188 3.21086 264.113
4.79504 3.22171 263.802
4.52458 3.22949 263.571
4.2663 3.23612 263.408
3.95225 3.24023 263.283

5.72124 3.13837 267.23
6.00538 3.15657 266.735
6.1256 3.17101 266.313
6.26712 3.1888 265.797
6.31761 3.20553 265.24
6.29574 3.218 264.829
6.20496 3.23108 264.298
6.03675 3.24741 263.943
5.72757 3.26356 263.443
5.38327 3.27536 263.061
5.04394 3.28493 262.781
4.62104 3.29178 262.541

6.33956 3.14412 268.016
6.75462 3.16682 267.397
6.94842 3.18502 266.881
7.17705 3.20776 266.212
7.28446 3.22958 265.494
7.28717 3.24583 264.956
7.20435 3.26314 264.285
7.02162 3.28396 263.774
6.6601 3.30541 263.085
6.24195 3.32122 262.55
5.82159 3.33375 262.154
5.28982 3.34333 261.8

1.35944 4.09739 261.748
0.725564 4.0839 262.124
0.330022 4.07194 262.363
-0.138092 4.05496 262.93
-0.485056 4.03584 263.498
-0.677688 4.02179 263.977
-0.822065 4.00473 264.448
-0.886017 3.98996 265.178
-0.824658 3.96893 266.007
-0.647978 3.95255 266.689
-0.416235 3.94145 267.226
-0.0727467 3.92914 267.791

1.97776 4.10314 262.534
1.4748 4.09415 262.786
1.15284 4.08595 262.931
0.771837 4.07391 263.344
0.481795 4.05989 263.752
0.313742 4.04961 264.105
0.177325 4.03679 264.434
0.0988515 4.02651 265.008
0.107869 4.01078 265.648
0.210708 3.99842 266.179
0.36141 3.99026 266.599
0.596041 3.98069 267.049

2.59608 4.10889 263.32
2.22404 4.10441 263.448
1.97566 4.09996 263.5
1.68177 4.09286 263.759
1.44864 4.08395 264.007
1.30517 4.07744 264.232
1.17672 4.06886 264.42
1.08372 4.06306 264.839
1.0404 4.05263 265.289
1.06939 4.04428 265.668
1.13906 4.03908 265.972
1.26483 4.03225 266.308

3.2144 4.11464 264.106
2.97328 4.11466 264.111
2.79849 4.11397 264.068
2.5917 4.11182 264.173
2.4155 4.108 264.261
2.2966 4.10526 264.36
2.17611 4.10092 264.407
2.06859 4.09961 264.67
1.97292 4.09448 264.931
1.92808 4.09015 265.158
1.9167 4.0879 265.345
1.93362 4.0838 265.566

3.83272 4.12039 264.892
3.72252 4.12491 264.773
3.62131 4.12797 264.636
3.50162 4.13077 264.587
3.38235 4.13205 264.515
3.28803 4.13309 264.488
3.1755 4.13299 264.393
3.05346 4.13616 264.5
2.90545 4.13632 264.572
2.78677 4.13602 264.647
2.69435 4.13671 264.719
2.6024 4.13535 264.825

4.45104 4.12613 265.678
4.47176 4.13516 265.435
4.44413 4.14198 265.204
4.41155 4.14972 265.002
4.3492 4.15611 264.769
4.27946 4.16091 264.615
4.17489 4.16505 264.379
4.03833 4.17271 264.331
3.83798 4.17817 264.213
3.64545 4.18188 264.137
3.47199 4.18553 264.092
3.27119 4.1869 264.083

5.06937 4.13188 266.464
5.221 4.14541 266.097
5.26695 4.15599 265.772
5.32148 4.16868 265.416
5.31605 4.18016 265.023
5.27089 4.18874 264.743
5.17428 4.19712 264.365
5.0232 4.20926 264.161
4.7705 4.22002 263.855
4.50414 4.22775 263.626
4.24964 4.23435 263.465
3.93998 4.23845 263.341

5.68769 4.13763 267.25
5.97024 4.15566 266.759
6.08977 4.16999 266.34
6.23141 4.18763 265.83
6.2829 4.20422 265.278
6.26232 4.21657 264.871
6.17367 4.22918 264.351
6.00807 4.24581 263.992
5.70303 4.26187 263.496
5.36282 4.27362 263.116
5.02728 4.28316 262.838
4.60877 4.29 262.6

6.30601 4.14338 268.035
6.71948 4.16591 267.422
6.9126 4.184 266.908
7.14134 4.20658 266.245
7.24975 4.22827 265.532
7.25375 4.24439 264.998
7.17306 4.26125 264.338
6.99293 4.28236 263.823
6.63556 4.30372 263.137
6.22151 4.31948 262.605
5.80493 4.33198 262.211
5.27755 4.34155 261.858

