0.940239 -4.45288 311.376
0.404082 -4.47188 311.951
0.197704 -4.48235 312.234
-0.13673 -4.50264 312.921
-0.275805 -4.52019 313.209
-0.323834 -4.54094 314.054
-0.285114 -4.56382 314.767
-0.144769 -4.58456 315.44
0.119168 -4.60544 316.08
0.400638 -4.61914 316.601

1.77123 -4.43353 311.932
1.33166 -4.44758 312.324
1.15728 -4.4554 312.514
0.860964 -4.47031 312.981
0.722325 -4.48419 313.16
0.655408 -4.50167 313.855
0.643506 -4.52061 314.398
0.712739 -4.53807 314.928
0.875381 -4.55581 315.428
1.05776 -4.56753 315.849

2.60222 -4.41419 312.488
2.25924 -4.42327 312.697
2.11686 -4.42844 312.794
1.85866 -4.43798 313.04
1.72045 -4.44818 313.111
1.63465 -4.46239 313.656
1.57213 -4.47739 314.03
1.57025 -4.49158 314.416
1.63159 -4.50619 314.776
1.71488 -4.51591 315.097

3.43321 -4.39485 313.044
3.18682 -4.39897 313.07
3.07644 -4.40149 313.074
2.85635 -4.40565 313.1
2.71858 -4.41218 313.061
2.61389 -4.42311 313.457
2.50075 -4.43418 313.661
2.42776 -4.44509 313.903
2.38781 -4.45656 314.123
2.37201 -4.4643 314.345

4.2642 -4.3755 313.6
4.1144 -4.37466 313.442
4.03602 -4.37454 313.354
3.85405 -4.37332 313.16
3.71671 -4.37618 313.012
3.59313 -4.38383 313.259
3.42937 -4.39097 313.293
3.28527 -4.3986 313.391
3.14402 -4.40693 313.471
3.02913 -4.41268 313.593

5.09519 -4.35616 314.156
5.04198 -4.35035 313.815
4.9956 -4.34759 313.635
4.85174 -4.341 313.219
4.71484 -4.34017 312.962
4.57237 -4.34455 313.06
4.35799 -4.34776 312.924
4.14277 -4.35211 312.878
3.90023 -4.3573 312.818
3.68625 -4.36107 312.841

5.92618 -4.33682 314.712
5.96956 -4.32605 314.188
5.95518 -4.32063 313.915
5.84943 -4.30867 313.279
5.71297 -4.30417 312.913
5.55162 -4.30528 312.861
5.28661 -4.30455 312.556
5.00028 -4.30562 312.366
4.65645 -4.30768 312.166
4.34337 -4.30946 312.089

6.75717 -4.31747 315.268
6.89714 -4.30174 314.561
6.91476 -4.29368 314.195
6.84713 -4.27634 313.339
6.7111 -4.26817 312.863
6.53086 -4.266 312.662
6.21523 -4.26134 312.187
5.85779 -4.25913 311.854
5.41266 -4.25805 311.513
5.0005 -4.25784 311.337

7.58816 -4.29813 315.824
7.82472 -4.27744 314.934
7.87434 -4.26673 314.475
7.84482 -4.24401 313.398
7.70923 -4.23216 312.814
7.5101 -4.22672 312.463
7.14385 -4.21813 311.819
6.7153 -4.21264 311.341
6.16887 -4.20842 310.861
5.65762 -4.20623 310.585

0.905906 -3.4536 311.393
0.368524 -3.47279 311.974
0.161945 -3.48334 312.26
-0.171594 -3.50413 312.963
-0.30933 -3.52201 313.259
-0.355746 -3.54226 314.094
-0.314101 -3.56521 314.811
-0.170446 -3.58602 315.488
0.0977136 -3.60698 316.131
0.383072 -3.62071 316.654

1.7369 -3.43426 311.949
1.2961 -3.44848 312.347
1.12152 -3.45639 312.54
0.8261 -3.4718 313.023
0.688799 -3.48601 313.21
0.623496 -3.50298 313.895
0.61452 -3.522 314.442
0.687063 -3.53953 314.976
0.853927 -3.55735 315.479
1.04019 -3.5691 315.902

2.56789 -3.41492 312.505
2.22368 -3.42418 312.72
2.0811 -3.42943 312.82
1.82379 -3.43947 313.082
1.68693 -3.45 313.161
1.60274 -3.4637 313.696
1.54314 -3.47879 314.074
1.54457 -3.49304 314.463
1.61014 -3.50772 314.827
1.69732 -3.51748 315.15

3.39888 -3.39557 313.061
3.15126 -3.39987 313.093
3.04068 -3.40248 313.101
2.82149 -3.40714 313.142
2.68506 -3.414 313.111
2.58198 -3.42442 313.497
2.47176 -3.43557 313.705
2.40208 -3.44655 313.951
2.36635 -3.45809 314.174
2.35444 -3.46587 314.398

4.22987 -3.37623 313.617
4.07885 -3.37557 313.466
4.00026 -3.37553 313.381
3.81918 -3.37481 313.202
3.68319 -3.378 313.062
3.56122 -3.38515 313.299
3.40038 -3.39236 313.337
3.25959 -3.40006 313.438
3.12257 -3.40847 313.522
3.01156 -3.41425 313.646

5.06086 -3.35689 314.173
5.00643 -3.35126 313.839
4.95984 -3.34857 313.661
4.81688 -3.34248 313.261
4.68132 -3.34199 313.012
4.54046 -3.34587 313.1
4.329 -3.34915 312.968
4.1171 -3.35357 312.926
3.87878 -3.35884 312.869
3.66869 -3.36264 312.894

5.89185 -3.33754 314.728
5.93401 -3.32695 314.211
5.91942 -3.32162 313.941
5.81457 -3.31015 313.321
5.67944 -3.30599 312.963
5.5197 -3.30659 312.901
5.25762 -3.30594 312.6
4.97461 -3.30709 312.414
4.63499 -3.30921 312.217
4.32581 -3.31103 312.142

6.72284 -3.3182 315.284
6.86159 -3.30265 314.584
6.879 -3.29467 314.221
6.81226 -3.27782 313.381
6.67757 -3.26998 312.914
6.49895 -3.26731 312.702
6.18624 -3.26273 312.231
5.83211 -3.2606 311.901
5.39121 -3.25959 311.564
4.98293 -3.25941 311.39

7.55383 -3.29885 315.84
7.78917 -3.27834 314.957
7.83858 -3.26771 314.501
7.80996 -3.24549 313.44
7.6757 -3.23398 312.864
7.47819 -3.22803 312.503
7.11486 -3.21952 311.863
6.68962 -3.21411 311.389
6.14742 -3.20996 310.912
5.64005 -3.2078 310.638

0.871573 -2.45433 311.409
0.332966 -2.47369 311.998
0.126186 -2.48433 312.287
-0.206459 -2.50562 313.005
-0.342855 -2.52383 313.31
-0.387658 -2.54357 314.134
-0.343087 -2.5666 314.855
-0.196122 -2.58749 315.536
0.0762593 -2.60851 316.183
0.365507 -2.62228 316.707

1.70256 -2.43499 311.965
1.26055 -2.44939 312.371
1.08577 -2.45737 312.567
0.791235 -2.47329 313.065
0.655274 -2.48782 313.26
0.591584 -2.5043 313.935
0.585534 -2.52339 314.486
0.661386 -2.541 315.023
0.832473 -2.55888 315.53
1.02263 -2.57067 315.955

2.53355 -2.41564 312.521
2.18813 -2.42508 312.743
2.04534 -2.43042 312.847
1.78893 -2.44096 313.124
1.6534 -2.45182 313.211
1.57083 -2.46502 313.736
1.51415 -2.48018 314.118
1.5189 -2.49451 314.511
1.58869 -2.50926 314.878
1.67975 -2.51905 315.203

3.36454 -2.3963 313.077
3.11571 -2.40078 313.116
3.00492 -2.40347 313.127
2.78662 -2.40863 313.184
2.65153 -2.41582 313.161
2.55007 -2.42574 313.538
2.44277 -2.43697 313.749
2.3764 -2.44802 313.998
2.3449 -2.45963 314.225
2.33687 -2.46744 314.451

4.19553 -2.37696 313.633
4.04329 -2.37647 313.489
3.9645 -2.37651 313.407
3.78432 -2.3763 313.244
3.64966 -2.37981 313.112
3.52931 -2.38646 313.339
3.37139 -2.39375 313.381
3.23391 -2.40153 313.486
3.10111 -2.41 313.573
2.994 -2.41582 313.699

5.02652 -2.35761 314.189
4.97087 -2.35216 313.862
4.92408 -2.34956 313.687
4.78201 -2.34397 313.303
4.64779 -2.34381 313.062
4.50855 -2.34718 313.14
4.30001 -2.35054 313.012
4.09142 -2.35504 312.974
3.85733 -2.36038 312.92
3.65112 -2.36421 312.947

5.85751 -2.33827 314.745
5.89845 -2.32786 314.235
5.88366 -2.32261 313.967
5.77971 -2.31164 313.363
5.64592 -2.30781 313.013
5.48779 -2.3079 312.941
5.22864 -2.30733 312.644
4.94893 -2.30855 312.461
4.61354 -2.31075 312.268
4.30824 -2.31259 312.195

6.6885 -2.31892 315.301
6.82603 -2.30355 314.608
6.84324 -2.29565 314.248
6.7774 -2.27931 313.423
6.64405 -2.2718 312.964
6.46703 -2.26863 312.742
6.15726 -2.26412 312.275
5.80644 -2.26206 311.949
5.36975 -2.26112 311.615
4.96537 -2.26098 311.443

7.51949 -2.29958 315.857
7.75361 -2.27925 314.98
7.80282 -2.2687 314.528
7.77509 -2.24698 313.482
7.64218 -2.2358 312.914
7.44628 -2.22935 312.543
7.08588 -2.22091 311.907
6.66395 -2.21557 311.437
6.12597 -2.21149 310.963
5.62249 -2.20937 310.691

0.83724 -1.45506 311.426
0.297408 -1.4746 312.021
0.090427 -1.48531 312.313
-0.241323 -1.50711 313.047
-0.376381 -1.52565 313.36
-0.41957 -1.54489 314.174
-0.372073 -1.56799 314.899
-0.221799 -1.58895 315.583
0.0548049 -1.61005 316.234
0.347941 -1.62385 316.76

1.66823 -1.43571 311.982
1.22499 -1.45029 312.394
1.05001 -1.45836 312.593
0.756371 -1.47478 313.106
0.621749 -1.48964 313.31
0.559672 -1.50561 313.975
0.556547 -1.52478 314.531
0.63571 -1.54246 315.071
0.811018 -1.56042 315.581
1.00506 -1.57224 316.008

2.49922 -1.41637 312.538
2.15257 -1.42599 312.767
2.00959 -1.43141 312.873
1.75407 -1.44245 313.166
1.61988 -1.45364 313.261
1.53891 -1.46633 313.777
1.48517 -1.48157 314.162
1.49322 -1.49597 314.558
1.56723 -1.51079 314.929
1.66219 -1.52062 315.256

3.33021 -1.39703 313.094
3.08015 -1.40168 313.14
2.96916 -1.40445 313.153
2.75176 -1.41012 313.226
2.61801 -1.41764 313.211
2.51816 -1.42705 313.578
2.41379 -1.43836 313.794
2.35073 -1.44948 314.046
2.32344 -1.46117 314.276
2.31931 -1.46901 314.504

4.1612 -1.37768 313.65
4.00773 -1.37737 313.512
3.92874 -1.3775 313.434
3.74945 -1.37779 313.286
3.61614 -1.38163 313.162
3.4974 -1.38778 313.379
3.34241 -1.39515 313.425
3.20824 -1.40299 313.534
3.07966 -1.41154 313.624
2.97643 -1.41739 313.752

4.99219 -1.35834 314.206
4.93531 -1.35307 313.885
4.88832 -1.35055 313.714
4.74715 -1.34546 313.345
4.61426 -1.34563 313.113
4.47664 -1.3485 313.18
4.27103 -1.35194 313.056
4.06574 -1.3565 313.021
3.83587 -1.36191 312.971
3.63356 -1.36578 313

5.82318 -1.339 314.762
5.86289 -1.32876 314.258
5.8479 -1.3236 313.994
5.74484 -1.31313 313.405
5.61239 -1.30963 313.063
5.45588 -1.30922 312.981
5.19965 -1.30872 312.688
4.92325 -1.31001 312.509
4.59208 -1.31228 312.319
4.29068 -1.31416 312.248

6.65417 -1.31965 315.318
6.79047 -1.30446 314.631
6.80748 -1.29664 314.274
6.74253 -1.2808 313.465
6.61052 -1.27362 313.014
6.43512 -1.26994 312.782
6.12827 -1.26551 312.319
5.78076 -1.26353 311.997
5.3483 -1.26266 311.667
4.9478 -1.26255 311.496

7.48516 -1.30031 315.873
7.71805 -1.28015 315.004
7.76706 -1.26969 314.554
7.74023 -1.24847 313.524
7.60865 -1.23762 312.964
7.41436 -1.23066 312.583
7.05689 -1.2223 311.951
6.63827 -1.21704 311.484
6.10451 -1.21303 311.014
5.60492 -1.21093 310.744

0.802907 -0.455784 311.442
0.26185 -0.475504 312.044
0.0546679 -0.486301 312.339
-0.276187 -0.508595 313.089
-0.409906 -0.527465 313.41
-0.451482 -0.546203 314.214
-0.401059 -0.569383 314.943
-0.247475 -0.590419 315.631
0.0333505 -0.611583 316.285
0.330375 -0.625421 316.814

1.6339 -0.43644 311.998
1.18943 -0.451198 312.417
1.01425 -0.459348 312.619
0.721507 -0.476266 313.148
0.588223 -0.491461 313.36
0.52776 -0.506924 314.016
0.527561 -0.526171 314.575
0.610033 -0.543929 315.118
0.789564 -0.561956 315.632
0.987498 -0.573807 316.062

2.46489 -0.417096 312.554
2.11701 -0.426891 312.79
1.97383 -0.432395 312.9
1.7192 -0.443936 313.208
1.58635 -0.455458 313.311
1.507 -0.467646 313.817
1.45618 -0.48296 314.206
1.46754 -0.497439 314.606
1.54578 -0.512329 314.98
1.64462 -0.522192 315.31

3.29588 -0.397753 313.11
3.04459 -0.402585 313.163
2.93341 -0.405442 313.18
2.71689 -0.411606 313.268
2.58448 -0.419454 313.262
2.48624 -0.428368 313.618
2.3848 -0.439749 313.838
2.32505 -0.450949 314.094
2.30199 -0.462702 314.327
2.30174 -0.470578 314.558

4.12687 -0.378409 313.666
3.97217 -0.378279 313.536
3.89298 -0.378489 313.46
3.71459 -0.379277 313.327
3.58261 -0.383451 313.212
3.46549 -0.38909 313.419
3.31342 -0.396538 313.469
3.18256 -0.40446 313.581
3.0582 -0.413075 313.675
2.95887 -0.418963 313.806

4.95786 -0.359065 314.222
4.89975 -0.353973 313.909
4.85256 -0.351536 313.74
4.71228 -0.346947 313.387
4.58074 -0.347447 313.163
4.44473 -0.349812 313.22
4.24204 -0.353326 313.101
4.04007 -0.35797 313.069
3.81442 -0.363447 313.022
3.61599 -0.367348 313.054

5.78885 -0.339722 314.778
5.82733 -0.329667 314.281
5.81214 -0.324583 314.02
5.70998 -0.314617 313.447
5.57887 -0.311443 313.113
5.42397 -0.310534 313.021
5.17066 -0.310115 312.732
4.89758 -0.31148 312.557
4.57063 -0.31382 312.37
4.27311 -0.315734 312.302

6.61984 -0.320378 315.334
6.75491 -0.305361 314.654
6.77172 -0.297629 314.3
6.70767 -0.282288 313.507
6.577 -0.27544 313.064
6.40321 -0.271256 312.822
6.09928 -0.266904 312.364
5.75509 -0.26499 312.044
5.32684 -0.264193 311.718
4.93023 -0.264119 311.55

7.45083 -0.301034 315.89
7.68249 -0.281055 315.027
7.7313 -0.270676 314.58
7.70536 -0.249958 313.566
7.57513 -0.239436 313.014
7.38245 -0.231978 312.624
7.0279 -0.223693 311.995
6.61259 -0.2185 311.532
6.08306 -0.214566 311.065
5.58736 -0.212504 310.798

0.768574 0.54349 311.459
0.226292 0.523592 312.068
0.0189088 0.512712 312.366
-0.311051 0.489917 313.131
-0.443431 0.470717 313.46
-0.483394 0.452483 314.254
-0.430045 0.429226 314.987
-0.273152 0.408116 315.678
0.0118961 0.386881 316.336
0.31281 0.373009 316.867

1.59956 0.562833 312.015
1.15387 0.547898 312.441
0.978488 0.539665 312.646
0.686642 0.522246 313.19
0.554698 0.50672 313.41
0.495848 0.491761 314.056
0.498575 0.472437 314.619
0.584357 0.454606 315.166
0.768109 0.436508 315.683
0.969933 0.424624 316.115

2.43055 0.582177 312.571
2.08145 0.572204 312.813
1.93807 0.566618 312.926
1.68434 0.554576 313.25
1.55283 0.542724 313.361
1.47509 0.531039 313.857
1.4272 0.515648 314.25
1.44187 0.501096 314.654
1.52432 0.486135 315.031
1.62706 0.476238 315.363

3.26154 0.601521 313.127
3.00903 0.59651 313.186
2.89765 0.593571 313.206
2.68203 0.586906 313.31
2.55096 0.578728 313.312
2.45433 0.570317 313.658
2.35582 0.55886 313.882
2.29937 0.547585 314.141
2.28054 0.535762 314.378
2.28418 0.527853 314.611

4.09253 0.620864 313.683
3.93661 0.620816 313.559
3.85723 0.620524 313.486
3.67972 0.619235 313.369
3.54909 0.614731 313.262
3.43357 0.609595 313.459
3.28444 0.602071 313.513
3.15688 0.594075 313.629
3.03675 0.585389 313.726
2.9413 0.579468 313.859

4.92352 0.640208 314.239
4.86419 0.645122 313.932
4.8168 0.647477 313.766
4.67742 0.651565 313.429
4.54721 0.650735 313.213
4.41282 0.648873 313.26
4.21306 0.645282 313.145
4.01439 0.640565 313.117
3.79296 0.635017 313.074
3.59842 0.631082 313.107

5.75451 0.659552 314.795
5.79177 0.669428 314.305
5.77638 0.67443 314.047
5.67511 0.683895 313.489
5.54534 0.686738 313.163
5.39206 0.688152 313.061
5.14168 0.688493 312.776
4.8719 0.687055 312.604
4.54918 0.684644 312.421
4.25555 0.682697 312.355

6.58551 0.678895 315.351
6.71936 0.693734 314.677
6.73596 0.701383 314.327
6.67281 0.716224 313.548
6.54347 0.722742 313.114
6.3713 0.72743 312.863
6.0703 0.731705 312.408
5.72941 0.733545 312.092
5.30539 0.734271 311.769
4.91267 0.734312 311.603

7.4165 0.698239 315.907
7.64694 0.71804 315.05
7.69554 0.728336 314.607
7.6705 0.748554 313.608
7.5416 0.758745 313.065
7.35054 0.766708 312.664
6.99892 0.774916 312.039
6.58692 0.780035 311.58
6.0616 0.783898 311.116
5.56979 0.785926 310.851

0.734241 1.54276 311.476
0.190735 1.52269 312.091
-0.0168502 1.51172 312.392
-0.345916 1.48843 313.173
-0.476956 1.4689 313.51
-0.515306 1.45117 314.295
-0.459032 1.42783 315.031
-0.298828 1.40665 315.726
-0.00955826 1.38534 316.387
0.295244 1.37144 316.92

1.56523 1.56211 312.031
1.11831 1.54699 312.464
0.942729 1.53868 312.672
0.651778 1.52076 313.232
0.521173 1.5049 313.461
0.463936 1.49045 314.096
0.469589 1.47105 314.663
0.55868 1.45314 315.214
0.746655 1.43497 315.734
0.952367 1.42305 316.168

2.39622 1.58145 312.587
2.0459 1.5713 312.837
1.90231 1.56563 312.952
1.64947 1.55309 313.292
1.5193 1.54091 313.411
1.44318 1.52972 313.897
1.39821 1.51426 314.294
1.41619 1.49963 314.701
1.50287 1.4846 315.082
1.60949 1.47467 315.416

3.22721 1.60079 313.143
2.97348 1.59561 313.21
2.86189 1.59258 313.232
2.64717 1.58542 313.352
2.51743 1.57691 313.362
2.42242 1.569 313.698
2.32683 1.55747 313.926
2.2737 1.54612 314.189
2.25908 1.53423 314.43
2.26661 1.52628 314.664

4.0582 1.62014 313.699
3.90106 1.61991 313.582
3.82147 1.61954 313.513
3.64486 1.61775 313.411
3.51556 1.61291 313.312
3.40166 1.60828 313.499
3.25545 1.60068 313.557
3.13121 1.59261 313.677
3.01529 1.58385 313.777
2.92374 1.5779 313.912

4.88919 1.63948 314.255
4.82864 1.64422 313.955
4.78105 1.64649 313.793
4.64255 1.65008 313.471
4.51369 1.64892 313.263
4.3809 1.64756 313.3
4.18407 1.64389 313.189
3.98871 1.6391 313.164
3.77151 1.63348 313.125
3.58086 1.62951 313.16

5.72018 1.65883 314.811
5.75622 1.66852 314.328
5.74062 1.67344 314.073
5.64025 1.68241 313.531
5.51182 1.68492 313.213
5.36014 1.68684 313.101
5.11269 1.6871 312.82
4.84622 1.68559 312.652
4.52772 1.68311 312.472
4.23798 1.68113 312.408

6.55117 1.67817 315.367
6.6838 1.69283 314.701
6.7002 1.7004 314.353
6.63794 1.71474 313.59
6.50995 1.72092 313.164
6.33939 1.72611 312.903
6.04131 1.73031 312.452
5.70373 1.73208 312.14
5.28393 1.73274 311.82
4.8951 1.73274 311.656

7.38216 1.69751 315.923
7.61138 1.71714 315.074
7.65978 1.72735 314.633
7.63564 1.74707 313.65
7.50808 1.75693 313.115
7.31863 1.76539 312.704
6.96993 1.77352 312.083
6.56124 1.77857 311.627
6.04015 1.78236 311.167
5.55223 1.78436 310.904

0.699909 2.54204 311.492
0.155177 2.52178 312.114
-0.0526093 2.51074 312.418
-0.38078 2.48694 313.215
-0.510482 2.46708 313.56
-0.547218 2.44985 314.335
-0.488018 2.42644 315.075
-0.324505 2.40519 315.774
-0.0310126 2.38381 316.438
0.277679 2.36987 316.973

1.5309 2.56138 312.048
1.08276 2.54609 312.487
0.90697 2.53769 312.699
0.616914 2.51927 313.274
0.487647 2.50308 313.511
0.432024 2.48913 314.136
0.440603 2.46965 314.707
0.533004 2.45168 315.261
0.725201 2.43344 315.785
0.934801 2.42148 316.221

2.36189 2.58072 312.604
2.01034 2.57039 312.86
1.86655 2.56464 312.979
1.61461 2.5516 313.334
1.48578 2.53909 313.461
1.41127 2.52841 313.937
1.36922 2.51287 314.338
1.39051 2.49817 314.749
1.48141 2.48306 315.133
1.59192 2.4731 315.469

3.19288 2.60007 313.16
2.93792 2.5947 313.233
2.82613 2.5916 313.259
2.6123 2.58393 313.394
2.48391 2.57509 313.412
2.39051 2.56769 313.738
2.29784 2.55608 313.97
2.24802 2.54466 314.237
2.23763 2.53269 314.481
2.24905 2.52471 314.717

4.02387 2.61941 313.716
3.8655 2.61901 313.606
3.78571 2.61855 313.539
3.61 2.61626 313.453
3.48203 2.61109 313.362
3.36975 2.60697 313.539
3.22646 2.59929 313.601
3.10553 2.59115 313.724
2.99384 2.58232 313.828
2.90617 2.57633 313.965

4.85486 2.63875 314.272
4.79308 2.64331 313.979
4.74529 2.6455 313.819
4.60769 2.64859 313.513
4.48016 2.6471 313.313
4.34899 2.64624 313.34
4.15508 2.6425 313.233
3.96304 2.63763 313.212
3.75005 2.63194 313.176
3.56329 2.62794 313.213

5.68585 2.6581 314.828
5.72066 2.66762 314.351
5.70487 2.67245 314.099
5.60538 2.68092 313.573
5.47829 2.6831 313.264
5.32823 2.68552 313.142
5.0837 2.68571 312.864
4.82055 2.68412 312.7
4.50627 2.68157 312.523
4.22042 2.67956 312.461

6.51684 2.67744 315.384
6.64824 2.69192 314.724
6.66444 2.69941 314.379
6.60308 2.71325 313.632
6.47642 2.71911 313.214
6.30747 2.7248 312.943
6.01232 2.72892 312.496
5.67806 2.73061 312.187
5.26248 2.7312 311.871
4.87754 2.73117 311.709

7.34783 2.69679 315.94
7.57582 2.71623 315.097
7.62402 2.72636 314.66
7.60077 2.74558 313.692
7.47455 2.75511 313.165
7.28672 2.76408 312.744
6.94095 2.77213 312.127
6.53556 2.7771 311.675
6.01869 2.78083 311.218
5.53466 2.78279 310.957

0.665576 3.54131 311.509
0.119619 3.52088 312.138
-0.0883684 3.50975 312.445
-0.415644 3.48545 313.256
-0.544007 3.46526 313.61
-0.579129 3.44854 314.375
-0.517004 3.42505 315.119
-0.350181 3.40372 315.821
-0.052467 3.38227 316.489
0.260113 3.3683 317.026

1.49657 3.56065 312.065
1.0472 3.54518 312.51
0.871211 3.5367 312.725
0.582049 3.51778 313.316
0.454122 3.50127 313.561
0.400112 3.48782 314.176
0.411617 3.46826 314.751
0.507327 3.45021 315.309
0.703746 3.4319 315.837
0.917236 3.41992 316.274

2.32756 3.58 312.621
1.97478 3.56949 312.883
1.83079 3.56366 313.005
1.57974 3.55011 313.376
1.45225 3.53727 313.511
1.37935 3.5271 313.977
1.34024 3.51147 314.382
1.36484 3.4967 314.797
1.45996 3.48153 315.184
1.57436 3.47153 315.522

3.15855 3.59934 313.176
2.90236 3.5938 313.256
2.79037 3.59061 313.285
2.57744 3.58244 313.435
2.45038 3.57327 313.462
2.3586 3.56637 313.778
2.26886 3.55469 314.014
2.22234 3.54319 314.284
2.21617 3.53115 314.532
2.23148 3.52314 314.77

3.98954 3.61868 313.732
3.82994 3.6181 313.629
3.74995 3.61756 313.565
3.57513 3.61477 313.495
3.44851 3.60928 313.412
3.33784 3.60565 313.579
3.19748 3.5979 313.645
3.07985 3.58968 313.772
2.97239 3.58078 313.879
2.8886 3.57476 314.018

4.82053 3.63803 314.288
4.75752 3.64241 314.002
4.70953 3.64451 313.845
4.57283 3.6471 313.555
4.44664 3.64528 313.363
4.31708 3.64493 313.381
4.1261 3.64111 313.277
3.93736 3.63617 313.26
3.7286 3.63041 313.227
3.54573 3.62637 313.266

5.65152 3.65737 314.844
5.6851 3.66671 314.375
5.66911 3.67147 314.126
5.57052 3.67943 313.615
5.44477 3.68128 313.314
5.29632 3.68421 313.182
5.05472 3.68432 312.908
4.79487 3.68266 312.747
4.48481 3.68004 312.574
4.20285 3.67799 312.514

6.48251 3.67672 315.4
6.61268 3.69102 314.747
6.62869 3.69842 314.406
6.56821 3.71176 313.674
6.4429 3.71729 313.264
6.27556 3.72349 312.983
5.98334 3.72753 312.54
5.65238 3.72915 312.235
5.24103 3.72966 311.922
4.85997 3.7296 311.762

7.3135 3.69606 315.956
7.54026 3.71533 315.12
7.58827 3.72537 314.686
7.56591 3.74409 313.734
7.44103 3.75329 313.215
7.2548 3.76276 312.784
6.91196 3.77074 312.171
6.50989 3.77564 311.722
5.99724 3.77929 311.27
5.5171 3.78122 311.01

