-4.33704 -96.93 1700.5
-8.29555 -96.9362 1701.39
-11.6285 -96.9495 1703.1
-14.5991 -96.96 1705.02
-17.3283 -97.0277 1708.84
-19.5386 -96.9923 1710.61
-21.2843 -97.0226 1714.31
-22.4731 -97.0487 1718.33
-23.0797 -97.0709 1722.54
-23.0754 -97.0827 1727.4

-3.56149 -96.9104 1701.14
-7.42327 -96.916 1701.88
-10.6909 -96.929 1703.44
-13.6195 -96.9391 1705.22
-16.3288 -97.0037 1708.82
-18.5432 -96.9716 1710.51
-20.3175 -97.0014 1714.06
-21.5583 -97.0276 1717.93
-22.2394 -97.05 1722
-22.341 -97.0623 1726.73

-2.78594 -96.8907 1701.77
-6.551 -96.8958 1702.37
-9.75318 -96.9085 1703.79
-12.64 -96.9182 1705.42
-15.3292 -96.9797 1708.8
-17.5478 -96.9509 1710.42
-19.3507 -96.9802 1713.8
-20.6434 -97.0065 1717.53
-21.3991 -97.029 1721.46
-21.6066 -97.0419 1726.05

-2.0104 -96.871 1702.4
-5.67872 -96.8756 1702.86
-8.81551 -96.888 1704.14
-11.6604 -96.8973 1705.62
-14.3297 -96.9556 1708.79
-16.5524 -96.9302 1710.32
-18.3838 -96.9591 1713.55
-19.7286 -96.9854 1717.12
-20.5587 -97.0081 1720.92
-20.8722 -97.0216 1725.37

-1.23485 -96.8513 1703.03
-4.80645 -96.8554 1703.35
-7.87783 -96.8675 1704.48
-10.6808 -96.8764 1705.82
-13.3302 -96.9316 1708.77
-15.5571 -96.9095 1710.23
-17.417 -96.9379 1713.29
-18.8138 -96.9643 1716.72
-19.7184 -96.9871 1720.38
-20.1378 -97.0012 1724.69

-0.459307 -96.8316 1703.66
-3.93418 -96.8352 1703.84
-6.94015 -96.8469 1704.83
-9.70119 -96.8555 1706.02
-12.3306 -96.9076 1708.75
-14.5617 -96.8888 1710.14
-16.4501 -96.9167 1713.04
-17.8989 -96.9432 1716.32
-18.8781 -96.9662 1719.83
-19.4035 -96.9808 1724.01

0.316239 -96.812 1704.29
-3.0619 -96.8149 1704.33
-6.00247 -96.8264 1705.18
-8.72161 -96.8346 1706.22
-11.3311 -96.8836 1708.73
-13.5663 -96.8682 1710.04
-15.4833 -96.8955 1712.78
-16.9841 -96.9221 1715.91
-18.0378 -96.9452 1719.29
-18.6691 -96.9605 1723.33

1.09178 -96.7923 1704.92
-2.18963 -96.7947 1704.81
-5.0648 -96.8059 1705.53
-7.74202 -96.8137 1706.42
-10.3315 -96.8596 1708.71
-12.571 -96.8475 1709.95
-14.5165 -96.8743 1712.53
-16.0692 -96.9009 1715.51
-17.1975 -96.9243 1718.75
-17.9347 -96.9401 1722.65

1.86733 -96.7726 1705.55
-1.31735 -96.7745 1705.3
-4.12712 -96.7854 1705.87
-6.76243 -96.7928 1706.62
-9.332 -96.8355 1708.69
-11.5756 -96.8268 1709.86
-13.5496 -96.8532 1712.27
-15.1544 -96.8798 1715.11
-16.3572 -96.9033 1718.21
-17.2003 -96.9197 1721.98

-4.38437 -95.9315 1700.53
-8.33785 -95.9377 1701.43
-11.6653 -95.951 1703.14
-14.6299 -95.9616 1705.07
-17.3521 -96.0281 1708.86
-19.5551 -95.9934 1710.65
-21.2933 -96.0238 1714.36
-22.4745 -96.0499 1718.38
-23.0734 -96.0721 1722.59
-23.0609 -96.0838 1727.45

-3.60883 -95.9118 1701.16
-7.46558 -95.9175 1701.92
-10.7276 -95.9305 1703.48
-13.6503 -95.9407 1705.27
-16.3525 -96.0041 1708.84
-18.5597 -95.9728 1710.56
-20.3264 -96.0027 1714.1
-21.5596 -96.0288 1717.98
-22.2331 -96.0512 1722.05
-22.3265 -96.0634 1726.77

-2.83328 -95.8922 1701.79
-6.5933 -95.8973 1702.41
-9.78995 -95.91 1703.83
-12.6707 -95.9198 1705.47
-15.353 -95.98 1708.82
-17.5644 -95.9521 1710.46
-19.3596 -95.9815 1713.85
-20.6448 -96.0077 1717.58
-21.3927 -96.0302 1721.51
-21.5921 -96.0431 1726.09

-2.05773 -95.8725 1702.42
-5.72103 -95.8771 1702.89
-8.85227 -95.8895 1704.18
-11.6911 -95.8989 1705.67
-14.3534 -95.956 1708.8
-16.569 -95.9314 1710.37
-18.3927 -95.9603 1713.6
-19.7299 -95.9866 1717.17
-20.5524 -96.0093 1720.97
-20.8577 -96.0227 1725.41

-1.28219 -95.8528 1703.06
-4.84875 -95.8568 1703.38
-7.91459 -95.8689 1704.52
-10.7115 -95.878 1705.87
-13.3539 -95.932 1708.78
-15.5736 -95.9107 1710.28
-17.4259 -95.9391 1713.34
-18.8151 -95.9655 1716.77
-19.7121 -95.9883 1720.43
-20.1233 -96.0023 1724.74

-0.506642 -95.8331 1703.69
-3.97648 -95.8366 1703.87
-6.97691 -95.8484 1704.87
-9.73192 -95.857 1706.07
-12.3544 -95.908 1708.76
-14.5782 -95.89 1710.18
-16.4591 -95.918 1713.09
-17.9003 -95.9444 1716.37
-18.8718 -95.9674 1719.88
-19.3889 -95.982 1724.06

0.268904 -95.8134 1704.32
-3.1042 -95.8164 1704.36
-6.03924 -95.8279 1705.22
-8.75233 -95.8361 1706.27
-11.3548 -95.8839 1708.74
-13.5829 -95.8693 1710.09
-15.4922 -95.8968 1712.83
-16.9854 -95.9233 1715.96
-18.0315 -95.9464 1719.34
-18.6545 -95.9616 1723.38

1.04445 -95.7938 1704.95
-2.23193 -95.7962 1704.85
-5.10156 -95.8074 1705.57
-7.77274 -95.8152 1706.47
-10.3553 -95.8599 1708.72
-12.5875 -95.8486 1709.99
-14.5254 -95.8756 1712.58
-16.0706 -95.9022 1715.56
-17.1912 -95.9255 1718.8
-17.9201 -95.9412 1722.7

1.82 -95.7741 1705.58
-1.35965 -95.776 1705.34
-4.16388 -95.7868 1705.91
-6.79316 -95.7943 1706.67
-9.35576 -95.8359 1708.71
-11.5921 -95.8279 1709.9
-13.5585 -95.8544 1712.32
-15.1557 -95.881 1715.16
-16.3509 -95.9045 1718.26
-17.1857 -95.9209 1722.02

-4.43171 -94.933 1700.56
-8.38015 -94.9392 1701.46
-11.7021 -94.9525 1703.18
-14.6606 -94.9631 1705.12
-17.3758 -95.0285 1708.87
-19.5716 -94.9946 1710.7
-21.3022 -95.0251 1714.41
-22.4758 -95.0512 1718.43
-23.0671 -95.0733 1722.64
-23.0463 -95.085 1727.5

-3.65616 -94.9133 1701.19
-7.50788 -94.919 1701.95
-10.7644 -94.932 1703.52
-13.681 -94.9422 1705.32
-16.3763 -95.0044 1708.85
-18.5763 -94.9739 1710.6
-20.3354 -95.0039 1714.15
-21.561 -95.03 1718.03
-22.2267 -95.0524 1722.1
-22.3119 -95.0646 1726.82

-2.88061 -94.8936 1701.82
-6.6356 -94.8988 1702.44
-9.82671 -94.9115 1703.87
-12.7014 -94.9213 1705.52
-15.3767 -94.9804 1708.83
-17.5809 -94.9532 1710.51
-19.3685 -94.9827 1713.9
-20.6461 -95.0089 1717.63
-21.3864 -95.0314 1721.56
-21.5775 -95.0442 1726.14

-2.10507 -94.874 1702.45
-5.76333 -94.8785 1702.93
-8.88903 -94.891 1704.22
-11.7218 -94.9004 1705.72
-14.3772 -94.9564 1708.81
-16.5855 -94.9325 1710.41
-18.4017 -94.9616 1713.64
-19.7313 -94.9878 1717.22
-20.5461 -95.0105 1721.02
-20.8432 -95.0239 1725.46

-1.32952 -94.8543 1703.08
-4.89105 -94.8583 1703.42
-7.95135 -94.8704 1704.57
-10.7422 -94.8795 1705.92
-13.3777 -94.9324 1708.79
-15.5901 -94.9118 1710.32
-17.4348 -94.9404 1713.39
-18.8164 -94.9667 1716.82
-19.7058 -94.9895 1720.47
-20.1088 -95.0035 1724.78

-0.553977 -94.8346 1703.71
-4.01878 -94.8381 1703.91
-7.01368 -94.8499 1704.91
-9.76265 -94.8586 1706.11
-12.3781 -94.9084 1708.78
-14.5948 -94.8911 1710.23
-16.468 -94.9192 1713.14
-17.9016 -94.9456 1716.42
-18.8655 -94.9686 1719.93
-19.3744 -94.9831 1724.1

0.221569 -94.8149 1704.34
-3.1465 -94.8179 1704.39
-6.076 -94.8294 1705.26
-8.78306 -94.8377 1706.31
-11.3786 -94.8843 1708.76
-13.5994 -94.8704 1710.13
-15.5012 -94.898 1712.88
-16.9868 -94.9245 1716.01
-18.0252 -94.9476 1719.39
-18.64 -94.9628 1723.42

0.997115 -94.7952 1704.98
-2.27423 -94.7977 1704.88
-5.13832 -94.8089 1705.61
-7.80347 -94.8168 1706.51
-10.3791 -94.8603 1708.74
-12.604 -94.8497 1710.04
-14.5343 -94.8768 1712.63
-16.0719 -94.9034 1715.61
-17.1849 -94.9267 1718.85
-17.9056 -94.9424 1722.75

1.77266 -94.7756 1705.61
-1.40195 -94.7775 1705.37
-4.20064 -94.7883 1705.95
-6.82388 -94.7959 1706.71
-9.37952 -94.8363 1708.72
-11.6087 -94.8291 1709.94
-13.5675 -94.8557 1712.37
-15.1571 -94.8823 1715.21
-16.3445 -94.9057 1718.31
-17.1712 -94.922 1722.07

-4.47904 -93.9345 1700.59
-8.42245 -93.9407 1701.5
-11.7388 -93.954 1703.22
-14.6913 -93.9647 1705.16
-17.3996 -94.0288 1708.88
-19.5882 -93.9957 1710.74
-21.3111 -94.0263 1714.46
-22.4771 -94.0524 1718.48
-23.0607 -94.0745 1722.69
-23.0318 -94.0861 1727.54

-3.7035 -93.9148 1701.22
-7.55018 -93.9204 1701.99
-10.8011 -93.9335 1703.56
-13.7117 -93.9437 1705.36
-16.4 -94.0048 1708.86
-18.5928 -93.975 1710.65
-20.3443 -94.0052 1714.2
-21.5623 -94.0313 1718.08
-22.2204 -94.0536 1722.15
-22.2974 -94.0658 1726.86

-2.92795 -93.8951 1701.85
-6.6779 -93.9002 1702.47
-9.86347 -93.913 1703.91
-12.7321 -93.9228 1705.56
-15.4005 -93.9808 1708.85
-17.5974 -93.9543 1710.55
-19.3775 -93.984 1713.95
-20.6475 -94.0101 1717.67
-21.3801 -94.0326 1721.61
-21.563 -94.0454 1726.18

-2.1524 -93.8755 1702.48
-5.80563 -93.88 1702.96
-8.92579 -93.8924 1704.26
-11.7525 -93.9019 1705.76
-14.401 -93.9568 1708.83
-16.6021 -93.9337 1710.46
-18.4106 -93.9628 1713.69
-19.7326 -93.989 1717.27
-20.5398 -94.0117 1721.06
-20.8286 -94.025 1725.51

-1.37686 -93.8558 1703.11
-4.93336 -93.8598 1703.45
-7.98812 -93.8719 1704.61
-10.773 -93.881 1705.96
-13.4014 -93.9328 1708.81
-15.6067 -93.913 1710.36
-17.4438 -93.9416 1713.44
-18.8178 -93.9679 1716.87
-19.6995 -93.9907 1720.52
-20.0942 -94.0046 1724.83

-0.601312 -93.8361 1703.74
-4.06108 -93.8396 1703.94
-7.05044 -93.8514 1704.95
-9.79337 -93.8601 1706.16
-12.4019 -93.9087 1708.79
-14.6113 -93.8923 1710.27
-16.4769 -93.9204 1713.19
-17.9029 -93.9468 1716.46
-18.8592 -93.9698 1719.98
-19.3598 -93.9843 1724.15

0.174234 -93.8164 1704.37
-3.18881 -93.8194 1704.43
-6.11276 -93.8309 1705.3
-8.81378 -93.8392 1706.36
-11.4024 -93.8847 1708.77
-13.6159 -93.8716 1710.18
-15.5101 -93.8993 1712.93
-16.9881 -93.9257 1716.06
-18.0189 -93.9488 1719.44
-18.6254 -93.9639 1723.47

0.94978 -93.7967 1705
-2.31653 -93.7992 1704.92
-5.17509 -93.8103 1705.65
-7.8342 -93.8183 1706.56
-10.4028 -93.8607 1708.75
-12.6206 -93.8509 1710.08
-14.5433 -93.8781 1712.68
-16.0733 -93.9046 1715.66
-17.1785 -93.9279 1718.9
-17.891 -93.9435 1722.79

1.72533 -93.7771 1705.63
-1.44426 -93.779 1705.41
-4.23741 -93.7898 1705.99
-6.85461 -93.7974 1706.76
-9.40328 -93.8367 1708.73
-11.6252 -93.8302 1709.99
-13.5764 -93.8569 1712.42
-15.1584 -93.8835 1715.26
-16.3382 -93.9069 1718.36
-17.1567 -93.9232 1722.11

-4.52638 -92.936 1700.61
-8.46476 -92.9421 1701.53
-11.7756 -92.9555 1703.26
-14.722 -92.9662 1705.21
-17.4233 -93.0292 1708.9
-19.6047 -92.9969 1710.79
-21.3201 -93.0276 1714.51
-22.4785 -93.0536 1718.53
-23.0544 -93.0757 1722.74
-23.0172 -93.0873 1727.59

-3.75083 -92.9163 1701.24
-7.59248 -92.9219 1702.02
-10.8379 -92.935 1703.61
-13.7424 -92.9453 1705.41
-16.4238 -93.0052 1708.88
-18.6093 -92.9762 1710.69
-20.3532 -93.0064 1714.25
-21.5636 -93.0325 1718.13
-22.2141 -93.0547 1722.2
-22.2828 -93.0669 1726.91

-2.97528 -92.8966 1701.88
-6.72021 -92.9017 1702.51
-9.90023 -92.9145 1703.95
-12.7629 -92.9244 1705.61
-15.4243 -92.9812 1708.86
-17.614 -92.9555 1710.6
-19.3864 -92.9852 1714
-20.6488 -93.0114 1717.72
-21.3738 -93.0338 1721.65
-21.5485 -93.0465 1726.23

-2.19974 -92.8769 1702.51
-5.84793 -92.8815 1703
-8.96256 -92.8939 1704.3
-11.7833 -92.9035 1705.81
-14.4247 -92.9572 1708.84
-16.6186 -92.9348 1710.5
-18.4196 -92.9641 1713.74
-19.734 -92.9902 1717.32
-20.5335 -93.0128 1721.11
-20.8141 -93.0262 1725.55

-1.42419 -92.8573 1703.14
-4.97566 -92.8613 1703.49
-8.02488 -92.8734 1704.65
-10.8037 -92.8826 1706.01
-13.4252 -92.9331 1708.82
-15.6232 -92.9141 1710.41
-17.4527 -92.9429 1713.49
-18.8191 -92.9691 1716.92
-19.6932 -92.9919 1720.57
-20.0797 -93.0058 1724.87

-0.648647 -92.8376 1703.77
-4.10338 -92.8411 1703.97
-7.0872 -92.8529 1704.99
-9.8241 -92.8617 1706.21
-12.4256 -92.9091 1708.8
-14.6278 -92.8934 1710.32
-16.4859 -92.9217 1713.23
-17.9043 -92.948 1716.51
-18.8529 -92.9709 1720.03
-19.3453 -92.9854 1724.19

0.126899 -92.8179 1704.4
-3.23111 -92.8209 1704.46
-6.14953 -92.8324 1705.34
-8.84451 -92.8408 1706.41
-11.4261 -92.8851 1708.79
-13.6325 -92.8727 1710.22
-15.519 -92.9005 1712.98
-16.9894 -92.9269 1716.11
-18.0125 -92.95 1719.49
-18.6109 -92.9651 1723.52

0.902445 -92.7982 1705.03
-2.35883 -92.8006 1704.95
-5.21185 -92.8118 1705.69
-7.86492 -92.8198 1706.61
-10.4266 -92.8611 1708.77
-12.6371 -92.852 1710.13
-14.5522 -92.8793 1712.73
-16.0746 -92.9058 1715.71
-17.1722 -92.9291 1718.95
-17.8765 -92.9447 1722.84

1.67799 -92.7785 1705.66
-1.48656 -92.7804 1705.44
-4.27417 -92.7913 1706.03
-6.88533 -92.7989 1706.81
-9.42704 -92.8371 1708.75
-11.6417 -92.8313 1710.03
-13.5854 -92.8582 1712.47
-15.1598 -92.8847 1715.3
-16.3319 -92.9081 1718.4
-17.1421 -92.9243 1722.16

-4.57371 -91.9375 1700.64
-8.50706 -91.9436 1701.57
-11.8124 -91.957 1703.3
-14.7528 -91.9677 1705.25
-17.4471 -92.0296 1708.91
-19.6212 -91.998 1710.83
-21.329 -92.0288 1714.56
-22.4798 -92.0548 1718.58
-23.0481 -92.0769 1722.79
-23.0027 -92.0884 1727.63

-3.79817 -91.9178 1701.27
-7.63478 -91.9234 1702.05
-10.8747 -91.9365 1703.65
-13.7732 -91.9468 1705.45
-16.4475 -92.0056 1708.89
-18.6259 -91.9773 1710.74
-20.3622 -92.0077 1714.3
-21.565 -92.0337 1718.18
-22.2078 -92.0559 1722.24
-22.2683 -92.0681 1726.95

-3.02262 -91.8981 1701.9
-6.76251 -91.9032 1702.54
-9.937 -91.9159 1703.99
-12.7936 -91.9259 1705.65
-15.448 -91.9816 1708.87
-17.6305 -91.9566 1710.64
-19.3953 -91.9865 1714.05
-20.6501 -92.0126 1717.77
-21.3675 -92.035 1721.7
-21.5339 -92.0477 1726.28

-2.24707 -91.8784 1702.53
-5.89023 -91.883 1703.03
-8.99932 -91.8954 1704.34
-11.814 -91.905 1705.85
-14.4485 -91.9575 1708.86
-16.6351 -91.9359 1710.55
-18.4285 -91.9653 1713.79
-19.7353 -91.9915 1717.37
-20.5272 -92.014 1721.16
-20.7995 -92.0273 1725.6

-1.47153 -91.8587 1703.16
-5.01796 -91.8628 1703.52
-8.06164 -91.8749 1704.69
-10.8344 -91.8841 1706.05
-13.4489 -91.9335 1708.84
-15.6398 -91.9153 1710.45
-17.4616 -91.9441 1713.54
-18.8205 -91.9704 1716.97
-19.6869 -91.9931 1720.62
-20.0651 -92.007 1724.92

-0.695982 -91.8391 1703.8
-4.14568 -91.8426 1704.01
-7.12397 -91.8544 1705.03
-9.85482 -91.8632 1706.25
-12.4494 -91.9095 1708.82
-14.6444 -91.8946 1710.36
-16.4948 -91.923 1713.28
-17.9056 -91.9492 1716.56
-18.8465 -91.9721 1720.08
-19.3307 -91.9866 1724.24

0.0795645 -91.8194 1704.43
-3.27341 -91.8223 1704.5
-6.18629 -91.8339 1705.38
-8.87524 -91.8423 1706.45
-11.4499 -91.8855 1708.8
-13.649 -91.8739 1710.27
-15.528 -91.9018 1713.03
-16.9908 -91.9281 1716.16
-18.0062 -91.9512 1719.54
-18.5963 -91.9662 1723.56

0.85511 -91.7997 1705.06
-2.40113 -91.8021 1704.99
-5.24861 -91.8133 1705.73
-7.89565 -91.8214 1706.65
-10.4503 -91.8615 1708.78
-12.6536 -91.8532 1710.17
-14.5611 -91.8806 1712.77
-16.0759 -91.907 1715.76
-17.1659 -91.9302 1718.99
-17.862 -91.9458 1722.88

1.63066 -91.78 1705.69
-1.52886 -91.7819 1705.47
-4.31093 -91.7928 1706.07
-6.91606 -91.8005 1706.85
-9.45079 -91.8374 1708.76
-11.6583 -91.8325 1710.08
-13.5943 -91.8594 1712.52
-15.1611 -91.8859 1715.35
-16.3256 -91.9093 1718.45
-17.1276 -91.9255 1722.21

-4.62105 -90.939 1700.67
-8.54936 -90.9451 1701.6
-11.8491 -90.9585 1703.34
-14.7835 -90.9693 1705.3
-17.4708 -91.03 1708.93
-19.6378 -90.9992 1710.87
-21.3379 -91.0301 1714.6
-22.4811 -91.056 1718.63
-23.0418 -91.0781 1722.83
-22.9882 -91.0896 1727.68

-3.8455 -90.9193 1701.3
-7.67708 -90.9249 1702.09
-10.9114 -90.938 1703.69
-13.8039 -90.9484 1705.5
-16.4713 -91.006 1708.91
-18.6424 -90.9785 1710.78
-20.3711 -91.0089 1714.35
-21.5663 -91.0349 1718.23
-22.2015 -91.0571 1722.29
-22.2538 -91.0692 1727

-3.06995 -90.8996 1701.93
-6.80481 -90.9047 1702.58
-9.97376 -90.9174 1704.03
-12.8243 -90.9275 1705.7
-15.4718 -90.9819 1708.89
-17.647 -90.9578 1710.69
-19.4043 -90.9877 1714.1
-20.6515 -91.0138 1717.82
-21.3612 -91.0362 1721.75
-21.5194 -91.0488 1726.32

-2.29441 -90.8799 1702.56
-5.93253 -90.8845 1703.07
-9.03608 -90.8969 1704.38
-11.8447 -90.9065 1705.9
-14.4722 -90.9579 1708.87
-16.6517 -90.9371 1710.59
-18.4374 -90.9666 1713.84
-19.7366 -90.9927 1717.42
-20.5209 -91.0152 1721.21
-20.785 -91.0285 1725.64

-1.51886 -90.8602 1703.19
-5.06026 -90.8643 1703.55
-8.0984 -90.8764 1704.73
-10.8651 -90.8856 1706.1
-13.4727 -90.9339 1708.85
-15.6563 -90.9164 1710.5
-17.4706 -90.9454 1713.59
-18.8218 -90.9716 1717.02
-19.6805 -90.9943 1720.67
-20.0506 -91.0081 1724.96

-0.743316 -90.8406 1703.82
-4.18799 -90.844 1704.04
-7.16073 -90.8559 1705.07
-9.88555 -90.8647 1706.3
-12.4732 -90.9099 1708.83
-14.6609 -90.8957 1710.41
-16.5037 -90.9242 1713.33
-17.907 -90.9505 1716.61
-18.8402 -90.9733 1720.13
-19.3162 -90.9877 1724.29

0.0322296 -90.8209 1704.45
-3.31571 -90.8238 1704.53
-6.22305 -90.8353 1705.42
-8.90596 -90.8438 1706.5
-11.4736 -90.8859 1708.81
-13.6655 -90.875 1710.31
-15.5369 -90.903 1713.08
-16.9921 -90.9293 1716.21
-17.9999 -90.9524 1719.58
-18.5818 -90.9674 1723.61

0.807775 -90.8012 1705.08
-2.44344 -90.8036 1705.02
-5.28537 -90.8148 1705.77
-7.92637 -90.8229 1706.7
-10.4741 -90.8618 1708.8
-12.6702 -90.8543 1710.22
-14.5701 -90.8818 1712.82
-16.0773 -90.9082 1715.81
-17.1596 -90.9314 1719.04
-17.8474 -90.947 1722.93

1.58332 -90.7815 1705.71
-1.57116 -90.7834 1705.51
-4.3477 -90.7943 1706.11
-6.94679 -90.802 1706.9
-9.47455 -90.8378 1708.78
-11.6748 -90.8336 1710.12
-13.6032 -90.8607 1712.57
-15.1624 -90.8871 1715.4
-16.3193 -90.9105 1718.5
-17.113 -90.9266 1722.25

-4.66838 -89.9404 1700.69
-8.59166 -89.9466 1701.63
-11.8859 -89.96 1703.38
-14.8142 -89.9708 1705.35
-17.4946 -90.0304 1708.94
-19.6543 -90.0003 1710.92
-21.3469 -90.0313 1714.65
-22.4825 -90.0572 1718.68
-23.0355 -90.0793 1722.88
-22.9736 -90.0907 1727.72

-3.89284 -89.9208 1701.33
-7.71939 -89.9264 1702.12
-10.9482 -89.9394 1703.73
-13.8346 -89.9499 1705.55
-16.4951 -90.0063 1708.92
-18.6589 -89.9796 1710.83
-20.38 -90.0102 1714.4
-21.5676 -90.0361 1718.28
-22.1952 -90.0583 1722.34
-22.2392 -90.0704 1727.05

-3.11729 -89.9011 1701.96
-6.84711 -89.9062 1702.61
-10.0105 -89.9189 1704.07
-12.855 -89.929 1705.75
-15.4955 -89.9823 1708.9
-17.6636 -89.9589 1710.73
-19.4132 -89.989 1714.15
-20.6528 -90.015 1717.87
-21.3549 -90.0374 1721.8
-21.5048 -90.05 1726.37

-2.34174 -89.8814 1702.59
-5.97484 -89.8859 1703.1
-9.07285 -89.8984 1704.42
-11.8755 -89.9081 1705.95
-14.496 -89.9583 1708.88
-16.6682 -89.9382 1710.64
-18.4464 -89.9678 1713.89
-19.738 -89.9939 1717.47
-20.5145 -90.0164 1721.26
-20.7704 -90.0296 1725.69

-1.5662 -89.8617 1703.22
-5.10256 -89.8657 1703.59
-8.13517 -89.8779 1704.77
-10.8959 -89.8872 1706.15
-13.4965 -89.9343 1708.87
-15.6728 -89.9175 1710.54
-17.4795 -89.9466 1713.64
-18.8231 -89.9728 1717.07
-19.6742 -89.9955 1720.72
-20.036 -90.0093 1725.01

-0.790651 -89.842 1703.85
-4.23029 -89.8455 1704.08
-7.19749 -89.8574 1705.11
-9.91628 -89.8663 1706.35
-12.4969 -89.9103 1708.85
-14.6775 -89.8969 1710.45
-16.5127 -89.9254 1713.38
-17.9083 -89.9517 1716.66
-18.8339 -89.9745 1720.17
-19.3017 -89.9889 1724.33

-0.0151053 -89.8224 1704.48
-3.35801 -89.8253 1704.57
-6.25981 -89.8368 1705.46
-8.93669 -89.8454 1706.55
-11.4974 -89.8862 1708.83
-13.6821 -89.8762 1710.36
-15.5458 -89.9043 1713.13
-16.9935 -89.9306 1716.26
-17.9936 -89.9536 1719.63
-18.5673 -89.9685 1723.65

0.760441 -89.8027 1705.11
-2.48574 -89.8051 1705.05
-5.32214 -89.8163 1705.81
-7.9571 -89.8245 1706.75
-10.4978 -89.8622 1708.81
-12.6867 -89.8555 1710.26
-14.579 -89.8831 1712.87
-16.0786 -89.9094 1715.86
-17.1533 -89.9326 1719.09
-17.8329 -89.9482 1722.97

1.53599 -89.783 1705.74
-1.61346 -89.7849 1705.54
-4.38446 -89.7958 1706.15
-6.97751 -89.8036 1706.95
-9.49831 -89.8382 1708.79
-11.6913 -89.8348 1710.17
-13.6122 -89.8619 1712.62
-15.1638 -89.8883 1715.45
-16.313 -89.9117 1718.55
-17.0985 -89.9278 1722.3

-4.71572 -88.9419 1700.72
-8.63396 -88.9481 1701.67
-11.9226 -88.9615 1703.42
-14.8449 -88.9723 1705.39
-17.5184 -89.0307 1708.95
-19.6709 -89.0014 1710.96
-21.3558 -89.0326 1714.7
-22.4838 -89.0584 1718.73
-23.0292 -89.0805 1722.93
-22.9591 -89.0919 1727.77

-3.94017 -88.9222 1701.35
-7.76169 -88.9279 1702.16
-10.985 -88.9409 1703.77
-13.8654 -88.9514 1705.59
-16.5188 -89.0067 1708.94
-18.6755 -88.9808 1710.87
-20.389 -89.0114 1714.45
-21.569 -89.0373 1718.32
-22.1889 -89.0595 1722.39
-22.2247 -89.0715 1727.09

-3.16462 -88.9026 1701.98
-6.88941 -88.9076 1702.65
-10.0473 -88.9204 1704.11
-12.8858 -88.9305 1705.79
-15.5193 -88.9827 1708.92
-17.6801 -88.9601 1710.78
-19.4221 -88.9902 1714.19
-20.6541 -89.0162 1717.92
-21.3485 -89.0386 1721.85
-21.4903 -89.0511 1726.41

-2.38908 -88.8829 1702.61
-6.01714 -88.8874 1703.13
-9.10961 -88.8999 1704.46
-11.9062 -88.9096 1705.99
-14.5197 -88.9587 1708.9
-16.6847 -88.9394 1710.68
-18.4553 -88.969 1713.94
-19.7393 -88.9951 1717.52
-20.5082 -89.0176 1721.31
-20.7559 -89.0308 1725.73

-1.61353 -88.8632 1703.25
-5.14486 -88.8672 1703.62
-8.17193 -88.8794 1704.81
-10.9266 -88.8887 1706.19
-13.5202 -88.9347 1708.88
-15.6894 -88.9187 1710.59
-17.4885 -88.9479 1713.69
-18.8245 -88.974 1717.11
-19.6679 -88.9967 1720.76
-20.0215 -89.0104 1725.06

-0.837986 -88.8435 1703.88
-4.27259 -88.847 1704.11
-7.23425 -88.8588 1705.15
-9.947 -88.8678 1706.39
-12.5207 -88.9106 1708.86
-14.694 -88.898 1710.5
-16.5216 -88.9267 1713.43
-17.9096 -88.9529 1716.71
-18.8276 -88.9757 1720.22
-19.2871 -88.99 1724.38

-0.0624402 -88.8239 1704.51
-3.40031 -88.8268 1704.6
-6.29658 -88.8383 1705.5
-8.96741 -88.8469 1706.59
-11.5211 -88.8866 1708.84
-13.6986 -88.8773 1710.4
-15.5548 -88.9055 1713.18
-16.9948 -88.9318 1716.31
-17.9873 -88.9548 1719.68
-18.5527 -88.9697 1723.7

0.713106 -88.8042 1705.14
-2.52804 -88.8066 1705.09
-5.3589 -88.8178 1705.85
-7.98783 -88.826 1706.79
-10.5216 -88.8626 1708.82
-12.7032 -88.8566 1710.31
-14.5879 -88.8843 1712.92
-16.08 -88.9107 1715.9
-17.147 -88.9338 1719.14
-17.8183 -88.9493 1723.02

1.48865 -88.7845 1705.77
-1.65576 -88.7864 1705.58
-4.42122 -88.7973 1706.19
-7.00824 -88.8051 1706.99
-9.52207 -88.8386 1708.8
-11.7079 -88.8359 1710.21
-13.6211 -88.8632 1712.67
-15.1651 -88.8895 1715.5
-16.3066 -88.9129 1718.6
-17.0839 -88.9289 1722.34

