7.05497 -0.156576 270.465
6.71959 -0.165462 270.674
6.44885 -0.173598 270.873
6.11136 -0.183724 271.256
5.93134 -0.188044 271.585
5.80452 -0.193451 271.692
5.6836 -0.201461 272.244
5.66156 -0.207366 272.635
5.7099 -0.214042 273.066
5.81945 -0.218511 273.489
5.98755 -0.223041 273.847

7.8389 -0.134766 271.085
7.59023 -0.140742 271.165
7.37899 -0.146297 271.239
7.09652 -0.152591 271.425
6.93052 -0.154433 271.608
6.79973 -0.157602 271.601
6.64181 -0.16255 271.961
6.56557 -0.166453 272.21
6.52861 -0.171224 272.493
6.54005 -0.174382 272.797
6.59135 -0.178078 273.051

8.62282 -0.112955 271.706
8.46087 -0.116022 271.657
8.30913 -0.118996 271.605
8.08169 -0.121459 271.594
7.9297 -0.120823 271.631
7.79494 -0.121754 271.51
7.60002 -0.12364 271.677
7.46958 -0.12554 271.784
7.34731 -0.128406 271.921
7.26065 -0.130254 272.105
7.19515 -0.133115 272.256

9.40675 -0.091144 272.326
9.33151 -0.0913022 272.148
9.23928 -0.0916946 271.971
9.06685 -0.090326 271.763
8.92888 -0.0872126 271.653
8.79014 -0.0859059 271.419
8.55822 -0.08473 271.394
8.37359 -0.0846264 271.359
8.16602 -0.0855885 271.348
7.98125 -0.0861256 271.413
7.79896 -0.0881519 271.46

10.1907 -0.0693333 272.947
10.2022 -0.0665824 272.639
10.1694 -0.0643934 272.337
10.052 -0.0591933 271.931
9.92805 -0.0536022 271.676
9.78535 -0.0500576 271.328
9.51643 -0.0458198 271.11
9.27759 -0.0437132 270.933
8.98472 -0.0427707 270.775
8.70184 -0.0419972 270.721
8.40276 -0.0431888 270.664

10.9746 -0.0475225 273.567
11.0728 -0.0418625 273.131
11.0996 -0.0370922 272.704
11.0372 -0.0280606 272.1
10.9272 -0.0199917 271.699
10.7806 -0.0142094 271.237
10.4746 -0.00690959 270.827
10.1816 -0.00279999 270.508
9.80343 4.70675e-05 270.203
9.42244 0.00213126 270.029
9.00656 0.00177422 269.868

11.7585 -0.0257118 274.188
11.9434 -0.0171427 273.622
12.0297 -0.00979093 273.07
12.0224 0.00307203 272.269
11.9264 0.0136187 271.721
11.7758 0.0216389 271.146
11.4328 0.0320006 270.543
11.0856 0.0381132 270.082
10.6221 0.0428648 269.63
10.143 0.0462597 269.337
9.61037 0.0467373 269.072

12.5424 -0.00390103 274.808
12.8141 0.00757713 274.113
12.9598 0.0175103 273.436
13.0075 0.0342047 272.438
12.9256 0.0472291 271.744
12.771 0.0574872 271.055
12.391 0.0709108 270.26
11.9896 0.0790264 269.656
11.4408 0.0856826 269.058
10.8636 0.0903881 268.645
10.2142 0.0917004 268.276

13.3264 0.0179097 275.429
13.6847 0.032297 274.604
13.89 0.0448115 273.802
13.9927 0.0653374 272.606
13.9248 0.0808396 271.767
13.7662 0.0933355 270.964
13.3493 0.109821 269.977
12.8936 0.11994 269.231
12.2595 0.1285 268.485
11.5842 0.134517 267.953
10.818 0.136663 267.48

7.02708 0.843035 270.465
6.68927 0.834072 270.678
6.41681 0.825864 270.88
6.07773 0.81564 271.268
5.89739 0.811264 271.6
5.77108 0.805603 271.72
5.65126 0.797629 272.272
5.63093 0.791685 272.666
5.68182 0.784967 273.1
5.7943 0.780469 273.526
5.96591 0.775923 273.887

7.81101 0.864845 271.086
7.55991 0.858792 271.169
7.34695 0.853166 271.246
7.0629 0.846772 271.437
6.89656 0.844875 271.623
6.76628 0.841452 271.629
6.60947 0.836539 271.988
6.53494 0.832598 272.241
6.50052 0.827784 272.528
6.51489 0.824597 272.834
6.56971 0.820886 273.091

8.59493 0.886656 271.706
8.43055 0.883512 271.66
8.27709 0.880467 271.612
8.04807 0.877905 271.606
7.89574 0.878485 271.646
7.76149 0.8773 271.538
7.56767 0.875449 271.705
7.43895 0.873511 271.815
7.31923 0.870602 271.955
7.23549 0.868725 272.142
7.17352 0.86585 272.296

9.37886 0.908467 272.326
9.30119 0.908232 272.151
9.20723 0.907768 271.978
9.03323 0.909038 271.775
8.89492 0.912095 271.668
8.75669 0.913148 271.447
8.52588 0.91436 271.422
8.34296 0.914424 271.39
8.13793 0.91342 271.383
7.95609 0.912854 271.451
7.77732 0.910813 271.5

10.1628 0.930278 272.947
10.1718 0.932952 272.643
10.1374 0.935069 272.344
10.0184 0.94017 271.943
9.8941 0.945706 271.691
9.7519 0.948997 271.356
9.48409 0.95327 271.138
9.24697 0.955337 270.964
8.95664 0.956238 270.81
8.67669 0.956982 270.759
8.38112 0.955776 270.704

10.9467 0.952088 273.567
11.0425 0.957672 273.134
11.0675 0.962371 272.71
11.0036 0.971303 272.112
10.8933 0.979316 271.714
10.7471 0.984845 271.265
10.4423 0.99218 270.855
10.151 0.996251 270.539
9.77534 0.999055 270.237
9.39729 1.00111 270.067
8.98493 1.00074 269.908

11.7306 0.973899 274.188
11.9131 0.982391 273.625
11.9977 0.989672 273.077
11.9887 1.00244 272.281
11.8925 1.01293 271.737
11.7423 1.02069 271.174
11.4005 1.03109 270.571
11.055 1.03716 270.113
10.594 1.04187 269.665
10.1179 1.04524 269.375
9.58873 1.0457 269.112

12.5146 0.99571 274.808
12.7838 1.00711 274.117
12.9278 1.01697 273.443
12.9739 1.03357 272.45
12.8916 1.04654 271.759
12.7375 1.05654 271.083
12.3587 1.07 270.288
11.959 1.07808 269.687
11.4128 1.08469 269.092
10.8385 1.08937 268.683
10.1925 1.09066 268.316

13.2985 1.01752 275.429
13.6544 1.03183 274.608
13.8579 1.04427 273.809
13.9591 1.0647 272.618
13.8908 1.08015 271.782
13.7327 1.09239 270.992
13.3169 1.10891 270.004
12.863 1.11899 269.262
12.2315 1.12751 268.52
11.5591 1.1335 267.991
10.7963 1.13563 267.52

6.99919 1.84265 270.465
6.65894 1.83361 270.681
6.38476 1.82533 270.886
6.04411 1.815 271.28
5.86343 1.81057 271.616
5.73763 1.80466 271.748
5.61892 1.79672 272.3
5.6003 1.79074 272.697
5.65373 1.78398 273.135
5.76914 1.77945 273.564
5.94427 1.77489 273.927

7.78312 1.86446 271.086
7.52958 1.85833 271.172
7.3149 1.85263 271.253
7.02928 1.84614 271.449
6.8626 1.84418 271.638
6.73284 1.84051 271.657
6.57713 1.83563 272.016
6.50431 1.83165 272.272
6.47244 1.82679 272.562
6.48974 1.82358 272.872
6.54808 1.81985 273.131

8.56704 1.88627 271.706
8.40022 1.88305 271.664
8.24505 1.87993 271.619
8.01444 1.87727 271.618
7.86178 1.87779 271.661
7.72804 1.87635 271.566
7.53533 1.87454 271.733
7.40832 1.87256 271.846
7.29114 1.86961 271.99
7.21034 1.8677 272.18
7.15188 1.86481 272.336

9.35097 1.90808 272.327
9.27086 1.90777 272.155
9.17519 1.90723 271.985
8.99961 1.9084 271.787
8.86096 1.9114 271.684
8.72325 1.9122 271.475
8.49354 1.91345 271.449
8.31233 1.91347 271.421
8.10985 1.91243 271.417
7.93093 1.91183 271.488
7.75568 1.90978 271.54

10.1349 1.92989 272.947
10.1415 1.93249 272.646
10.1053 1.93453 272.351
9.98478 1.93953 271.955
9.86014 1.94501 271.706
9.71845 1.94805 271.384
9.45175 1.95236 271.166
9.21634 1.95439 270.995
8.92855 1.95525 270.845
8.65153 1.95596 270.796
8.35948 1.95474 270.744

10.9188 1.9517 273.568
11.0121 1.95721 273.137
11.0355 1.96183 272.717
10.9699 1.97067 272.124
10.8593 1.97862 271.729
10.7137 1.9839 271.293
10.41 1.99127 270.882
10.1203 1.9953 270.57
9.74726 1.99806 270.272
9.37213 2.00009 270.104
8.96329 1.9997 269.948

11.7027 1.97351 274.188
11.8828 1.98193 273.629
11.9656 1.98913 273.084
11.9551 2.0018 272.293
11.8585 2.01223 271.752
11.7089 2.01975 271.202
11.3682 2.03018 270.599
11.0244 2.03621 270.144
10.566 2.04088 269.699
10.0927 2.04422 269.412
9.56709 2.04467 269.152

12.4867 1.99532 274.808
12.7534 2.00665 274.12
12.8958 2.01644 273.45
12.9403 2.03293 272.462
12.8577 2.04585 271.774
12.7041 2.0556 271.111
12.3264 2.06909 270.316
11.9284 2.07713 269.718
11.3847 2.0837 269.127
10.8133 2.08835 268.72
10.1709 2.08963 268.356

13.2706 2.01713 275.429
13.6241 2.03137 274.611
13.8259 2.04374 273.816
13.9254 2.06406 272.63
13.8568 2.07946 271.797
13.6993 2.09144 271.02
13.2846 2.108 270.032
12.8324 2.11804 269.293
12.2034 2.12652 268.554
11.5339 2.13248 268.028
10.7747 2.13459 267.56

6.9713 2.84226 270.465
6.62862 2.83314 270.684
6.35272 2.82479 270.893
6.01049 2.81437 271.292
5.82947 2.80988 271.631
5.70419 2.80371 271.776
5.58658 2.79581 272.327
5.56967 2.78979 272.728
5.62565 2.78298 273.17
5.74399 2.77843 273.601
5.92263 2.77385 273.967

7.75523 2.86407 271.086
7.49926 2.85786 271.176
7.28286 2.85209 271.259
6.99566 2.8455 271.461
6.82864 2.84349 271.653
6.69939 2.83956 271.685
6.54479 2.83472 272.044
6.47368 2.8307 272.303
6.44436 2.8258 272.597
6.46458 2.82256 272.909
6.52644 2.81882 273.171

8.53915 2.88588 271.706
8.3699 2.88258 271.667
8.213 2.87939 271.626
7.98082 2.87663 271.63
7.82782 2.8771 271.676
7.6946 2.87541 271.594
7.50299 2.87363 271.761
7.37769 2.87161 271.877
7.26306 2.86862 272.024
7.18518 2.86668 272.217
7.13024 2.86378 272.376

9.32308 2.90769 272.327
9.24054 2.9073 272.158
9.14314 2.90669 271.992
8.96599 2.90776 271.798
8.827 2.91071 271.699
8.6898 2.91126 271.503
8.4612 2.91254 271.477
8.2817 2.91253 271.452
8.08177 2.91144 271.452
7.90578 2.91081 271.526
7.73404 2.90874 271.58

10.107 2.9295 272.947
10.1112 2.93202 272.65
10.0733 2.934 272.358
9.95115 2.9389 271.967
9.82618 2.94432 271.721
9.68501 2.9471 271.412
9.41941 2.95145 271.194
9.18571 2.95344 271.026
8.90047 2.95425 270.879
8.62638 2.95494 270.834
8.33785 2.9537 270.784

10.8909 2.95131 273.568
10.9818 2.95674 273.141
11.0034 2.9613 272.724
10.9363 2.97003 272.136
10.8254 2.97793 271.744
10.6802 2.98295 271.321
10.3776 2.99036 270.91
10.0897 2.99435 270.601
9.71918 2.99707 270.306
9.34697 2.99907 270.142
8.94165 2.99867 269.988

11.6749 2.97312 274.188
11.8525 2.98146 273.632
11.9336 2.9886 273.09
11.9215 3.00116 272.305
11.8245 3.01154 271.767
11.6754 3.0188 271.23
11.3358 3.02927 270.627
10.9937 3.03526 270.175
10.5379 3.03989 269.734
10.0676 3.0432 269.45
9.54545 3.04363 269.192

12.4588 2.99493 274.809
12.7231 3.00618 274.124
12.8637 3.0159 273.457
12.9067 3.0323 272.473
12.8237 3.04515 271.79
12.6706 3.05465 271.139
12.294 3.06818 270.343
11.8977 3.07618 269.749
11.3566 3.08271 269.161
10.7882 3.08733 268.758
10.1493 3.08859 268.396

13.2427 3.01674 275.429
13.5937 3.0309 274.615
13.7939 3.0432 273.823
13.8918 3.06343 272.642
13.8229 3.07876 271.812
13.6658 3.0905 271.048
13.2522 3.10709 270.06
12.8017 3.11709 269.324
12.1753 3.12553 268.589
11.5088 3.13145 268.066
10.7531 3.13356 267.6

6.94341 3.84187 270.465
6.59829 3.83267 270.688
6.32067 3.82425 270.9
5.97687 3.81373 271.304
5.79551 3.80919 271.646
5.67074 3.80277 271.803
5.55424 3.7949 272.355
5.53904 3.78884 272.759
5.59757 3.78199 273.204
5.71883 3.77741 273.639
5.901 3.77282 274.007

7.72734 3.86368 271.086
7.46893 3.85739 271.179
7.25081 3.85155 271.266
6.96203 3.84486 271.473
6.79468 3.8428 271.669
6.66594 3.83861 271.712
6.51245 3.83381 272.072
6.44305 3.82975 272.334
6.41627 3.82481 272.631
6.43943 3.82154 272.947
6.5048 3.81778 273.211

8.51126 3.88549 271.706
8.33957 3.88211 271.671
8.18096 3.87886 271.633
7.9472 3.876 271.642
7.79386 3.87641 271.691
7.66115 3.87446 271.621
7.47065 3.87272 271.788
7.34706 3.87066 271.908
7.23498 3.86763 272.059
7.16003 3.86566 272.255
7.1086 3.86274 272.416

9.29519 3.9073 272.327
9.21021 3.90683 272.162
9.1111 3.90616 271.999
8.93237 3.90713 271.81
8.79304 3.91002 271.714
8.65636 3.91031 271.53
8.42886 3.91163 271.505
8.25107 3.91158 271.483
8.05368 3.91044 271.486
7.88062 3.90979 271.563
7.71241 3.90771 271.62

10.0791 3.92911 272.947
10.0809 3.93155 272.653
10.0412 3.93346 272.365
9.91753 3.93826 271.979
9.79222 3.94363 271.737
9.65156 3.94616 271.44
9.38707 3.95054 271.222
9.15508 3.95249 271.057
8.87239 3.95326 270.914
8.60122 3.95392 270.871
8.31621 3.95267 270.824

10.863 3.95092 273.568
10.9515 3.95627 273.144
10.9714 3.96076 272.731
10.9027 3.96939 272.148
10.7914 3.97724 271.759
10.6468 3.98201 271.349
10.3453 3.98945 270.938
10.0591 3.9934 270.632
9.69109 3.99608 270.341
9.32182 3.99805 270.179
8.92001 3.99763 270.028

11.647 3.97273 274.188
11.8221 3.98099 273.636
11.9015 3.98806 273.097
11.8879 4.00053 272.317
11.7906 4.01085 271.782
11.642 4.01786 271.258
11.3035 4.02836 270.655
10.9631 4.03432 270.206
10.5098 4.0389 269.768
10.0424 4.04218 269.487
9.52382 4.0426 269.232

12.4309 3.99454 274.809
12.6928 4.00571 274.127
12.8317 4.01536 273.463
12.873 4.03166 272.485
12.7898 4.04446 271.805
12.6372 4.0537 271.167
12.2617 4.06727 270.371
11.8671 4.07523 269.78
11.3285 4.08172 269.196
10.763 4.08631 268.795
10.1276 4.08756 268.436

13.2148 4.01635 275.429
13.5634 4.03043 274.618
13.7618 4.04266 273.83
13.8582 4.06279 272.654
13.7889 4.07807 271.827
13.6324 4.08955 271.076
13.2199 4.10618 270.088
12.7711 4.11614 269.355
12.1472 4.12453 268.623
11.4836 4.13043 268.103
10.7314 4.13252 267.64

6.91552 4.84148 270.465
6.56797 4.83221 270.691
6.28863 4.82372 270.907
5.94325 4.81309 271.316
5.76155 4.8085 271.661
5.63729 4.80182 271.831
5.5219 4.79399 272.383
5.50841 4.78789 272.79
5.56948 4.781 273.239
5.69367 4.77639 273.676
5.87936 4.77178 274.047

7.69945 4.86329 271.086
7.43861 4.85693 271.183
7.21877 4.85102 271.273
6.92841 4.84423 271.485
6.76073 4.84211 271.684
6.6325 4.83767 271.74
6.48011 4.8329 272.1
6.41242 4.8288 272.365
6.38819 4.82382 272.666
6.41427 4.82052 272.984
6.48316 4.81674 273.252

8.48337 4.8851 271.706
8.30925 4.88165 271.674
8.14891 4.87832 271.639
7.91358 4.87536 271.654
7.7599 4.87572 271.706
7.6277 4.87352 271.649
7.43831 4.87181 271.816
7.31643 4.86971 271.939
7.20689 4.86664 272.093
7.13487 4.86464 272.293
7.08696 4.86171 272.456

9.2673 4.90691 272.327
9.17989 4.90637 272.165
9.07905 4.90562 272.006
8.89874 4.90649 271.822
8.75908 4.90933 271.729
8.62291 4.90937 271.558
8.39652 4.91072 271.533
8.22044 4.91063 271.514
8.0256 4.90945 271.521
7.85547 4.90877 271.601
7.69077 4.90667 271.66

10.0512 4.92872 272.947
10.0505 4.93109 272.657
10.0092 4.93292 272.372
9.88391 4.93762 271.991
9.75826 4.94294 271.752
9.61812 4.94521 271.467
9.35473 4.94963 271.249
9.12445 4.95154 271.088
8.8443 4.95227 270.948
8.57606 4.9529 270.909
8.29457 4.95163 270.864

10.8351 4.95053 273.568
10.9212 4.95581 273.148
10.9393 4.96022 272.738
10.8691 4.96876 272.16
10.7574 4.97655 271.775
10.6133 4.98106 271.376
10.3129 4.98854 270.966
10.0285 4.99245 270.663
9.66301 4.99509 270.376
9.29666 4.99703 270.217
8.89837 4.9966 270.068

11.6191 4.97234 274.188
11.7918 4.98053 273.639
11.8695 4.98752 273.104
11.8542 4.99989 272.329
11.7566 5.01016 271.797
11.6085 5.01691 271.285
11.2711 5.02745 270.683
10.9325 5.03337 270.237
10.4817 5.03791 269.803
10.0173 5.04116 269.525
9.50218 5.04156 269.272

12.403 4.99415 274.809
12.6624 5.00525 274.13
12.7996 5.01482 273.47
12.8394 5.03102 272.497
12.7558 5.04377 271.82
12.6037 5.05276 271.194
12.2293 5.06636 270.399
11.8365 5.07428 269.811
11.3004 5.08072 269.23
10.7379 5.08529 268.833
10.106 5.08652 268.476

13.1869 5.01596 275.429
13.5331 5.02997 274.622
13.7298 5.04213 273.837
13.8246 5.06216 272.666
13.755 5.07738 271.843
13.5989 5.08861 271.103
13.1876 5.10527 270.116
12.7405 5.11519 269.386
12.1191 5.12354 268.658
11.4585 5.12941 268.141
10.7098 5.13149 267.68

6.88763 5.84109 270.466
6.53764 5.83174 270.695
6.25658 5.82318 270.914
5.90962 5.81246 271.328
5.72759 5.8078 271.676
5.60385 5.80087 271.859
5.48956 5.79308 272.411
5.47778 5.78694 272.821
5.5414 5.78001 273.273
5.66852 5.77537 273.714
5.85772 5.77075 274.087

7.67156 5.8629 271.086
7.40828 5.85646 271.186
7.18673 5.85048 271.28
6.89479 5.84359 271.497
6.72677 5.84141 271.699
6.59905 5.83672 271.768
6.44777 5.83199 272.127
6.38179 5.82785 272.396
6.36011 5.82283 272.701
6.38912 5.81949 273.022
6.46152 5.81571 273.292

8.45548 5.88471 271.707
8.27892 5.88118 271.677
8.11687 5.87778 271.646
7.87995 5.87472 271.665
7.72594 5.87502 271.722
7.59426 5.87257 271.677
7.40597 5.8709 271.844
7.2858 5.86876 271.97
7.17881 5.86564 272.128
7.10971 5.86362 272.33
7.06533 5.86067 272.496

9.23941 5.90652 272.327
9.14956 5.9059 272.169
9.04701 5.90508 272.013
8.86512 5.90586 271.834
8.72512 5.90864 271.744
8.58946 5.90842 271.586
8.36418 5.90981 271.561
8.18981 5.90968 271.545
7.99752 5.90846 271.555
7.83031 5.90775 271.638
7.66913 5.90564 271.7

10.0233 5.92833 272.947
10.0202 5.93062 272.66
9.97715 5.93238 272.379
9.85029 5.93699 272.003
9.7243 5.94225 271.767
9.58467 5.94427 271.495
9.32239 5.94872 271.277
9.09382 5.95059 271.119
8.81622 5.95128 270.983
8.55091 5.95188 270.946
8.27293 5.9506 270.904

10.8073 5.95014 273.568
10.8908 5.95534 273.151
10.9073 5.95968 272.745
10.8355 5.96812 272.172
10.7235 5.97586 271.79
10.5799 5.98012 271.404
10.2806 5.98763 270.994
9.99783 5.9915 270.694
9.63493 5.9941 270.41
9.27151 5.99601 270.254
8.87674 5.99556 270.108

11.5912 5.97195 274.188
11.7615 5.98006 273.643
11.8374 5.98699 273.111
11.8206 5.99925 272.34
11.7227 6.00947 271.812
11.5751 6.01596 271.313
11.2388 6.02654 270.71
10.9018 6.03242 270.268
10.4536 6.03691 269.837
9.9921 6.04014 269.562
9.48054 6.04052 269.312

12.3751 5.99376 274.809
12.6321 6.00478 274.134
12.7676 6.01429 273.477
12.8058 6.03039 272.509
12.7218 6.04308 271.835
12.5703 6.05181 271.222
12.197 6.06545 270.427
11.8058 6.07333 269.842
11.2723 6.07973 269.265
10.7127 6.08427 268.87
10.0843 6.08549 268.516

13.159 6.01558 275.429
13.5028 6.0295 274.625
13.6977 6.04159 273.843
13.7909 6.06152 272.678
13.721 6.07669 271.858
13.5655 6.08766 271.131
13.1552 6.10436 270.144
12.7099 6.11424 269.417
12.091 6.12255 268.692
11.4333 6.12839 268.178
10.6881 6.13045 267.72

6.85974 6.8407 270.466
6.50732 6.83128 270.698
6.22454 6.82264 270.921
5.876 6.81182 271.34
5.69363 6.80711 271.691
5.5704 6.79993 271.887
5.45722 6.79217 272.439
5.44715 6.78599 272.852
5.51332 6.77902 273.308
5.64336 6.77435 273.751
5.83608 6.76971 274.127

7.64367 6.86251 271.086
7.37796 6.856 271.19
7.15468 6.84994 271.287
6.86117 6.84295 271.509
6.69281 6.84072 271.714
6.56561 6.83578 271.796
6.41543 6.83108 272.155
6.35116 6.8269 272.427
6.33202 6.82183 272.735
6.36396 6.81847 273.06
6.43989 6.81467 273.332

8.42759 6.88432 271.707
8.2486 6.88072 271.681
8.08482 6.87724 271.653
7.84633 6.87409 271.677
7.69198 6.87433 271.737
7.56081 6.87163 271.705
7.37363 6.86999 271.872
7.25517 6.86781 272.001
7.15073 6.86465 272.163
7.08456 6.8626 272.368
7.04369 6.85964 272.536

9.21152 6.90613 272.327
9.11924 6.90544 272.172
9.01497 6.90454 272.019
8.8315 6.90522 271.846
8.69116 6.90794 271.76
8.55602 6.90747 271.614
8.33184 6.9089 271.588
8.15918 6.90873 271.576
7.96943 6.90747 271.59
7.80516 6.90673 271.676
7.64749 6.9046 271.74

9.99544 6.92794 272.948
9.98988 6.93016 272.663
9.94511 6.93185 272.386
9.81666 6.93635 272.015
9.69034 6.94155 271.782
9.55122 6.94332 271.523
9.29005 6.94781 271.305
9.06319 6.94964 271.15
8.78814 6.95029 271.017
8.52575 6.95086 270.984
8.2513 6.94956 270.944

10.7794 6.94975 273.568
10.8605 6.95488 273.155
10.8752 6.95915 272.752
10.8018 6.96748 272.184
10.6895 6.97516 271.805
10.5464 6.97917 271.432
10.2483 6.98672 271.022
9.9672 6.99055 270.724
9.60684 6.99311 270.445
9.24635 6.99499 270.292
8.8551 6.99453 270.148

11.5633 6.97157 274.189
11.7312 6.9796 273.646
11.8054 6.98645 273.118
11.787 6.99862 272.352
11.6887 7.00877 271.828
11.5416 7.01502 271.341
11.2065 7.02563 270.738
10.8712 7.03147 270.299
10.4255 7.03592 269.872
9.96695 7.03912 269.6
9.4589 7.03949 269.352

12.3472 6.99338 274.809
12.6018 7.00432 274.137
12.7355 7.01375 273.484
12.7722 7.02975 272.521
12.6879 7.04239 271.85
12.5368 7.05087 271.25
12.1647 7.06454 270.455
11.7752 7.07238 269.873
11.2443 7.07874 269.299
10.6875 7.08324 268.908
10.0627 7.08445 268.556

13.1311 7.01519 275.429
13.4724 7.02904 274.629
13.6657 7.04105 273.85
13.7573 7.06088 272.69
13.687 7.076 271.873
13.532 7.08671 271.159
13.1229 7.10345 270.171
12.6792 7.11329 269.448
12.063 7.12156 268.727
11.4081 7.12737 268.216
10.6665 7.12942 267.76

6.83185 7.84031 270.466
6.47699 7.83081 270.702
6.19249 7.8221 270.928
5.84238 7.81118 271.352
5.65967 7.80642 271.707
5.53695 7.79898 271.915
5.42488 7.79126 272.467
5.41653 7.78504 272.883
5.48523 7.77803 273.342
5.61821 7.77332 273.789
5.81445 7.76867 274.167

7.61578 7.86212 271.086
7.34763 7.85553 271.193
7.12264 7.8494 271.294
6.82754 7.84232 271.521
6.65885 7.84003 271.729
6.53216 7.83483 271.824
6.38308 7.83017 272.183
6.32053 7.82595 272.458
6.30394 7.82084 272.77
6.3388 7.81745 273.097
6.41825 7.81364 273.372

8.3997 7.88393 271.707
8.21827 7.88025 271.684
8.05278 7.87671 271.66
7.81271 7.87345 271.689
7.65803 7.87364 271.752
7.52736 7.87068 271.733
7.34129 7.86908 271.9
7.22454 7.86686 272.032
7.12264 7.86366 272.197
7.0594 7.86158 272.405
7.02205 7.8586 272.576

9.18363 7.90574 272.327
9.08891 7.90497 272.176
8.98292 7.90401 272.026
8.79788 7.90458 271.858
8.6572 7.90725 271.775
8.52257 7.90653 271.642
8.2995 7.90799 271.616
8.12855 7.90778 271.607
7.94135 7.90648 271.624
7.78 7.90571 271.713
7.62585 7.90356 271.78

9.96755 7.92755 272.948
9.95955 7.92969 272.667
9.91306 7.93131 272.392
9.78304 7.93572 272.027
9.65638 7.94086 271.797
9.51778 7.94238 271.551
9.2577 7.9469 271.333
9.03256 7.94869 271.181
8.76005 7.9493 271.052
8.5006 7.94984 271.021
8.22966 7.94853 270.984

10.7515 7.94937 273.568
10.8302 7.95441 273.158
10.8432 7.95861 272.759
10.7682 7.96685 272.196
10.6556 7.97447 271.82
10.513 7.97822 271.46
10.2159 7.98581 271.049
9.93657 7.9896 270.755
9.57876 7.99211 270.479
9.2212 7.99397 270.329
8.83346 7.99349 270.188

11.5354 7.97118 274.189
11.7008 7.97913 273.649
11.7733 7.98591 273.125
11.7534 7.99798 272.364
11.6547 8.00808 271.843
11.5082 8.01407 271.369
11.1741 8.02472 270.766
10.8406 8.03052 270.33
10.3975 8.03493 269.907
9.94179 8.0381 269.637
9.43726 8.03845 269.392

12.3193 7.99299 274.809
12.5715 8.00385 274.141
12.7035 8.01321 273.491
12.7385 8.02911 272.533
12.6539 8.04169 271.865
12.5034 8.04992 271.278
12.1323 8.06363 270.483
11.7446 8.07143 269.904
11.2162 8.07775 269.334
10.6624 8.08222 268.945
10.0411 8.08342 268.596

13.1033 8.0148 275.43
13.4421 8.02857 274.632
13.6336 8.04051 273.857
13.7237 8.06025 272.702
13.6531 8.0753 271.888
13.4986 8.08577 271.187
13.0905 8.10254 270.199
12.6486 8.11234 269.479
12.0349 8.12057 268.761
11.383 8.12635 268.253
10.6449 8.12838 267.801

