-10.7754 -25.1005 267.54
-10.5067 -25.0203 265.498
-9.49205 -24.9178 263.121
-7.23238 -24.7494 260.49
-6.47484 -24.7242 259.969
-5.86309 -24.7277 259.639
-5.00407 -24.7063 259.298

-9.81681 -25.0815 267.256
-9.51088 -25.0085 265.408
-8.51551 -24.922 263.336
-6.40138 -24.7695 261.046
-5.70424 -24.7479 260.606
-5.14372 -24.7542 260.333
-4.36004 -24.7361 260.062

-8.85818 -25.0624 266.972
-8.51503 -24.9967 265.318
-7.53897 -24.9262 263.551
-5.57038 -24.7896 261.602
-4.93365 -24.7716 261.243
-4.42436 -24.7807 261.027
-3.71601 -24.7658 260.827

-7.89955 -25.0434 266.688
-7.51918 -24.9848 265.227
-6.56243 -24.9304 263.767
-4.73938 -24.8097 262.158
-4.16306 -24.7953 261.88
-3.70499 -24.8072 261.721
-3.07198 -24.7955 261.591

-6.94092 -25.0243 266.404
-6.52334 -24.973 265.137
-5.58589 -24.9346 263.982
-3.90838 -24.8298 262.714
-3.39247 -24.819 262.516
-2.98563 -24.8337 262.415
-2.42795 -24.8253 262.356

-5.98229 -25.0053 266.12
-5.52749 -24.9612 265.047
-4.60935 -24.9389 264.197
-3.07738 -24.8499 263.27
-2.62187 -24.8427 263.153
-2.26626 -24.8602 263.109
-1.78392 -24.855 263.12

-5.02366 -24.9862 265.836
-4.53164 -24.9494 264.956
-3.63281 -24.9431 264.413
-2.24639 -24.87 263.825
-1.85128 -24.8665 263.79
-1.5469 -24.8867 263.803
-1.13989 -24.8847 263.884

-4.06504 -24.9672 265.552
-3.5358 -24.9376 264.866
-2.65627 -24.9473 264.628
-1.41539 -24.8901 264.381
-1.08069 -24.8902 264.427
-0.827531 -24.9133 264.497
-0.495856 -24.9145 264.649

-3.10641 -24.9481 265.268
-2.53995 -24.9257 264.776
-1.67973 -24.9515 264.843
-0.58439 -24.9103 264.937
-0.310097 -24.9139 265.064
-0.108166 -24.9398 265.192
0.148175 -24.9442 265.413

-10.7571 -24.109 267.669
-10.5061 -24.0297 265.635
-9.51301 -23.9246 263.235
-7.2787 -23.756 260.595
-6.52689 -23.7305 260.069
-5.91913 -23.7339 259.735
-5.0648 -23.7122 259.388

-9.79844 -24.0899 267.385
-9.51026 -24.0179 265.544
-8.53647 -23.9288 263.451
-6.4477 -23.7761 261.151
-5.7563 -23.7542 260.706
-5.19976 -23.7604 260.429
-4.42077 -23.742 260.152

-8.83981 -24.0709 267.101
-8.51441 -24.006 265.454
-7.55993 -23.933 263.666
-5.6167 -23.7962 261.707
-4.98571 -23.778 261.343
-4.4804 -23.7869 261.123
-3.77674 -23.7717 260.917

-7.88118 -24.0518 266.817
-7.51857 -23.9942 265.364
-6.58339 -23.9372 263.881
-4.78571 -23.8163 262.263
-4.21512 -23.8017 261.98
-3.76103 -23.8134 261.817
-3.13271 -23.8014 261.681

-6.92255 -24.0328 266.533
-6.52272 -23.9824 265.274
-5.60685 -23.9414 264.097
-3.95471 -23.8364 262.819
-3.44452 -23.8254 262.616
-3.04167 -23.8399 262.511
-2.48868 -23.8312 262.445

-5.96392 -24.0137 266.249
-5.52688 -23.9706 265.183
-4.63031 -23.9457 264.312
-3.12371 -23.8565 263.375
-2.67393 -23.8491 263.253
-2.3223 -23.8664 263.205
-1.84465 -23.8609 263.21

-5.00529 -23.9947 265.965
-4.53103 -23.9587 265.093
-3.65377 -23.9499 264.527
-2.29271 -23.8767 263.931
-1.90334 -23.8728 263.89
-1.60294 -23.8929 263.899
-1.20062 -23.8906 263.974

-4.04667 -23.9756 265.681
-3.53518 -23.9469 265.003
-2.67723 -23.9541 264.742
-1.46171 -23.8968 264.487
-1.13275 -23.8965 264.527
-0.883572 -23.9195 264.594
-0.556588 -23.9204 264.739

-3.08804 -23.9566 265.397
-2.53934 -23.9351 264.912
-1.70069 -23.9583 264.958
-0.630714 -23.9169 265.042
-0.362153 -23.9203 265.164
-0.164207 -23.946 265.288
0.0874424 -23.9501 265.503

-10.7387 -23.1174 267.797
-10.5055 -23.039 265.771
-9.53397 -22.9314 263.35
-7.32502 -22.7626 260.7
-6.57895 -22.7369 260.169
-5.97517 -22.7401 259.831
-5.12554 -22.7181 259.478

-9.78007 -23.0984 267.513
-9.50965 -23.0272 265.681
-8.55743 -22.9356 263.565
-6.49403 -22.7827 261.256
-5.80836 -22.7606 260.806
-5.2558 -22.7666 260.525
-4.48151 -22.7479 260.242

-8.82144 -23.0793 267.229
-8.5138 -23.0154 265.591
-7.58089 -22.9398 263.78
-5.66303 -22.8028 261.812
-5.03776 -22.7843 261.443
-4.53644 -22.7931 261.219
-3.83748 -22.7776 261.006

-7.86281 -23.0603 266.945
-7.51795 -23.0036 265.5
-6.60435 -22.944 263.996
-4.83203 -22.823 262.368
-4.26717 -22.8081 262.079
-3.81707 -22.8196 261.913
-3.19344 -22.8073 261.771

-6.90418 -23.0412 266.661
-6.52211 -22.9917 265.41
-5.62781 -22.9482 264.211
-4.00103 -22.8431 262.924
-3.49658 -22.8318 262.716
-3.09771 -22.8461 262.607
-2.54941 -22.8371 262.535

-5.94555 -23.0222 266.377
-5.52626 -22.9799 265.32
-4.65127 -22.9525 264.426
-3.17003 -22.8632 263.48
-2.72599 -22.8555 263.353
-2.37834 -22.8726 263.301
-1.90538 -22.8668 263.3

-4.98692 -23.0031 266.093
-4.53041 -22.9681 265.229
-3.67473 -22.9567 264.642
-2.33904 -22.8833 264.036
-1.95539 -22.8792 263.99
-1.65898 -22.8991 263.995
-1.26135 -22.8965 264.064

-4.0283 -22.9841 265.809
-3.53457 -22.9563 265.139
-2.69819 -22.9609 264.857
-1.50804 -22.9034 264.592
-1.1848 -22.9029 264.627
-0.939614 -22.9257 264.69
-0.617321 -22.9263 264.829

-3.06967 -22.9651 265.525
-2.53872 -22.9445 265.049
-1.72165 -22.9651 265.072
-0.677039 -22.9235 265.148
-0.414209 -22.9266 265.264
-0.220249 -22.9522 265.384
0.0267101 -22.956 265.593

-10.7203 -22.1259 267.926
-10.5049 -22.0484 265.908
-9.55493 -21.9382 263.464
-7.37135 -21.7692 260.806
-6.631 -21.7433 260.269
-6.03121 -21.7463 259.927
-5.18627 -21.724 259.567

-9.7617 -22.1068 267.642
-9.50903 -22.0366 265.817
-8.57839 -21.9424 263.68
-6.54035 -21.7894 261.361
-5.86041 -21.767 260.906
-5.31184 -21.7728 260.621
-4.54224 -21.7538 260.332

-8.80307 -22.0878 267.358
-8.51318 -22.0248 265.727
-7.60185 -21.9466 263.895
-5.70935 -21.8095 261.917
-5.08982 -21.7907 261.543
-4.59248 -21.7993 261.315
-3.89821 -21.7835 261.096

-7.84444 -22.0687 267.074
-7.51734 -22.0129 265.637
-6.62531 -21.9508 264.11
-4.87835 -21.8296 262.473
-4.31923 -21.8144 262.18
-3.87312 -21.8258 262.009
-3.25418 -21.8132 261.861

-6.88581 -22.0497 266.79
-6.52149 -22.0011 265.547
-5.64877 -21.955 264.326
-4.04736 -21.8497 263.029
-3.54864 -21.8381 262.816
-3.15375 -21.8523 262.703
-2.61015 -21.843 262.625

-5.92718 -22.0307 266.506
-5.52564 -21.9893 265.456
-4.67223 -21.9593 264.541
-3.21636 -21.8698 263.585
-2.77804 -21.8619 263.453
-2.43439 -21.8788 263.397
-1.96611 -21.8727 263.39

-4.96855 -22.0116 266.222
-4.5298 -21.9775 265.366
-3.69569 -21.9635 264.756
-2.38536 -21.8899 264.141
-2.00745 -21.8856 264.09
-1.71502 -21.9053 264.091
-1.32208 -21.9024 264.154

-4.00993 -21.9926 265.938
-3.53395 -21.9656 265.276
-2.71915 -21.9677 264.971
-1.55436 -21.91 264.697
-1.23686 -21.9093 264.727
-0.995655 -21.9319 264.786
-0.678053 -21.9321 264.918

-3.0513 -21.9735 265.654
-2.5381 -21.9538 265.185
-1.74261 -21.9719 265.187
-0.723363 -21.9301 265.253
-0.466265 -21.933 265.364
-0.27629 -21.9584 265.48
-0.0340221 -21.9619 265.683

-10.702 -21.1343 268.054
-10.5043 -21.0578 266.044
-9.57589 -20.945 263.579
-7.41767 -20.7759 260.911
-6.68306 -20.7497 260.369
-6.08725 -20.7525 260.023
-5.247 -20.7299 259.657

-9.74333 -21.1153 267.77
-9.50841 -21.0459 265.954
-8.59935 -20.9492 263.794
-6.58668 -20.796 261.467
-5.91247 -20.7734 261.006
-5.36789 -20.779 260.717
-4.60297 -20.7597 260.422

-8.7847 -21.0962 267.486
-8.51257 -21.0341 265.864
-7.62281 -20.9534 264.01
-5.75568 -20.8161 262.023
-5.14188 -20.7971 261.643
-4.64852 -20.8055 261.411
-3.95894 -20.7894 261.186

-7.82607 -21.0772 267.202
-7.51672 -21.0223 265.773
-6.64627 -20.9576 264.225
-4.92468 -20.8362 262.578
-4.37128 -20.8208 262.279
-3.92916 -20.832 262.105
-3.31491 -20.8191 261.951

-6.86744 -21.0582 266.918
-6.52087 -21.0105 265.683
-5.66973 -20.9618 264.44
-4.09368 -20.8563 263.134
-3.60069 -20.8445 262.916
-3.20979 -20.8585 262.799
-2.67088 -20.8489 262.715

-5.90881 -21.0391 266.634
-5.52503 -20.9987 265.593
-4.69319 -20.9661 264.655
-3.26268 -20.8764 263.69
-2.8301 -20.8682 263.553
-2.49043 -20.885 263.493
-2.02685 -20.8786 263.479

-4.95018 -21.0201 266.35
-4.52918 -20.9868 265.503
-3.71665 -20.9703 264.871
-2.43168 -20.8965 264.246
-2.05951 -20.892 264.19
-1.77106 -20.9115 264.188
-1.38282 -20.9083 264.244

-3.99156 -21.001 266.066
-3.53333 -20.975 265.412
-2.74011 -20.9745 265.086
-1.60069 -20.9167 264.802
-1.28891 -20.9157 264.827
-1.0517 -20.9381 264.882
-0.738785 -20.938 265.008

-3.03293 -20.982 265.782
-2.53749 -20.9632 265.322
-1.76357 -20.9787 265.301
-0.769688 -20.9368 265.358
-0.518322 -20.9394 265.464
-0.332331 -20.9646 265.576
-0.0947543 -20.9678 265.773

-10.6836 -20.1428 268.183
-10.5036 -20.0671 266.181
-9.59686 -19.9518 263.694
-7.464 -19.7825 261.016
-6.73512 -19.756 260.469
-6.14329 -19.7587 260.119
-5.30773 -19.7358 259.747

-9.72496 -20.1238 267.899
-9.5078 -20.0553 266.09
-8.62032 -19.956 263.909
-6.633 -19.8026 261.572
-5.96452 -19.7797 261.106
-5.42393 -19.7852 260.813
-4.6637 -19.7656 260.512

-8.76633 -20.1047 267.615
-8.51195 -20.0435 266
-7.64378 -19.9602 264.124
-5.802 -19.8227 262.128
-5.19393 -19.8035 261.743
-4.70456 -19.8117 261.507
-4.01967 -19.7953 261.276

-7.8077 -20.0857 267.331
-7.51611 -20.0317 265.91
-6.66724 -19.9644 264.339
-4.971 -19.8428 262.684
-4.42334 -19.8272 262.379
-3.9852 -19.8382 262.201
-3.37564 -19.825 262.04

-6.84907 -20.0666 267.047
-6.52026 -20.0198 265.82
-5.6907 -19.9686 264.555
-4.14001 -19.8629 263.24
-3.65275 -19.8509 263.016
-3.26583 -19.8647 262.895
-2.73161 -19.8547 262.805

-5.89044 -20.0476 266.763
-5.52441 -20.008 265.729
-4.71416 -19.9729 264.77
-3.30901 -19.8831 263.795
-2.88215 -19.8746 263.653
-2.54647 -19.8912 263.589
-2.08758 -19.8845 263.569

-4.93181 -20.0285 266.479
-4.52857 -19.9962 265.639
-3.73762 -19.9771 264.985
-2.47801 -19.9032 264.351
-2.11156 -19.8983 264.29
-1.8271 -19.9177 264.284
-1.44355 -19.9142 264.334

-3.97319 -20.0095 266.195
-3.53272 -19.9844 265.549
-2.76108 -19.9813 265.201
-1.64701 -19.9233 264.907
-1.34097 -19.922 264.927
-1.10774 -19.9443 264.978
-0.799517 -19.9439 265.098

-3.01456 -19.9904 265.911
-2.53687 -19.9725 265.458
-1.78454 -19.9855 265.416
-0.816012 -19.9434 265.463
-0.570378 -19.9458 265.564
-0.388372 -19.9708 265.672
-0.155487 -19.9737 265.862

-10.6652 -19.1513 268.311
-10.503 -19.0765 266.317
-9.61782 -18.9586 263.808
-7.51032 -18.7891 261.121
-6.78717 -18.7624 260.569
-6.19933 -18.7649 260.215
-5.36847 -18.7417 259.837

-9.70659 -19.1322 268.027
-9.50718 -19.0647 266.227
-8.64128 -18.9628 264.023
-6.67932 -18.8092 261.677
-6.01658 -18.7861 261.206
-5.47997 -18.7914 260.909
-4.72443 -18.7715 260.601

-8.74796 -19.1132 267.743
-8.51134 -19.0528 266.137
-7.66474 -18.967 264.239
-5.84833 -18.8293 262.233
-5.24599 -18.8098 261.843
-4.7606 -18.8179 261.603
-4.0804 -18.8012 261.366

-7.78933 -19.0941 267.459
-7.51549 -19.041 266.046
-6.6882 -18.9712 264.454
-5.01733 -18.8495 262.789
-4.4754 -18.8335 262.479
-4.04124 -18.8444 262.297
-3.43637 -18.8309 262.13

-6.8307 -19.0751 267.175
-6.51964 -19.0292 265.956
-5.71166 -18.9755 264.669
-4.18633 -18.8696 263.345
-3.7048 -18.8573 263.116
-3.32187 -18.8709 262.991
-2.79234 -18.8606 262.895

-5.87207 -19.056 266.891
-5.5238 -19.0174 265.866
-4.73512 -18.9797 264.884
-3.35533 -18.8897 263.901
-2.93421 -18.881 263.753
-2.60251 -18.8974 263.685
-2.14831 -18.8904 263.659

-4.91344 -19.037 266.607
-4.52795 -19.0056 265.776
-3.75858 -18.9839 265.1
-2.52433 -18.9098 264.457
-2.16362 -18.9047 264.39
-1.88314 -18.9239 264.38
-1.50428 -18.9201 264.423

-3.95482 -19.0179 266.323
-3.5321 -18.9937 265.685
-2.78204 -18.9881 265.315
-1.69334 -18.9299 265.012
-1.39303 -18.9284 265.027
-1.16378 -18.9505 265.074
-0.86025 -18.9498 265.188

-2.99619 -18.9989 266.039
-2.53626 -18.9819 265.595
-1.8055 -18.9923 265.53
-0.862337 -18.95 265.568
-0.622434 -18.9521 265.664
-0.444414 -18.977 265.768
-0.216219 -18.9796 265.952

-10.6468 -18.1597 268.44
-10.5024 -18.0859 266.454
-9.63878 -17.9654 263.923
-7.55665 -17.7958 261.226
-6.83923 -17.7688 260.669
-6.25537 -17.7711 260.311
-5.4292 -17.7476 259.927

-9.68822 -18.1407 268.156
-9.50657 -18.074 266.363
-8.66224 -17.9696 264.138
-6.72565 -17.8159 261.782
-6.06864 -17.7925 261.306
-5.53601 -17.7976 261.005
-4.78517 -17.7773 260.691

-8.72959 -18.1216 267.872
-8.51072 -18.0622 266.273
-7.6857 -17.9738 264.353
-5.89465 -17.836 262.338
-5.29804 -17.8162 261.943
-4.81665 -17.8241 261.699
-4.14114 -17.8071 261.456

-7.77096 -18.1026 267.588
-7.51487 -18.0504 266.183
-6.70916 -17.978 264.568
-5.06365 -17.8561 262.894
-4.52745 -17.8399 262.579
-4.09728 -17.8506 262.393
-3.49711 -17.8368 262.22

-6.81233 -18.0835 267.304
-6.51903 -18.0386 266.093
-5.73262 -17.9823 264.784
-4.23265 -17.8762 263.45
-3.75686 -17.8636 263.216
-3.37791 -17.8771 263.087
-2.85307 -17.8665 262.984

-5.8537 -18.0645 267.02
-5.52318 -18.0267 266.002
-4.75608 -17.9865 264.999
-3.40166 -17.8963 264.006
-2.98627 -17.8874 263.853
-2.65855 -17.9036 263.781
-2.20904 -17.8963 263.749

-4.89507 -18.0454 266.736
-4.52733 -18.0149 265.912
-3.77954 -17.9907 265.214
-2.57066 -17.9164 264.562
-2.21567 -17.9111 264.49
-1.93919 -17.9302 264.476
-1.56501 -17.926 264.513

-3.93645 -18.0264 266.452
-3.53149 -18.0031 265.822
-2.803 -17.9949 265.43
-1.73966 -17.9365 265.118
-1.44508 -17.9348 265.127
-1.21982 -17.9567 265.17
-0.920982 -17.9557 265.278

-2.97782 -18.0074 266.168
-2.53564 -17.9913 265.732
-1.82646 -17.9991 265.645
-0.908661 -17.9566 265.674
-0.67449 -17.9585 265.764
-0.500455 -17.9832 265.864
-0.276951 -17.9855 266.042

-10.6285 -17.1682 268.568
-10.5018 -17.0952 266.59
-9.65974 -16.9722 264.037
-7.60297 -16.8024 261.331
-6.89129 -16.7751 260.769
-6.31142 -16.7773 260.407
-5.48993 -16.7535 260.017

-9.66985 -17.1491 268.284
-9.50595 -17.0834 266.5
-8.6832 -16.9764 264.252
-6.77197 -16.8225 261.887
-6.12069 -16.7989 261.406
-5.59205 -16.8038 261.101
-4.8459 -16.7832 260.781

-8.71122 -17.1301 268
-8.5101 -17.0716 266.41
-7.70666 -16.9806 264.468
-5.94098 -16.8426 262.443
-5.3501 -16.8226 262.043
-4.87269 -16.8303 261.795
-4.20187 -16.813 261.545

-7.75259 -17.111 267.716
-7.51426 -17.0598 266.319
-6.73012 -16.9848 264.683
-5.10998 -16.8627 262.999
-4.57951 -16.8463 262.679
-4.15332 -16.8568 262.489
-3.55784 -16.8427 262.31

-6.79396 -17.092 267.432
-6.51841 -17.0479 266.229
-5.75358 -16.9891 264.898
-4.27898 -16.8828 263.555
-3.80892 -16.87 263.316
-3.43396 -16.8833 263.183
-2.91381 -16.8724 263.074

-5.83533 -17.073 267.148
-5.52256 -17.0361 266.139
-4.77704 -16.9933 265.114
-3.44798 -16.9029 264.111
-3.03832 -16.8937 263.953
-2.71459 -16.9098 263.878
-2.26978 -16.9022 263.839

-4.87671 -17.0539 266.864
-4.52672 -17.0243 266.049
-3.8005 -16.9975 265.329
-2.61698 -16.923 264.667
-2.26773 -16.9174 264.59
-1.99523 -16.9364 264.572
-1.62574 -16.9319 264.603

-3.91808 -17.0349 266.58
-3.53087 -17.0125 265.958
-2.82396 -17.0017 265.544
-1.78598 -16.9432 265.223
-1.49714 -16.9412 265.227
-1.27586 -16.9629 265.266
-0.981714 -16.9616 265.368

-2.95945 -17.0158 266.296
-2.53503 -17.0006 265.868
-1.84742 -17.0059 265.759
-0.954986 -16.9633 265.779
-0.726546 -16.9649 265.864
-0.556496 -16.9894 265.96
-0.337683 -16.9914 266.132

