-3.78644 -14.2294 167.572
-3.76546 -14.1605 167.23
-3.72703 -14.1475 166.821
-3.65803 -14.1364 166.415
-3.55983 -14.1264 166.027
-3.42614 -14.1174 165.624
-3.25187 -14.1099 165.216
-3.05996 -14.1053 164.87
-2.8425 -14.0999 164.518
-2.58937 -14.0975 164.194

-2.90816 -14.2605 167.095
-2.86045 -14.1969 166.806
-2.79198 -14.1867 166.469
-2.69904 -14.1782 166.135
-2.58247 -14.1707 165.82
-2.43561 -14.1642 165.495
-2.25419 -14.159 165.169
-2.06169 -14.1563 164.899
-1.84975 -14.153 164.626
-1.60852 -14.1523 164.38

-2.02988 -14.2917 166.618
-1.95544 -14.2333 166.383
-1.85693 -14.2259 166.116
-1.74005 -14.2201 165.854
-1.60511 -14.2151 165.613
-1.44507 -14.2109 165.366
-1.25651 -14.208 165.122
-1.06341 -14.2074 164.928
-0.857007 -14.206 164.734
-0.627678 -14.207 164.567

-1.1516 -14.3228 166.141
-1.05044 -14.2696 165.959
-0.921878 -14.2652 165.764
-0.781064 -14.2619 165.574
-0.627741 -14.2595 165.407
-0.454541 -14.2577 165.237
-0.258831 -14.2571 165.075
-0.0651383 -14.2585 164.957
0.13574 -14.2591 164.842
0.353166 -14.2618 164.754

-0.27332 -14.354 165.664
-0.145428 -14.306 165.535
0.0131731 -14.3044 165.412
0.177926 -14.3038 165.294
0.349623 -14.3039 165.2
0.535991 -14.3044 165.108
0.73885 -14.3062 165.028
0.933137 -14.3095 164.986
1.12849 -14.3121 164.95
1.33401 -14.3166 164.941

0.604961 -14.3852 165.187
0.75958 -14.3423 165.111
0.948224 -14.3436 165.059
1.13692 -14.3457 165.013
1.32699 -14.3482 164.993
1.52652 -14.3512 164.978
1.73653 -14.3553 164.981
1.93141 -14.3606 165.015
2.12123 -14.3652 165.058
2.31485 -14.3714 165.128

1.48324 -14.4163 164.709
1.66459 -14.3787 164.687
1.88327 -14.3828 164.707
2.09591 -14.3875 164.733
2.30435 -14.3926 164.786
2.51706 -14.3979 164.849
2.73421 -14.4044 164.933
2.92969 -14.4117 165.044
3.11398 -14.4183 165.166
3.2957 -14.4262 165.315

2.36152 -14.4475 164.232
2.5696 -14.4151 164.263
2.81833 -14.422 164.355
3.05489 -14.4294 164.453
3.28171 -14.437 164.579
3.50759 -14.4447 164.72
3.73189 -14.4535 164.886
3.92796 -14.4628 165.073
4.10673 -14.4713 165.273
4.27654 -14.481 165.502

3.2398 -14.4787 163.755
3.4746 -14.4514 163.839
3.75338 -14.4612 164.002
4.01388 -14.4713 164.172
4.25908 -14.4814 164.372
4.49812 -14.4914 164.591
4.72957 -14.5025 164.839
4.92624 -14.5138 165.102
5.09947 -14.5244 165.381
5.25738 -14.5358 165.689

-3.7434 -13.2304 167.586
-3.71924 -13.1617 167.243
-3.67973 -13.1487 166.836
-3.60985 -13.1376 166.431
-3.51091 -13.1277 166.044
-3.37657 -13.1188 165.643
-3.20183 -13.1113 165.236
-3.00956 -13.1068 164.893
-2.79192 -13.1015 164.544
-2.53878 -13.0991 164.221

-2.86512 -13.2615 167.109
-2.81423 -13.1981 166.819
-2.74468 -13.1879 166.483
-2.65086 -13.1795 166.15
-2.53354 -13.1721 165.837
-2.38604 -13.1656 165.513
-2.20415 -13.1604 165.189
-2.01129 -13.1579 164.922
-1.79918 -13.1546 164.652
-1.55793 -13.1539 164.408

-1.98684 -13.2927 166.632
-1.90923 -13.2344 166.395
-1.80963 -13.2272 166.131
-1.69187 -13.2214 165.87
-1.55618 -13.2164 165.63
-1.39551 -13.2123 165.384
-1.20647 -13.2095 165.142
-1.01301 -13.209 164.951
-0.806432 -13.2076 164.76
-0.57709 -13.2087 164.595

-1.10856 -13.3239 166.155
-1.00422 -13.2708 165.972
-0.874575 -13.2664 165.778
-0.732881 -13.2632 165.59
-0.578815 -13.2608 165.424
-0.404976 -13.2591 165.255
-0.208789 -13.2586 165.094
-0.0147371 -13.26 164.98
0.186315 -13.2607 164.868
0.403754 -13.2635 164.782

-0.230281 -13.355 165.678
-0.0992108 -13.3071 165.548
0.0604761 -13.3056 165.426
0.226109 -13.3051 165.309
0.398549 -13.3052 165.217
0.585556 -13.3059 165.126
0.788891 -13.3077 165.047
0.983538 -13.3111 165.009
1.17906 -13.3137 164.975
1.3846 -13.3183 164.968

0.648 -13.3862 165.201
0.805797 -13.3435 165.124
0.995527 -13.3448 165.074
1.1851 -13.347 165.029
1.37591 -13.3496 165.01
1.57609 -13.3526 164.997
1.78657 -13.3567 165
1.98181 -13.3622 165.038
2.17181 -13.3668 165.083
2.36544 -13.3731 165.155

1.52628 -13.4174 164.723
1.7108 -13.3799 164.7
1.93058 -13.384 164.721
2.14409 -13.3888 164.749
2.35328 -13.3939 164.803
2.56662 -13.3993 164.868
2.78425 -13.4058 164.953
2.98009 -13.4132 165.067
3.16455 -13.4199 165.191
3.34628 -13.4278 165.342

2.40456 -13.4485 164.246
2.61581 -13.4162 164.276
2.86563 -13.4232 164.369
3.10308 -13.4307 164.468
3.33064 -13.4383 164.596
3.55715 -13.4461 164.739
3.78193 -13.4549 164.906
3.97836 -13.4643 165.096
4.1573 -13.4729 165.299
4.32713 -13.4826 165.529

3.28284 -13.4797 163.769
3.52082 -13.4526 163.852
3.80068 -13.4625 164.017
4.06207 -13.4726 164.188
4.30801 -13.4827 164.389
4.54768 -13.4928 164.61
4.77961 -13.504 164.858
4.97664 -13.5154 165.125
5.15005 -13.526 165.407
5.30797 -13.5374 165.716

-3.70037 -12.2314 167.6
-3.67302 -12.1628 167.256
-3.63242 -12.15 166.85
-3.56167 -12.1389 166.446
-3.46198 -12.129 166.061
-3.32701 -12.1203 165.661
-3.15179 -12.1128 165.255
-2.95916 -12.1084 164.917
-2.74135 -12.1031 164.57
-2.48819 -12.1008 164.248

-2.82208 -12.2626 167.123
-2.76802 -12.1992 166.832
-2.69737 -12.1892 166.498
-2.60268 -12.1808 166.166
-2.48462 -12.1734 165.854
-2.33647 -12.167 165.532
-2.15411 -12.1618 165.208
-1.96089 -12.1594 164.945
-1.7486 -12.1562 164.677
-1.50734 -12.1556 164.435

-1.9438 -12.2937 166.646
-1.86301 -12.2356 166.408
-1.76232 -12.2284 166.145
-1.64369 -12.2227 165.886
-1.50725 -12.2178 165.647
-1.34594 -12.2138 165.403
-1.15643 -12.2109 165.161
-0.962611 -12.2105 164.974
-0.755857 -12.2092 164.785
-0.526501 -12.2103 164.622

-1.06552 -12.3249 166.169
-0.958001 -12.2719 165.985
-0.827272 -12.2676 165.793
-0.684697 -12.2645 165.605
-0.529888 -12.2622 165.441
-0.35541 -12.2605 165.274
-0.158748 -12.26 165.114
0.0356641 -12.2616 165.003
0.23689 -12.2623 164.893
0.454342 -12.2651 164.809

-0.187242 -12.3561 165.692
-0.0529936 -12.3083 165.561
0.107779 -12.3068 165.441
0.274292 -12.3064 165.325
0.447476 -12.3065 165.234
0.635122 -12.3073 165.145
0.838932 -12.3091 165.067
1.03394 -12.3126 165.032
1.22964 -12.3154 165.001
1.43519 -12.3199 164.996

0.691038 -12.3872 165.215
0.852014 -12.3446 165.137
1.04283 -12.346 165.088
1.23328 -12.3482 165.045
1.42484 -12.3509 165.027
1.62565 -12.354 165.016
1.83661 -12.3582 165.019
2.03222 -12.3637 165.061
2.22238 -12.3684 165.109
2.41603 -12.3747 165.183

1.56932 -12.4184 164.737
1.75702 -12.381 164.713
1.97788 -12.3853 164.736
2.19227 -12.3901 164.764
2.4022 -12.3953 164.82
2.61619 -12.4008 164.887
2.83429 -12.4073 164.972
3.03049 -12.4148 165.09
3.21513 -12.4215 165.217
3.39687 -12.4295 165.37

2.4476 -12.4495 164.26
2.66203 -12.4174 164.289
2.91293 -12.4245 164.384
3.15126 -12.432 164.484
3.37957 -12.4397 164.613
3.60672 -12.4475 164.758
3.83197 -12.4563 164.925
4.02877 -12.4658 165.119
4.20788 -12.4745 165.325
4.37772 -12.4843 165.556

3.32588 -12.4807 163.783
3.56704 -12.4537 163.865
3.84798 -12.4637 164.031
4.11025 -12.4738 164.204
4.35693 -12.484 164.406
4.59725 -12.4943 164.629
4.82965 -12.5054 164.878
5.02704 -12.5169 165.148
5.20062 -12.5276 165.433
5.35856 -12.5391 165.743

-3.65733 -11.2324 167.614
-3.62681 -11.164 167.269
-3.58512 -11.1512 166.864
-3.51348 -11.1402 166.462
-3.41305 -11.1304 166.078
-3.27744 -11.1217 165.68
-3.10175 -11.1142 165.275
-2.90876 -11.1099 164.94
-2.69078 -11.1047 164.595
-2.4376 -11.1024 164.275

-2.77905 -11.2636 167.137
-2.7218 -11.2004 166.845
-2.65007 -11.1904 166.512
-2.55449 -11.1821 166.182
-2.43569 -11.1748 165.871
-2.28691 -11.1684 165.551
-2.10407 -11.1633 165.228
-1.91049 -11.161 164.969
-1.69803 -11.1578 164.703
-1.45676 -11.1572 164.462

-1.90077 -11.2948 166.66
-1.81679 -11.2367 166.421
-1.71502 -11.2296 166.16
-1.5955 -11.2239 165.902
-1.45833 -11.2191 165.664
-1.29638 -11.2152 165.422
-1.10639 -11.2124 165.18
-0.91221 -11.212 164.998
-0.705282 -11.2108 164.811
-0.475913 -11.212 164.649

-1.02248 -11.3259 166.183
-0.911784 -11.2731 165.998
-0.779969 -11.2688 165.807
-0.636514 -11.2658 165.621
-0.480961 -11.2635 165.457
-0.305845 -11.2619 165.293
-0.108706 -11.2615 165.133
0.0860652 -11.2631 165.027
0.287465 -11.2639 164.919
0.504931 -11.2668 164.836

-0.144204 -11.3571 165.706
-0.00677644 -11.3094 165.574
0.155082 -11.308 165.455
0.322476 -11.3077 165.341
0.496403 -11.3079 165.251
0.684687 -11.3087 165.164
0.888974 -11.3105 165.086
1.08434 -11.3142 165.056
1.28021 -11.317 165.027
1.48577 -11.3216 165.023

0.734077 -11.3882 165.229
0.898231 -11.3458 165.15
1.09013 -11.3473 165.103
1.28147 -11.3495 165.061
1.47377 -11.3523 165.044
1.67522 -11.3554 165.035
1.88665 -11.3596 165.039
2.08262 -11.3652 165.085
2.27296 -11.37 165.135
2.46662 -11.3764 165.21

1.61236 -11.4194 164.751
1.80324 -11.3822 164.726
2.02518 -11.3865 164.75
2.24046 -11.3914 164.78
2.45113 -11.3966 164.837
2.66575 -11.4022 164.905
2.88433 -11.4087 164.992
3.08089 -11.4163 165.114
3.2657 -11.4231 165.242
3.44746 -11.4311 165.397

2.49064 -11.4506 164.274
2.70825 -11.4185 164.302
2.96023 -11.4257 164.398
3.19945 -11.4333 164.5
3.42849 -11.441 164.63
3.65628 -11.4489 164.776
3.88201 -11.4578 164.944
4.07917 -11.4674 165.143
4.25845 -11.4761 165.35
4.42831 -11.4859 165.584

3.36892 -11.4817 163.797
3.61325 -11.4549 163.878
3.89528 -11.4649 164.046
4.15843 -11.4751 164.22
4.40586 -11.4854 164.423
4.64682 -11.4957 164.647
4.87969 -11.5069 164.897
5.07744 -11.5184 165.171
5.2512 -11.5292 165.458
5.40915 -11.5407 165.771

-3.61429 -10.2335 167.628
-3.58059 -10.1652 167.282
-3.53782 -10.1524 166.879
-3.4653 -10.1415 166.478
-3.36413 -10.1317 166.095
-3.22788 -10.1231 165.699
-3.05171 -10.1157 165.294
-2.85836 -10.1115 164.963
-2.6402 -10.1063 164.621
-2.38701 -10.1041 164.302

-2.73601 -10.2646 167.151
-2.67558 -10.2015 166.858
-2.60277 -10.1916 166.526
-2.50631 -10.1834 166.198
-2.38676 -10.1761 165.888
-2.23734 -10.1698 165.569
-2.05403 -10.1647 165.247
-1.86008 -10.1625 164.992
-1.64745 -10.1594 164.729
-1.40617 -10.1589 164.489

-1.85773 -10.2958 166.674
-1.77057 -10.2379 166.434
-1.66772 -10.2308 166.174
-1.54732 -10.2252 165.917
-1.4094 -10.2205 165.681
-1.24681 -10.2166 165.44
-1.05635 -10.2138 165.2
-0.861809 -10.2136 165.021
-0.654707 -10.2125 164.837
-0.425324 -10.2136 164.676

-0.979446 -10.3269 166.197
-0.865567 -10.2742 166.011
-0.732666 -10.27 165.822
-0.588331 -10.2671 165.637
-0.432035 -10.2648 165.474
-0.25628 -10.2633 165.311
-0.0586651 -10.2629 165.153
0.136466 -10.2647 165.05
0.33804 -10.2655 164.944
0.555519 -10.2684 164.863

-0.101165 -10.3581 165.72
0.0394407 -10.3106 165.587
0.202385 -10.3093 165.469
0.370659 -10.3089 165.357
0.545329 -10.3092 165.268
0.734252 -10.3101 165.182
0.939015 -10.312 165.105
1.13474 -10.3157 165.079
1.33079 -10.3186 165.052
1.53636 -10.3232 165.05

0.777116 -10.3893 165.243
0.944448 -10.347 165.163
1.13744 -10.3485 165.117
1.32965 -10.3508 165.076
1.52269 -10.3536 165.061
1.72478 -10.3568 165.053
1.9367 -10.3611 165.058
2.13302 -10.3668 165.108
2.32353 -10.3716 165.16
2.51721 -10.378 165.237

1.6554 -10.4204 164.765
1.84946 -10.3833 164.739
2.07249 -10.3877 164.765
2.28864 -10.3927 164.796
2.50006 -10.398 164.854
2.71532 -10.4036 164.924
2.93438 -10.4101 165.011
3.13129 -10.4179 165.137
3.31628 -10.4247 165.268
3.49805 -10.4328 165.424

2.53368 -10.4516 164.288
2.75446 -10.4197 164.315
3.00754 -10.4269 164.412
3.24763 -10.4345 164.516
3.47742 -10.4423 164.647
3.70585 -10.4503 164.795
3.93206 -10.4592 164.964
4.12957 -10.4689 165.166
4.30903 -10.4777 165.376
4.47889 -10.4876 165.611

3.41196 -10.4828 163.811
3.65947 -10.456 163.891
3.94259 -10.4661 164.06
4.20662 -10.4764 164.235
4.45479 -10.4867 164.44
4.69638 -10.4971 164.666
4.92974 -10.5083 164.917
5.12784 -10.52 165.195
5.30177 -10.5308 165.484
5.45974 -10.5424 165.798

-3.57125 -9.23448 167.642
-3.53437 -9.1663 167.295
-3.49051 -9.15362 166.893
-3.41712 -9.14278 166.494
-3.3152 -9.13307 166.112
-3.17831 -9.12446 165.717
-3.00166 -9.11709 165.313
-2.80796 -9.11299 164.986
-2.58963 -9.10795 164.646
-2.33642 -9.10571 164.329

-2.69297 -9.26564 167.165
-2.62937 -9.20266 166.871
-2.55546 -9.19284 166.541
-2.45813 -9.18464 166.213
-2.33784 -9.17744 165.905
-2.18778 -9.17122 165.588
-2.00398 -9.16617 165.266
-1.80968 -9.16406 165.015
-1.59688 -9.16101 164.754
-1.35558 -9.1605 164.516

-1.81469 -9.2968 166.688
-1.72436 -9.23903 166.447
-1.62041 -9.23205 166.188
-1.49914 -9.22651 165.933
-1.36047 -9.22181 165.698
-1.19725 -9.21797 165.459
-1.0063 -9.21525 165.219
-0.811408 -9.21513 165.044
-0.604132 -9.21406 164.862
-0.374736 -9.21529 164.703

-0.936407 -9.32797 166.211
-0.81935 -9.27539 166.024
-0.685363 -9.27127 165.836
-0.540147 -9.26837 165.653
-0.383108 -9.26619 165.491
-0.206714 -9.26472 165.33
-0.00862373 -9.26433 165.172
0.186868 -9.2662 165.073
0.388614 -9.26712 164.97
0.606108 -9.27008 164.89

-0.0581265 -9.35913 165.734
0.0856579 -9.31175 165.6
0.249688 -9.31049 165.484
0.418842 -9.31023 165.372
0.594256 -9.31056 165.284
0.783818 -9.31147 165.201
0.989056 -9.31342 165.125
1.18514 -9.31726 165.102
1.38136 -9.32018 165.078
1.58695 -9.32487 165.077

0.820154 -9.39029 165.257
0.990666 -9.34811 165.176
1.18474 -9.34971 165.131
1.37783 -9.3521 165.092
1.57162 -9.35494 165.078
1.77435 -9.35822 165.072
1.98674 -9.3625 165.078
2.18342 -9.36833 165.131
2.37411 -9.37324 165.186
2.56779 -9.37966 165.264

1.69843 -9.42145 164.779
1.89567 -9.38447 164.752
2.11979 -9.38892 164.779
2.33682 -9.39396 164.812
2.54898 -9.39931 164.871
2.76488 -9.40497 164.943
2.98442 -9.41158 165.03
3.18169 -9.4194 165.16
3.36685 -9.4263 165.294
3.54864 -9.43445 165.451

2.57672 -9.45261 164.302
2.80068 -9.42083 164.328
3.05484 -9.42814 164.427
3.29581 -9.43583 164.531
3.52635 -9.44368 164.664
3.75541 -9.45172 164.814
3.9821 -9.46066 164.983
4.17997 -9.47047 165.189
4.3596 -9.47935 165.402
4.52948 -9.48924 165.638

3.455 -9.48378 163.825
3.70569 -9.45719 163.904
3.98989 -9.46736 164.074
4.2548 -9.47769 164.251
4.50371 -9.48806 164.457
4.74595 -9.49847 164.685
4.97978 -9.50974 164.936
5.17825 -9.52153 165.218
5.35235 -9.53241 165.51
5.51033 -9.54403 165.825

-3.52821 -8.2355 167.656
-3.48816 -8.16746 167.308
-3.44321 -8.15484 166.907
-3.36893 -8.14406 166.509
-3.26627 -8.13441 166.129
-3.12875 -8.12587 165.736
-2.95162 -8.11853 165.333
-2.75756 -8.11454 165.01
-2.53905 -8.10956 164.672
-2.28583 -8.10736 164.357

-2.64993 -8.26667 167.179
-2.58315 -8.20382 166.884
-2.50816 -8.19406 166.555
-2.40994 -8.18593 166.229
-2.28891 -8.17878 165.922
-2.13821 -8.17262 165.607
-1.95394 -8.16761 165.286
-1.75928 -8.1656 165.039
-1.5463 -8.16261 164.78
-1.30499 -8.16215 164.544

-1.77165 -8.29783 166.702
-1.67814 -8.24018 166.46
-1.57311 -8.23328 166.203
-1.45095 -8.22779 165.949
-1.31155 -8.22316 165.715
-1.14768 -8.21937 165.478
-0.956263 -8.2167 165.239
-0.761007 -8.21667 165.068
-0.553557 -8.21567 164.888
-0.324148 -8.21694 164.73

-0.893368 -8.32899 166.225
-0.773133 -8.27654 166.037
-0.63806 -8.27249 165.85
-0.491964 -8.26965 165.668
-0.334181 -8.26753 165.508
-0.157149 -8.26612 165.349
0.0414176 -8.26578 165.191
0.237269 -8.26774 165.097
0.439189 -8.26873 164.996
0.656696 -8.27173 164.917

-0.0150878 -8.36015 165.748
0.131875 -8.3129 165.613
0.296991 -8.31171 165.498
0.467026 -8.31152 165.388
0.643183 -8.3119 165.301
0.833383 -8.31287 165.22
1.0391 -8.31486 165.144
1.23554 -8.31881 165.126
1.43194 -8.32179 165.104
1.63754 -8.32652 165.104

0.863193 -8.39131 165.27
1.03688 -8.34926 165.189
1.23204 -8.35093 165.146
1.42602 -8.35338 165.108
1.62055 -8.35628 165.095
1.82391 -8.35962 165.091
2.03678 -8.36394 165.097
2.23382 -8.36987 165.155
2.42468 -8.37485 165.212
2.61838 -8.38131 165.291

1.74147 -8.42248 164.793
1.94189 -8.38562 164.765
2.16709 -8.39015 164.793
2.38501 -8.39525 164.827
2.59791 -8.40065 164.888
2.81445 -8.40637 164.961
3.03446 -8.41302 165.05
3.2321 -8.42094 165.183
3.41743 -8.42791 165.319
3.59923 -8.4361 165.478

2.61975 -8.45364 164.316
2.8469 -8.42198 164.341
3.10214 -8.42936 164.441
3.344 -8.43711 164.547
3.57527 -8.44502 164.681
3.80498 -8.45312 164.832
4.03214 -8.4621 165.003
4.23037 -8.47201 165.212
4.41018 -8.48096 165.427
4.58007 -8.49089 165.665

3.49803 -8.4848 163.839
3.75191 -8.45834 163.917
4.03719 -8.46858 164.089
4.30298 -8.47898 164.267
4.55264 -8.4894 164.474
4.79551 -8.49987 164.703
5.02982 -8.51118 164.955
5.22865 -8.52308 165.241
5.40292 -8.53402 165.535
5.56091 -8.54568 165.852

-3.48517 -7.23653 167.67
-3.44194 -7.16861 167.321
-3.39591 -7.15607 166.922
-3.32075 -7.14535 166.525
-3.21735 -7.13575 166.146
-3.07918 -7.12727 165.755
-2.90158 -7.11998 165.352
-2.70716 -7.11608 165.033
-2.48848 -7.11116 164.698
-2.23525 -7.10901 164.384

-2.60689 -7.26769 167.193
-2.53693 -7.20497 166.897
-2.46086 -7.19528 166.569
-2.36176 -7.18721 166.245
-2.23998 -7.18012 165.939
-2.08865 -7.17402 165.626
-1.9039 -7.16906 165.305
-1.70888 -7.16715 165.062
-1.49573 -7.16422 164.806
-1.2544 -7.1638 164.571

-1.72861 -7.29885 166.716
-1.63192 -7.24133 166.473
-1.52581 -7.2345 166.217
-1.40277 -7.22907 165.964
-1.26262 -7.2245 165.732
-1.09812 -7.22077 165.496
-0.906221 -7.21814 165.258
-0.710606 -7.21821 165.091
-0.502982 -7.21728 164.913
-0.273559 -7.21859 164.758

-0.85033 -7.33001 166.239
-0.726916 -7.27769 166.05
-0.590757 -7.27372 165.865
-0.443781 -7.27094 165.684
-0.285254 -7.26887 165.525
-0.107584 -7.26752 165.367
0.091459 -7.26722 165.211
0.28767 -7.26928 165.12
0.489764 -7.27034 165.021
0.707284 -7.27338 164.945

0.0279509 -7.36118 165.762
0.178092 -7.31405 165.626
0.344294 -7.31293 165.512
0.515209 -7.3128 165.404
0.69211 -7.31324 165.318
0.882948 -7.31427 165.238
1.08914 -7.3163 165.164
1.28595 -7.32035 165.149
1.48251 -7.3234 165.129
1.68813 -7.32817 165.132

0.906232 -7.39234 165.284
1.0831 -7.35041 165.202
1.27934 -7.35215 165.16
1.4742 -7.35467 165.123
1.66947 -7.35762 165.112
1.87348 -7.36102 165.109
2.08682 -7.36538 165.116
2.28422 -7.37142 165.178
2.47526 -7.37646 165.237
2.66897 -7.38296 165.318

1.78451 -7.4235 164.807
1.98811 -7.38677 164.778
2.2144 -7.39137 164.808
2.43319 -7.39653 164.843
2.64684 -7.40199 164.905
2.86401 -7.40777 164.98
3.0845 -7.41446 165.069
3.2825 -7.42249 165.207
3.468 -7.42951 165.345
3.64982 -7.43775 165.505

2.66279 -7.45466 164.33
2.89312 -7.42313 164.354
3.14945 -7.43058 164.455
3.39218 -7.4384 164.563
3.6242 -7.44637 164.698
3.85454 -7.45452 164.851
4.08218 -7.46354 165.022
4.28077 -7.47355 165.236
4.46075 -7.48257 165.453
4.63066 -7.49254 165.692

3.54107 -7.48583 163.853
3.79812 -7.45949 163.93
4.0845 -7.4698 164.103
4.35117 -7.48026 164.282
4.60157 -7.49074 164.491
4.84508 -7.50127 164.722
5.07986 -7.51262 164.975
5.27905 -7.52462 165.265
5.4535 -7.53563 165.561
5.6115 -7.54733 165.879

-3.44213 -6.23755 167.684
-3.39572 -6.16976 167.334
-3.34861 -6.15729 166.936
-3.27257 -6.14663 166.541
-3.16842 -6.13709 166.163
-3.02961 -6.12868 165.773
-2.85154 -6.12142 165.372
-2.65676 -6.11762 165.056
-2.4379 -6.11277 164.723
-2.18466 -6.11066 164.411

-2.56385 -6.26871 167.207
-2.49071 -6.20612 166.91
-2.41356 -6.19651 166.584
-2.31358 -6.18849 166.26
-2.19106 -6.18146 165.956
-2.03908 -6.17543 165.644
-1.85386 -6.1705 165.325
-1.65848 -6.16869 165.085
-1.44515 -6.16583 164.831
-1.20381 -6.16545 164.598

-1.68557 -6.29988 166.73
-1.58571 -6.24248 166.486
-1.4785 -6.23572 166.231
-1.35459 -6.23036 165.98
-1.21369 -6.22584 165.749
-1.04855 -6.22218 165.515
-0.85618 -6.21958 165.277
-0.660205 -6.21976 165.114
-0.452407 -6.21889 164.939
-0.222971 -6.22024 164.785

-0.807291 -6.33104 166.253
-0.680698 -6.27884 166.063
-0.543454 -6.27494 165.879
-0.395597 -6.27222 165.7
-0.236328 -6.27021 165.542
-0.0580185 -6.26893 165.386
0.1415 -6.26866 165.23
0.338071 -6.27082 165.143
0.540339 -6.27195 165.047
0.757873 -6.27503 164.972

0.0709896 -6.3622 165.776
0.224309 -6.31521 165.639
0.391597 -6.31416 165.527
0.563393 -6.31409 165.419
0.741036 -6.31459 165.335
0.932513 -6.31568 165.257
1.13918 -6.31774 165.183
1.33635 -6.32189 165.172
1.53309 -6.32501 165.155
1.73872 -6.32982 165.159

0.94927 -6.39336 165.298
1.12932 -6.35157 165.215
1.32665 -6.35337 165.174
1.52238 -6.35595 165.139
1.7184 -6.35896 165.128
1.92305 -6.36243 165.128
2.13686 -6.36682 165.136
2.33462 -6.37296 165.201
2.52583 -6.37806 165.263
2.71956 -6.38461 165.346

1.82755 -6.42453 164.821
2.03432 -6.38793 164.791
2.2617 -6.39259 164.822
2.48137 -6.39782 164.859
2.69576 -6.40333 164.922
2.91358 -6.40918 164.999
3.13454 -6.4159 165.089
3.3329 -6.42403 165.23
3.51858 -6.43112 165.371
3.7004 -6.4394 165.533

2.70583 -6.45569 164.344
2.93933 -6.42429 164.367
3.19675 -6.43181 164.47
3.44036 -6.43968 164.578
3.67313 -6.44771 164.715
3.90411 -6.45593 164.87
4.13222 -6.46498 165.041
4.33117 -6.4751 165.259
4.51133 -6.48418 165.479
4.68125 -6.49419 165.719

3.58411 -6.48685 163.867
3.84434 -6.46065 163.943
4.1318 -6.47102 164.117
4.39935 -6.48155 164.298
4.65049 -6.49208 164.508
4.89464 -6.50268 164.741
5.1299 -6.51406 164.994
5.32945 -6.52616 165.288
5.50407 -6.53724 165.586
5.66209 -6.54898 165.906

