-1.5295 -12.7183 156.418
-1.31867 -12.7185 156.175
-1.08193 -12.7188 155.935
-0.833346 -12.7192 155.713
-0.561532 -12.7235 155.529
-0.294287 -12.7274 155.375
-0.0134958 -12.7319 155.242
0.287126 -12.7367 155.107

-0.529875 -12.7453 156.423
-0.322313 -12.7473 156.256
-0.0954461 -12.7496 156.096
0.137128 -12.7516 155.952
0.386422 -12.7574 155.846
0.626767 -12.7624 155.763
0.87543 -12.7679 155.698
1.13708 -12.7734 155.633

0.469746 -12.7723 156.428
0.674039 -12.7761 156.336
0.891035 -12.7804 156.257
1.1076 -12.7841 156.191
1.33438 -12.7912 156.162
1.54782 -12.7974 156.151
1.76436 -12.8038 156.155
1.98703 -12.81 156.158

1.46937 -12.7994 156.433
1.67039 -12.8049 156.416
1.87752 -12.8111 156.418
2.07807 -12.8165 156.43
2.28233 -12.825 156.479
2.46888 -12.8324 156.538
2.65328 -12.8398 156.611
2.83699 -12.8467 156.684

2.46899 -12.8264 156.438
2.66674 -12.8337 156.497
2.864 -12.8419 156.578
3.04855 -12.8489 156.669
3.23028 -12.8588 156.795
3.38993 -12.8674 156.926
3.54221 -12.8758 157.068
3.68694 -12.8834 157.209

3.46861 -12.8534 156.443
3.6631 -12.8625 156.577
3.85048 -12.8727 156.739
4.01902 -12.8814 156.908
4.17824 -12.8927 157.112
4.31099 -12.9024 157.314
4.43113 -12.9118 157.525
4.53689 -12.92 157.735

4.46823 -12.8804 156.448
4.65945 -12.8914 156.657
4.83696 -12.9034 156.9
4.98949 -12.9138 157.147
5.12619 -12.9265 157.429
5.23204 -12.9373 157.702
5.32006 -12.9477 157.981
5.38684 -12.9567 158.261

5.46785 -12.9075 156.454
5.6558 -12.9202 156.738
5.82344 -12.9342 157.061
5.95997 -12.9463 157.386
6.07415 -12.9603 157.745
6.15309 -12.9723 158.09
6.20898 -12.9837 158.438
6.2368 -12.9934 158.786

6.46748 -12.9345 156.459
6.65215 -12.949 156.818
6.80992 -12.965 157.222
6.93044 -12.9787 157.625
7.0221 -12.9941 158.062
7.07415 -13.0073 158.478
7.09791 -13.0197 158.895
7.08675 -13.03 159.312

-1.50264 -11.7191 156.449
-1.29259 -11.7194 156.21
-1.05667 -11.7198 155.971
-0.808897 -11.7201 155.749
-0.537999 -11.7245 155.565
-0.271362 -11.7283 155.411
0.0086431 -11.7328 155.277
0.30859 -11.7376 155.142

-0.503022 -11.7462 156.454
-0.296234 -11.7482 156.29
-0.070185 -11.7506 156.132
0.161577 -11.7526 155.988
0.409955 -11.7583 155.882
0.649692 -11.7633 155.798
0.897569 -11.7687 155.734
1.15854 -11.7742 155.668

0.496599 -11.7732 156.459
0.700119 -11.777 156.371
0.916296 -11.7813 156.293
1.13205 -11.785 156.227
1.35791 -11.7921 156.199
1.57075 -11.7983 156.186
1.78649 -11.8047 156.19
2.0085 -11.8109 156.193

1.49622 -11.8002 156.465
1.69647 -11.8059 156.451
1.90278 -11.8121 156.454
2.10252 -11.8175 156.466
2.30586 -11.8259 156.515
2.4918 -11.8333 156.574
2.67542 -11.8407 156.647
2.85845 -11.8476 156.719

2.49584 -11.8272 156.47
2.69282 -11.8347 156.531
2.88926 -11.8429 156.615
3.073 -11.8499 156.705
3.25382 -11.8598 156.832
3.41286 -11.8683 156.962
3.56435 -11.8767 157.104
3.7084 -11.8842 157.244

3.49546 -11.8543 156.475
3.68918 -11.8635 156.612
3.87574 -11.8736 156.776
4.04347 -11.8824 156.944
4.20177 -11.8936 157.148
4.33391 -11.9033 157.35
4.45327 -11.9127 157.56
4.55835 -11.9209 157.77

4.49509 -11.8813 156.48
4.68553 -11.8923 156.692
4.86222 -11.9044 156.937
5.01394 -11.9148 157.183
5.14972 -11.9274 157.465
5.25496 -11.9382 157.738
5.3422 -11.9486 158.017
5.40831 -11.9575 158.296

5.49471 -11.9083 156.485
5.68188 -11.9211 156.772
5.8487 -11.9352 157.098
5.98442 -11.9472 157.422
6.09768 -11.9612 157.782
6.17602 -11.9732 158.126
6.23112 -11.9846 158.474
6.25826 -11.9942 158.821

6.49433 -11.9354 156.49
6.67823 -11.9499 156.853
6.83518 -11.966 157.258
6.95489 -11.9797 157.661
7.04563 -11.9951 158.098
7.09707 -12.0082 158.513
7.12005 -12.0206 158.93
7.10821 -12.0309 159.347

-1.47579 -10.72 156.481
-1.26651 -10.7204 156.245
-1.0314 -10.7208 156.007
-0.784448 -10.7211 155.785
-0.514466 -10.7254 155.602
-0.248437 -10.7292 155.446
0.030782 -10.7337 155.313
0.330054 -10.7384 155.177

-0.476169 -10.747 156.486
-0.270154 -10.7492 156.325
-0.0449238 -10.7515 156.168
0.186025 -10.7535 156.024
0.433488 -10.7592 155.918
0.672618 -10.7642 155.834
0.919708 -10.7696 155.769
1.18001 -10.7751 155.703

0.523452 -10.774 156.491
0.726199 -10.778 156.406
0.941557 -10.7823 156.329
1.1565 -10.786 156.263
1.38144 -10.7931 156.235
1.59367 -10.7992 156.222
1.80863 -10.8056 156.226
2.02996 -10.8117 156.228

1.52307 -10.8011 156.496
1.72255 -10.8068 156.486
1.92804 -10.8131 156.49
2.12697 -10.8184 156.502
2.3294 -10.8269 156.551
2.51473 -10.8342 156.61
2.69756 -10.8416 156.683
2.87991 -10.8484 156.754

2.5227 -10.8281 156.501
2.7189 -10.8356 156.566
2.91452 -10.8439 156.651
3.09745 -10.8509 156.741
3.27735 -10.8607 156.868
3.43578 -10.8692 156.998
3.58649 -10.8776 157.139
3.72987 -10.8851 157.279

3.52232 -10.8551 156.506
3.71526 -10.8644 156.647
3.901 -10.8746 156.812
4.06792 -10.8833 156.98
4.2253 -10.8945 157.185
4.35684 -10.9042 157.386
4.47541 -10.9135 157.596
4.57982 -10.9217 157.805

4.52194 -10.8822 156.511
4.71161 -10.8932 156.727
4.88748 -10.9054 156.973
5.03839 -10.9158 157.219
5.17326 -10.9284 157.501
5.27789 -10.9391 157.773
5.36434 -10.9495 158.053
5.42977 -10.9584 158.331

5.52156 -10.9092 156.516
5.70796 -10.9221 156.807
5.87396 -10.9362 157.134
6.00887 -10.9482 157.458
6.12121 -10.9622 157.818
6.19894 -10.9741 158.161
6.25326 -10.9855 158.509
6.27972 -10.9951 158.856

6.52118 -10.9362 156.522
6.70431 -10.9509 156.888
6.86044 -10.9669 157.295
6.97934 -10.9806 157.697
7.06916 -10.996 158.134
7.12 -11.0091 158.549
7.14219 -11.0215 158.966
7.12968 -11.0317 159.382

-1.44894 -9.72085 156.512
-1.24043 -9.72131 156.28
-1.00614 -9.72174 156.043
-0.759999 -9.72205 155.822
-0.490934 -9.72633 155.638
-0.225512 -9.73013 155.482
0.0529209 -9.73453 155.348
0.351517 -9.73924 155.212

-0.449317 -9.74788 156.517
-0.244074 -9.75013 156.36
-0.0196627 -9.75251 156.204
0.210474 -9.7545 156.061
0.45702 -9.76016 155.954
0.695543 -9.76511 155.87
0.941847 -9.77051 155.805
1.20147 -9.77591 155.738

0.550305 -9.7749 156.522
0.752278 -9.77894 156.441
0.966818 -9.78328 156.365
1.18095 -9.78694 156.3
1.40497 -9.79399 156.271
1.6166 -9.8001 156.258
1.83077 -9.80649 156.262
2.05142 -9.81257 156.263

1.54993 -9.80193 156.528
1.74863 -9.80776 156.521
1.9533 -9.81405 156.526
2.15142 -9.81938 156.539
2.35293 -9.82781 156.588
2.53765 -9.83508 156.646
2.7197 -9.84246 156.718
2.90138 -9.84924 156.789

2.54955 -9.82896 156.533
2.74498 -9.83657 156.601
2.93978 -9.84482 156.687
3.12189 -9.85183 156.778
3.30088 -9.86164 156.904
3.45871 -9.87007 157.033
3.60862 -9.87844 157.175
3.75133 -9.8859 157.314

3.54917 -9.85598 156.538
3.74134 -9.86538 156.682
3.92626 -9.8756 156.848
4.09237 -9.88427 157.017
4.24884 -9.89546 157.221
4.37976 -9.90506 157.421
4.49755 -9.91441 157.632
4.60128 -9.92257 157.84

4.54879 -9.88301 156.543
4.73769 -9.8942 156.762
4.91274 -9.90637 157.009
5.06284 -9.91671 157.256
5.19679 -9.92929 157.538
5.30082 -9.94004 157.809
5.38648 -9.95039 158.088
5.45124 -9.95923 158.366

5.54841 -9.91004 156.548
5.73404 -9.92301 156.842
5.89922 -9.93714 157.17
6.03331 -9.94916 157.495
6.14474 -9.96312 157.854
6.22187 -9.97503 158.197
6.2754 -9.98636 158.545
6.30119 -9.9959 158.891

6.54803 -9.93707 156.553
6.73039 -9.95183 156.923
6.8857 -9.96791 157.331
7.00379 -9.9816 157.734
7.0927 -9.99694 158.171
7.14292 -10.01 158.585
7.16433 -10.0223 159.001
7.15114 -10.0326 159.417

-1.42209 -8.72171 156.544
-1.21435 -8.72226 156.315
-0.980882 -8.72271 156.079
-0.73555 -8.72301 155.858
-0.467401 -8.72727 155.674
-0.202586 -8.73103 155.518
0.0750598 -8.73541 155.384
0.372981 -8.74009 155.247

-0.422464 -8.74873 156.549
-0.217994 -8.75108 156.395
0.00559847 -8.75348 156.24
0.234923 -8.75546 156.097
0.480553 -8.7611 155.991
0.718468 -8.76601 155.905
0.963986 -8.77139 155.841
1.22293 -8.77675 155.773

0.577158 -8.77576 156.554
0.778358 -8.77989 156.475
0.992079 -8.78426 156.401
1.2054 -8.7879 156.336
1.42851 -8.79492 156.307
1.63952 -8.801 156.293
1.85291 -8.80736 156.297
2.07289 -8.81342 156.298

1.57678 -8.80279 156.559
1.77471 -8.80871 156.556
1.97856 -8.81503 156.562
2.17587 -8.82034 156.575
2.37646 -8.82875 156.624
2.56058 -8.83598 156.681
2.74184 -8.84334 156.754
2.92284 -8.85008 156.824

2.5764 -8.82981 156.564
2.77106 -8.83752 156.636
2.96504 -8.8458 156.723
3.14634 -8.85279 156.814
3.32441 -8.86257 156.941
3.48163 -8.87097 157.069
3.63076 -8.87932 157.211
3.77279 -8.88675 157.349

3.57602 -8.85684 156.569
3.76742 -8.86633 156.716
3.95152 -8.87657 156.884
4.11682 -8.88523 157.053
4.27237 -8.8964 157.257
4.40269 -8.90596 157.457
4.51969 -8.91529 157.667
4.62275 -8.92341 157.875

4.57564 -8.88387 156.574
4.76377 -8.89515 156.797
4.938 -8.90734 157.045
5.08729 -8.91767 157.292
5.22032 -8.93023 157.574
5.32374 -8.94094 157.845
5.40861 -8.95127 158.124
5.4727 -8.96008 158.4

5.57527 -8.9109 156.579
5.76012 -8.92396 156.877
5.92448 -8.93811 157.206
6.05776 -8.95012 157.531
6.16828 -8.96405 157.89
6.2448 -8.97593 158.233
6.29754 -8.98724 158.58
6.32265 -8.99674 158.926

6.57489 -8.93792 156.585
6.75647 -8.95277 156.957
6.91096 -8.96888 157.367
7.02824 -8.98256 157.77
7.11623 -8.99788 158.207
7.16585 -9.01091 158.62
7.18647 -9.02322 159.037
7.17261 -9.03341 159.452

-1.39523 -7.72256 156.575
-1.18827 -7.72321 156.35
-0.955621 -7.72369 156.115
-0.711101 -7.72397 155.894
-0.443868 -7.72821 155.71
-0.179661 -7.73193 155.553
0.0971987 -7.73629 155.42
0.394445 -7.74093 155.282

-0.395611 -7.74959 156.58
-0.191915 -7.75203 156.43
0.0308596 -7.75446 156.276
0.259372 -7.75641 156.133
0.504086 -7.76203 156.027
0.741393 -7.76691 155.941
0.986124 -7.77227 155.876
1.2444 -7.7776 155.808

0.604011 -7.77662 156.585
0.804438 -7.78084 156.51
1.01734 -7.78523 156.437
1.22985 -7.78886 156.372
1.45204 -7.79586 156.344
1.66245 -7.8019 156.329
1.87505 -7.80824 156.333
2.09435 -7.81426 156.333

1.60363 -7.80364 156.59
1.80079 -7.80965 156.591
2.00382 -7.816 156.598
2.20032 -7.8213 156.611
2.39999 -7.82968 156.66
2.5835 -7.83688 156.717
2.76398 -7.84422 156.79
2.9443 -7.85092 156.859

2.60325 -7.83067 156.596
2.79714 -7.83847 156.671
2.9903 -7.84677 156.759
3.17079 -7.85375 156.85
3.34795 -7.86351 156.977
3.50456 -7.87187 157.105
3.6529 -7.8802 157.246
3.79426 -7.88759 157.384

3.60288 -7.8577 156.601
3.7935 -7.86728 156.751
3.97678 -7.87754 156.92
4.14127 -7.88619 157.089
4.2959 -7.89733 157.293
4.42561 -7.90686 157.493
4.54183 -7.91617 157.703
4.64421 -7.92425 157.91

4.6025 -7.88473 156.606
4.78985 -7.8961 156.832
4.96326 -7.90832 157.081
5.11174 -7.91863 157.328
5.24385 -7.93116 157.61
5.34667 -7.94184 157.88
5.43075 -7.95215 158.159
5.49416 -7.96092 158.435

5.60212 -7.91175 156.611
5.7862 -7.92491 156.912
5.94974 -7.93909 157.242
6.08221 -7.95108 157.567
6.19181 -7.96499 157.927
6.26772 -7.97683 158.268
6.31968 -7.98812 158.616
6.34412 -7.99759 158.961

6.60174 -7.93878 156.616
6.78255 -7.95372 156.992
6.93622 -7.96986 157.403
7.05269 -7.98352 157.806
7.13976 -7.99881 158.243
7.18878 -8.01181 158.656
7.2086 -8.0241 159.073
7.19407 -8.03425 159.487

-1.36838 -6.72342 156.607
-1.16219 -6.72416 156.385
-0.93036 -6.72466 156.152
-0.686652 -6.72493 155.931
-0.420335 -6.72914 155.747
-0.156736 -6.73283 155.589
0.119338 -6.73717 155.455
0.415908 -6.74177 155.317

-0.368758 -6.75045 156.612
-0.165835 -6.75298 156.465
0.0561207 -6.75543 156.313
0.283821 -6.75737 156.17
0.527618 -6.76297 156.063
0.764319 -6.76781 155.977
1.00826 -6.77315 155.912
1.26586 -6.77844 155.843

0.630864 -6.77747 156.617
0.830517 -6.78179 156.545
1.0426 -6.7862 156.474
1.25429 -6.78982 156.409
1.47557 -6.79679 156.38
1.68537 -6.8028 156.365
1.89719 -6.80912 156.368
2.11581 -6.8151 156.368

1.63049 -6.8045 156.622
1.82687 -6.8106 156.626
2.02908 -6.81697 156.635
2.22477 -6.82226 156.648
2.42353 -6.83062 156.697
2.60643 -6.83778 156.753
2.78611 -6.8451 156.825
2.96577 -6.85177 156.894

2.63011 -6.83153 156.627
2.82322 -6.83942 156.706
3.01556 -6.84775 156.795
3.19524 -6.85471 156.887
3.37148 -6.86444 157.013
3.52748 -6.87277 157.14
3.67504 -6.88108 157.282
3.81572 -6.88843 157.419

3.62973 -6.85855 156.632
3.81958 -6.86823 156.786
4.00204 -6.87852 156.956
4.16571 -6.88715 157.126
4.31943 -6.89827 157.33
4.44854 -6.90776 157.528
4.56397 -6.91705 157.738
4.66567 -6.9251 157.945

4.62935 -6.88558 156.637
4.81593 -6.89704 156.867
4.98852 -6.90929 157.117
5.13619 -6.91959 157.365
5.26739 -6.9321 157.646
5.36959 -6.94274 157.916
5.45289 -6.95303 158.195
5.51563 -6.96176 158.47

5.62897 -6.91261 156.642
5.81228 -6.92586 156.947
5.97501 -6.94006 157.278
6.10666 -6.95204 157.604
6.21534 -6.96592 157.963
6.29065 -6.97773 158.304
6.34182 -6.989 158.652
6.36558 -6.99843 158.996

6.62859 -6.93964 156.648
6.80863 -6.95467 157.027
6.96149 -6.97083 157.439
7.07713 -6.98448 157.843
7.1633 -6.99975 158.28
7.2117 -7.01271 158.692
7.23074 -7.02498 159.108
7.21553 -7.03509 159.522

-1.34153 -5.72428 156.638
-1.13611 -5.72511 156.419
-0.905099 -5.72563 156.188
-0.662204 -5.72589 155.967
-0.396803 -5.73008 155.783
-0.133811 -5.73373 155.625
0.141476 -5.73805 155.491
0.437372 -5.74262 155.352

-0.341905 -5.7513 156.643
-0.139755 -5.75392 156.5
0.0813819 -5.7564 156.349
0.30827 -5.75833 156.206
0.551151 -5.7639 156.1
0.787244 -5.76871 156.013
1.0304 -5.77403 155.947
1.28733 -5.77928 155.878

0.657717 -5.77833 156.648
0.856597 -5.78274 156.58
1.06786 -5.78718 156.51
1.27874 -5.79078 156.445
1.49911 -5.79773 156.416
1.7083 -5.8037 156.4
1.91933 -5.81 156.404
2.13728 -5.81595 156.403

1.65734 -5.80536 156.653
1.85295 -5.81155 156.66
2.05434 -5.81795 156.671
2.24922 -5.82322 156.684
2.44706 -5.83155 156.733
2.62935 -5.83868 156.788
2.80825 -5.84598 156.861
2.98723 -5.85261 156.929

2.65696 -5.83238 156.659
2.8493 -5.84037 156.741
3.04082 -5.84872 156.832
3.21969 -5.85566 156.923
3.39501 -5.86538 157.049
3.55041 -5.87367 157.176
3.69718 -5.88196 157.317
3.83718 -5.88928 157.454

3.65658 -5.85941 156.664
3.84565 -5.86918 156.821
4.0273 -5.87949 156.993
4.19016 -5.88811 157.162
4.34297 -5.89921 157.366
4.47146 -5.90866 157.564
4.58611 -5.91793 157.774
4.68714 -5.92594 157.98

4.6562 -5.88644 156.669
4.84201 -5.89799 156.901
5.01379 -5.91026 157.154
5.16064 -5.92055 157.401
5.29092 -5.93303 157.683
5.39252 -5.94364 157.952
5.47503 -5.95391 158.231
5.53709 -5.96261 158.505

5.65582 -5.91347 156.674
5.83836 -5.92681 156.982
6.00027 -5.94103 157.315
6.13111 -5.953 157.64
6.23887 -5.96686 157.999
6.31357 -5.97863 158.34
6.36396 -5.98988 158.687
6.38704 -5.99927 159.031

6.65545 -5.94049 156.679
6.83471 -5.95562 157.062
6.98675 -5.97181 157.476
7.10158 -5.98544 157.879
7.18683 -6.00068 158.316
7.23463 -6.01361 158.728
7.25288 -6.02586 159.144
7.237 -6.03594 159.557

-1.31467 -4.72513 156.67
-1.11003 -4.72606 156.454
-0.879838 -4.72661 156.224
-0.637755 -4.72685 156.003
-0.37327 -4.73101 155.819
-0.110886 -4.73463 155.66
0.163615 -4.73893 155.526
0.458836 -4.74346 155.387

-0.315052 -4.75216 156.675
-0.113676 -4.75487 156.535
0.106643 -4.75738 156.385
0.332719 -4.75929 156.242
0.574684 -4.76484 156.136
0.810169 -4.76961 156.048
1.05254 -4.77491 155.983
1.30879 -4.78012 155.913

0.684569 -4.77919 156.68
0.882677 -4.78369 156.615
1.09312 -4.78815 156.546
1.30319 -4.79174 156.481
1.52264 -4.79866 156.452
1.73122 -4.8046 156.436
1.94147 -4.81088 156.44
2.15874 -4.81679 156.438

1.68419 -4.80621 156.685
1.87903 -4.8125 156.695
2.0796 -4.81892 156.707
2.27367 -4.82418 156.72
2.47059 -4.83249 156.769
2.65228 -4.83958 156.824
2.83039 -4.84686 156.896
3.00869 -4.85345 156.964

2.68381 -4.83324 156.69
2.87538 -4.84131 156.776
3.06609 -4.84969 156.868
3.24414 -4.85662 156.959
3.41855 -4.86631 157.086
3.57333 -4.87457 157.212
3.71932 -4.88284 157.353
3.85865 -4.89012 157.489

3.68343 -4.86027 156.695
3.87173 -4.87013 156.856
4.05257 -4.88046 157.029
4.21461 -4.88907 157.198
4.3665 -4.90014 157.402
4.49439 -4.90956 157.6
4.60824 -4.91881 157.81
4.7086 -4.92678 158.015

4.68306 -4.8873 156.7
4.86809 -4.89894 156.936
5.03905 -4.91124 157.19
5.18509 -4.92151 157.437
5.31445 -4.93397 157.719
5.41544 -4.94454 157.988
5.49717 -4.95479 158.266
5.55855 -4.96345 158.54

5.68268 -4.91432 156.705
5.86444 -4.92776 157.017
6.02553 -4.94201 157.351
6.15556 -4.95395 157.676
6.26241 -4.96779 158.036
6.3365 -4.97953 158.375
6.3861 -4.99076 158.723
6.40851 -5.00011 159.066

6.6823 -4.94135 156.711
6.86079 -4.95657 157.097
7.01201 -4.97278 157.512
7.12603 -4.9864 157.915
7.21036 -5.00162 158.352
7.25755 -5.01451 158.763
7.27502 -5.02674 159.18
7.25846 -5.03678 159.592

