1.20139 -3.4292 260.364
0.690479 -3.44946 260.752
0.0472454 -3.47922 261.392
-0.425328 -3.50737 261.954
-0.665273 -3.5248 262.399
-0.920129 -3.55655 263.057
-1.09669 -3.58881 263.723
-1.14939 -3.60114 263.94
-1.14866 -3.63547 264.91
-1.00795 -3.67276 265.835
-0.763899 -3.70357 266.56

1.81323 -3.4433 261.155
1.39591 -3.45905 261.461
0.866519 -3.48203 261.965
0.471916 -3.50369 262.395
0.272514 -3.5172 262.746
0.0570139 -3.5426 263.27
-0.0985319 -3.56784 263.78
-0.149978 -3.57647 263.916
-0.163547 -3.60374 264.741
-0.0668134 -3.63332 265.499
0.114974 -3.6578 266.085

2.42508 -3.45739 261.946
2.10134 -3.46863 262.17
1.68579 -3.48483 262.538
1.36916 -3.50001 262.837
1.2103 -3.5096 263.093
1.03416 -3.52865 263.482
0.899621 -3.54687 263.837
0.849434 -3.5518 263.892
0.821562 -3.57201 264.572
0.87432 -3.59389 265.163
0.993847 -3.61202 265.61

3.03692 -3.47149 262.737
2.80676 -3.47822 262.879
2.50507 -3.48764 263.112
2.2664 -3.49633 263.278
2.14809 -3.502 263.44
2.0113 -3.5147 263.694
1.89777 -3.5259 263.895
1.84885 -3.52713 263.868
1.80667 -3.54028 264.403
1.81545 -3.55445 264.828
1.87272 -3.56624 265.135

3.64877 -3.48558 263.528
3.51219 -3.48781 263.587
3.32434 -3.49044 263.685
3.16365 -3.49265 263.72
3.08588 -3.4944 263.787
2.98844 -3.50075 263.906
2.89593 -3.50494 263.952
2.84826 -3.50246 263.845
2.79178 -3.50855 264.234
2.75659 -3.51502 264.492
2.75159 -3.52047 264.66

4.26062 -3.49968 264.318
4.21762 -3.4974 264.296
4.14361 -3.49325 264.259
4.06089 -3.48897 264.161
4.02367 -3.48681 264.134
3.96559 -3.4868 264.118
3.89408 -3.48397 264.009
3.84767 -3.47779 263.821
3.77689 -3.47682 264.066
3.69772 -3.47558 264.156
3.63047 -3.47469 264.185

4.87246 -3.51378 265.109
4.92305 -3.50699 265.005
4.96289 -3.49606 264.832
4.95813 -3.48529 264.603
4.96145 -3.47921 264.482
4.94273 -3.47285 264.33
4.89223 -3.463 264.066
4.84708 -3.45312 263.797
4.762 -3.44509 263.897
4.63885 -3.43614 263.82
4.50934 -3.42891 263.71

5.48431 -3.52787 265.9
5.62848 -3.51658 265.713
5.78216 -3.49886 265.405
5.85538 -3.48161 265.044
5.89924 -3.47161 264.829
5.91987 -3.45891 264.542
5.89039 -3.44203 264.123
5.84649 -3.42845 263.773
5.7471 -3.41336 263.728
5.57999 -3.39671 263.485
5.38821 -3.38313 263.236

6.09615 -3.54197 266.691
6.33391 -3.52617 266.422
6.60144 -3.50167 265.979
6.75262 -3.47793 265.486
6.83703 -3.46401 265.176
6.89702 -3.44496 264.754
6.88854 -3.42106 264.18
6.8459 -3.40378 263.749
6.73221 -3.38163 263.559
6.52112 -3.35727 263.149
6.26708 -3.33736 262.761

1.18455 -2.42982 260.395
0.671637 -2.45016 260.785
0.0260759 -2.48006 261.427
-0.447837 -2.50833 261.991
-0.687933 -2.52583 262.438
-0.9435 -2.5577 263.099
-1.12048 -2.59032 263.773
-1.17255 -2.60331 264.002
-1.17167 -2.63716 264.964
-1.03022 -2.67451 265.89
-0.785078 -2.70543 266.617

1.79639 -2.44391 261.186
1.37707 -2.45975 261.493
0.84535 -2.48287 262
0.449407 -2.50465 262.433
0.249855 -2.51823 262.785
0.0336427 -2.54375 263.312
-0.122329 -2.56935 263.83
-0.17314 -2.57864 263.978
-0.186563 -2.60543 264.795
-0.0890845 -2.63508 265.554
0.0937946 -2.65965 266.142

2.40824 -2.45801 261.977
2.08249 -2.46933 262.202
1.66462 -2.48567 262.573
1.34665 -2.50097 262.874
1.18764 -2.51063 263.132
1.01079 -2.5298 263.524
0.875824 -2.54838 263.887
0.826271 -2.55397 263.954
0.798546 -2.5737 264.626
0.852049 -2.59564 265.218
0.972667 -2.61387 265.667

3.02009 -2.47211 262.768
2.78792 -2.47892 262.911
2.4839 -2.48848 263.147
2.24389 -2.49728 263.316
2.12543 -2.50303 263.479
1.98793 -2.51585 263.736
1.87398 -2.52741 263.944
1.82568 -2.5293 263.93
1.78365 -2.54197 264.457
1.79318 -2.5562 264.883
1.85154 -2.56809 265.192

3.63193 -2.4862 263.558
3.49335 -2.48851 263.62
3.30317 -2.49129 263.72
3.14114 -2.4936 263.757
3.06322 -2.49544 263.827
2.96507 -2.50191 263.948
2.87213 -2.50644 264.001
2.82509 -2.50463 263.906
2.76876 -2.51024 264.288
2.73432 -2.51677 264.547
2.73041 -2.52232 264.717

4.24378 -2.5003 264.349
4.19878 -2.4981 264.328
4.12245 -2.49409 264.294
4.03838 -2.48992 264.199
4.00101 -2.48784 264.174
3.94221 -2.48796 264.16
3.87028 -2.48547 264.058
3.82451 -2.47996 263.882
3.75387 -2.47851 264.119
3.67545 -2.47733 264.211
3.60929 -2.47654 264.242

4.85562 -2.51439 265.14
4.90421 -2.50769 265.037
4.94172 -2.4969 264.867
4.93563 -2.48624 264.64
4.93879 -2.48024 264.521
4.91936 -2.47401 264.372
4.86844 -2.4645 264.115
4.82392 -2.45529 263.859
4.73898 -2.44677 263.95
4.61658 -2.4379 263.875
4.48816 -2.43076 263.768

5.46747 -2.52849 265.931
5.60964 -2.51728 265.746
5.76099 -2.4997 265.44
5.83287 -2.48256 265.082
5.87658 -2.47264 264.868
5.8965 -2.46006 264.584
5.86659 -2.44353 264.172
5.82333 -2.43062 263.835
5.72409 -2.41504 263.781
5.55772 -2.39846 263.54
5.36703 -2.38499 263.293

6.07931 -2.54259 266.722
6.31507 -2.52686 266.454
6.58027 -2.50251 266.014
6.73011 -2.47888 265.523
6.81437 -2.46504 265.215
6.87364 -2.44611 264.796
6.86474 -2.42256 264.229
6.82274 -2.40595 263.811
6.7092 -2.38331 263.612
6.49885 -2.35903 263.204
6.2459 -2.33921 262.818

1.16771 -1.43043 260.426
0.652795 -1.45086 260.817
0.00490641 -1.4809 261.462
-0.470345 -1.50928 262.029
-0.710593 -1.52686 262.477
-0.966872 -1.55885 263.141
-1.14428 -1.59182 263.822
-1.19571 -1.60548 264.063
-1.19469 -1.63885 265.017
-1.05249 -1.67626 265.944
-0.806258 -1.70728 266.674

1.77956 -1.44453 261.217
1.35822 -1.46044 261.526
0.82418 -1.48371 262.035
0.426899 -1.5056 262.47
0.227195 -1.51926 262.825
0.0102714 -1.54491 263.354
-0.146126 -1.57085 263.879
-0.196303 -1.58081 264.039
-0.209579 -1.60712 264.848
-0.111356 -1.63683 265.609
0.0726154 -1.6615 266.199

2.3914 -1.45863 262.008
2.06365 -1.47003 262.234
1.64345 -1.48652 262.609
1.32414 -1.50192 262.912
1.16498 -1.51166 263.172
0.987414 -1.53096 263.566
0.852027 -1.54988 263.936
0.803109 -1.55614 264.016
0.775529 -1.57538 264.679
0.829778 -1.59739 265.273
0.951488 -1.61572 265.724

3.00325 -1.47272 262.798
2.76908 -1.47962 262.943
2.46273 -1.48932 263.182
2.22139 -1.49824 263.353
2.10277 -1.50407 263.519
1.96456 -1.51701 263.778
1.85018 -1.52891 263.993
1.80252 -1.53147 263.992
1.76064 -1.54365 264.51
1.77091 -1.55796 264.937
1.83036 -1.56995 265.249

3.61509 -1.48682 263.589
3.47451 -1.48921 263.652
3.282 -1.49213 263.755
3.11863 -1.49456 263.795
3.04056 -1.49647 263.866
2.9417 -1.50306 263.99
2.84833 -1.50794 264.05
2.80193 -1.5068 263.968
2.74575 -1.51192 264.341
2.71204 -1.51852 264.602
2.70923 -1.52417 264.774

4.22694 -1.50091 264.38
4.17994 -1.4988 264.361
4.10128 -1.49493 264.329
4.01587 -1.49088 264.236
3.97835 -1.48887 264.213
3.91884 -1.48911 264.202
3.84649 -1.48697 264.107
3.80134 -1.48213 263.944
3.73086 -1.48019 264.172
3.65318 -1.47909 264.266
3.58811 -1.47839 264.299

4.83878 -1.51501 265.171
4.88537 -1.50839 265.069
4.92055 -1.49774 264.902
4.91312 -1.4872 264.678
4.91613 -1.48127 264.56
4.89599 -1.47516 264.414
4.84464 -1.466 264.164
4.80076 -1.45746 263.92
4.71596 -1.44846 264.003
4.59431 -1.43965 263.93
4.46698 -1.43261 263.825

5.45063 -1.52911 265.962
5.5908 -1.51797 265.778
5.73982 -1.50055 265.476
5.81036 -1.48351 265.119
5.85392 -1.47367 264.907
5.87313 -1.46122 264.626
5.84279 -1.44504 264.221
5.80017 -1.43279 263.896
5.70107 -1.41673 263.834
5.53545 -1.40021 263.594
5.34585 -1.38684 263.35

6.06248 -1.5432 266.753
6.29622 -1.52756 266.487
6.5591 -1.50335 266.049
6.70761 -1.47983 265.561
6.79171 -1.46607 265.254
6.85027 -1.44727 264.838
6.84095 -1.42407 264.278
6.79958 -1.40812 263.873
6.68618 -1.385 263.665
6.47658 -1.36078 263.259
6.22473 -1.34106 262.875

1.15087 -0.431052 260.457
0.633953 -0.451554 260.849
-0.0162631 -0.481745 261.497
-0.492854 -0.510235 262.066
-0.733252 -0.527894 262.517
-0.990243 -0.56001 263.183
-1.16808 -0.593323 263.872
-1.21888 -0.607653 264.125
-1.2177 -0.640532 265.07
-1.07476 -0.678016 265.999
-0.827437 -0.70913 266.731

1.76272 -0.445148 261.248
1.33938 -0.461142 261.558
0.803011 -0.484551 262.07
0.40439 -0.506554 262.508
0.204535 -0.520295 262.864
-0.0130998 -0.546061 263.396
-0.169923 -0.572354 263.929
-0.219465 -0.582982 264.101
-0.232595 -0.608801 264.901
-0.133627 -0.63858 265.664
0.0514361 -0.663353 266.256

2.37456 -0.459244 262.038
2.04481 -0.470731 262.267
1.62228 -0.487357 262.644
1.30163 -0.502873 262.949
1.14232 -0.512696 263.211
0.964043 -0.532113 263.608
0.82823 -0.551385 263.986
0.779947 -0.558311 264.077
0.752513 -0.57707 264.732
0.807507 -0.599145 265.328
0.930309 -0.617576 265.781

2.98641 -0.47334 262.829
2.75024 -0.480319 262.975
2.44156 -0.490163 263.217
2.19888 -0.499192 263.391
2.08011 -0.505097 263.558
1.94119 -0.518164 263.82
1.82638 -0.530416 264.043
1.77936 -0.53364 264.053
1.73762 -0.54534 264.563
1.74864 -0.559709 264.992
1.80918 -0.571798 265.306

3.59825 -0.487436 263.62
3.45567 -0.489907 263.684
3.26083 -0.492969 263.791
3.09612 -0.495511 263.832
3.0179 -0.497499 263.905
2.91833 -0.504216 264.032
2.82454 -0.509447 264.1
2.77877 -0.50897 264.03
2.72273 -0.513609 264.394
2.68977 -0.520273 264.656
2.68805 -0.526021 264.831

4.2101 -0.501532 264.411
4.1611 -0.499496 264.393
4.08011 -0.495775 264.364
3.99337 -0.49183 264.274
3.95569 -0.4899 264.252
3.89547 -0.490267 264.244
3.82269 -0.488477 264.157
3.77818 -0.484299 264.006
3.70784 -0.481878 264.225
3.63091 -0.480838 264.321
3.56693 -0.480244 264.356

4.82195 -0.515628 265.202
4.86652 -0.509084 265.102
4.89938 -0.498581 264.937
4.89061 -0.488149 264.715
4.89347 -0.482301 264.6
4.87262 -0.476319 264.456
4.82084 -0.467508 264.214
4.77759 -0.459628 263.982
4.69295 -0.450147 264.056
4.57204 -0.441402 263.985
4.4458 -0.434466 263.882

5.43379 -0.529724 265.993
5.57195 -0.518672 265.81
5.71865 -0.501387 265.511
5.78785 -0.484468 265.157
5.83126 -0.474702 264.947
5.84976 -0.46237 264.668
5.819 -0.446539 264.271
5.77701 -0.434957 263.958
5.67806 -0.418416 263.887
5.51317 -0.401966 263.649
5.32467 -0.388689 263.407

6.04564 -0.543821 266.784
6.27738 -0.528261 266.519
6.53793 -0.504193 266.084
6.6851 -0.480788 265.598
6.76905 -0.467103 265.294
6.8269 -0.448422 264.88
6.81715 -0.42557 264.328
6.77642 -0.410286 263.934
6.66316 -0.386685 263.718
6.45431 -0.362531 263.314
6.20355 -0.342912 262.932

1.13403 0.56833 260.488
0.615111 0.547747 260.881
-0.0374326 0.517413 261.532
-0.515362 0.488812 262.103
-0.755912 0.471075 262.556
-1.01361 0.438835 263.225
-1.19187 0.405173 263.921
-1.24204 0.390177 264.187
-1.24072 0.357782 265.124
-1.09703 0.320232 266.054
-0.848616 0.289018 266.788

1.74588 0.554234 261.278
1.32054 0.538159 261.59
0.781841 0.514607 262.105
0.381882 0.492492 262.545
0.181876 0.478673 262.903
-0.0364711 0.452784 263.438
-0.19372 0.426142 263.978
-0.242627 0.414848 264.163
-0.255611 0.389513 264.955
-0.155898 0.359667 265.718
0.0302569 0.334795 266.313

2.35772 0.540138 262.069
2.02597 0.528571 262.299
1.60112 0.511801 262.679
1.27913 0.496173 262.986
1.11966 0.486272 263.25
0.940672 0.466732 263.65
0.804433 0.447111 264.035
0.756784 0.439518 264.139
0.729497 0.421244 264.786
0.785236 0.399103 265.383
0.90913 0.380572 265.838

2.96957 0.526042 262.86
2.7314 0.518982 263.008
2.42039 0.508995 263.252
2.17637 0.499854 263.428
2.05745 0.493871 263.598
1.91781 0.480681 263.862
1.80259 0.46808 264.092
1.7562 0.464189 264.115
1.71461 0.452974 264.617
1.72637 0.438539 265.047
1.788 0.42635 265.363

3.58142 0.511946 263.651
3.43683 0.509394 263.716
3.23966 0.506189 263.826
3.07361 0.503535 263.869
2.99524 0.50147 263.945
2.89496 0.494629 264.074
2.80074 0.48905 264.149
2.75561 0.48886 264.091
2.69971 0.484705 264.448
2.6675 0.477974 264.711
2.66688 0.472127 264.888

4.19326 0.49785 264.442
4.14225 0.499806 264.425
4.05894 0.503383 264.399
3.97086 0.507216 264.311
3.93303 0.509069 264.292
3.8721 0.508578 264.286
3.79889 0.510019 264.206
3.75502 0.513531 264.067
3.68482 0.516436 264.279
3.60864 0.51741 264.376
3.54575 0.517904 264.413

4.80511 0.483754 265.233
4.84768 0.490217 265.134
4.87821 0.500577 264.972
4.8681 0.510897 264.753
4.87081 0.516668 264.639
4.84924 0.522526 264.498
4.79705 0.530988 264.263
4.75443 0.538202 264.044
4.66993 0.548167 264.11
4.54977 0.556846 264.04
4.42462 0.563682 263.939

5.41695 0.469658 266.024
5.55311 0.480629 265.842
5.69748 0.497771 265.546
5.76534 0.514578 265.194
5.8086 0.524266 264.986
5.82639 0.536475 264.71
5.7952 0.551957 264.32
5.75384 0.562872 264.02
5.65504 0.579898 263.941
5.4909 0.596281 263.704
5.30349 0.609459 263.464

6.0288 0.455562 266.814
6.25854 0.471041 266.551
6.51676 0.494965 266.119
6.66259 0.518259 265.636
6.74639 0.531865 265.333
6.80353 0.550423 264.922
6.79335 0.572926 264.377
6.75325 0.587543 263.996
6.64015 0.611629 263.772
6.43204 0.635717 263.368
6.18237 0.655236 262.989

1.11719 1.56771 260.518
0.596269 1.54705 260.914
-0.0586021 1.51657 261.567
-0.537871 1.48786 262.141
-0.778572 1.47004 262.595
-1.03699 1.43768 263.267
-1.21567 1.40367 263.97
-1.2652 1.38801 264.248
-1.26374 1.3561 265.177
-1.1193 1.31848 266.109
-0.869795 1.28717 266.845

1.72904 1.55362 261.309
1.3017 1.53746 261.622
0.760672 1.51377 262.141
0.359373 1.49154 262.582
0.159216 1.47764 262.943
-0.0598424 1.45163 263.479
-0.217517 1.42464 264.027
-0.26579 1.41268 264.224
-0.278628 1.38783 265.008
-0.178169 1.35791 265.773
0.00907763 1.33294 266.37

2.34089 1.53952 262.1
2.00713 1.52787 262.331
1.57995 1.51096 262.714
1.25662 1.49522 263.024
1.097 1.48524 263.29
0.917301 1.46558 263.692
0.780636 1.44561 264.084
0.733622 1.43735 264.201
0.706481 1.41956 264.839
0.762965 1.39735 265.438
0.887951 1.37872 265.895

2.95273 1.52542 262.891
2.71256 1.51828 263.04
2.39922 1.50815 263.287
2.15386 1.4989 263.465
2.03479 1.49284 263.637
1.89444 1.47953 263.904
1.77879 1.46658 264.141
1.73303 1.46202 264.177
1.69159 1.45129 264.67
1.7041 1.43679 265.102
1.76682 1.4245 265.42

3.56458 1.51133 263.682
3.41798 1.5087 263.749
3.21849 1.50535 263.861
3.0511 1.50258 263.907
2.97258 1.50044 263.984
2.87159 1.49347 264.116
2.77694 1.48755 264.198
2.73245 1.48669 264.153
2.6767 1.48302 264.501
2.64523 1.47622 264.766
2.6457 1.47028 264.945

4.17642 1.49723 264.473
4.12341 1.49911 264.457
4.03777 1.50254 264.434
3.94835 1.50626 264.348
3.91037 1.50804 264.331
3.84873 1.50742 264.328
3.7751 1.50852 264.255
3.73186 1.51136 264.129
3.66181 1.51475 264.332
3.58636 1.51566 264.43
3.52457 1.51605 264.47

4.78827 1.48314 265.264
4.82884 1.48952 265.166
4.85704 1.49974 265.008
4.84559 1.50994 264.79
4.84815 1.51564 264.678
4.82587 1.52137 264.54
4.77325 1.52948 264.312
4.73127 1.53603 264.105
4.64692 1.54648 264.163
4.5275 1.55509 264.095
4.40344 1.56183 263.996

5.40012 1.46904 266.054
5.53427 1.47993 265.875
5.67632 1.49693 265.581
5.74284 1.51362 265.231
5.78594 1.52323 265.025
5.80302 1.53532 264.752
5.7714 1.55045 264.369
5.73068 1.5607 264.081
5.63202 1.57821 263.994
5.46863 1.59453 263.759
5.28231 1.60761 263.521

6.01196 1.45494 266.845
6.2397 1.47034 266.583
6.49559 1.49412 266.154
6.64008 1.51731 265.673
6.72373 1.53083 265.372
6.78016 1.54927 264.964
6.76956 1.57142 264.426
6.73009 1.58537 264.058
6.61713 1.60994 263.825
6.40977 1.63396 263.423
6.16119 1.65338 263.046

1.10036 2.5671 260.549
0.577427 2.54635 260.946
-0.0797716 2.51573 261.602
-0.560379 2.4869 262.178
-0.801231 2.46901 262.635
-1.06036 2.43653 263.309
-1.23947 2.40217 264.02
-1.28836 2.38584 264.31
-1.28675 2.35441 265.23
-1.14157 2.31673 266.164
-0.890975 2.28531 266.902

1.7122 2.553 261.34
1.28286 2.53676 261.655
0.739502 2.51292 262.176
0.336865 2.49059 262.62
0.136556 2.47661 262.982
-0.0832136 2.45047 263.521
-0.241314 2.42313 264.077
-0.288952 2.41051 264.286
-0.301644 2.38614 265.061
-0.20044 2.35616 265.828
-0.0121016 2.33109 266.427

2.32405 2.5389 262.131
1.98828 2.52717 262.363
1.55878 2.51012 262.749
1.23411 2.49427 263.061
1.07434 2.48421 263.329
0.893929 2.46442 263.734
0.756839 2.4441 264.134
0.71046 2.43518 264.262
0.683465 2.41787 264.892
0.740694 2.3956 265.492
0.866771 2.37687 265.952

2.93589 2.52481 262.922
2.69371 2.51759 263.072
2.37805 2.50731 263.323
2.13135 2.49795 263.503
2.01213 2.49181 263.676
1.87107 2.47837 263.946
1.75499 2.46507 264.191
1.70987 2.45985 264.238
1.66857 2.4496 264.723
1.68183 2.43503 265.157
1.74564 2.42265 265.477

3.54774 2.51071 263.713
3.39914 2.508 263.781
3.19732 2.50451 263.896
3.0286 2.50163 263.944
2.94992 2.49941 264.023
2.84822 2.49232 264.158
2.75315 2.48604 264.248
2.70928 2.48452 264.215
2.65368 2.48133 264.554
2.62296 2.47447 264.821
2.62452 2.46842 265.002

4.15958 2.49662 264.504
4.10457 2.49841 264.49
4.0166 2.5017 264.469
3.92584 2.50531 264.386
3.88771 2.50701 264.37
3.82536 2.50627 264.37
3.7513 2.50701 264.305
3.70869 2.50919 264.191
3.63879 2.51306 264.385
3.56409 2.51391 264.485
3.50339 2.5142 264.527

4.77143 2.48252 265.294
4.81 2.48882 265.198
4.83587 2.49889 265.043
4.82308 2.50899 264.827
4.8255 2.5146 264.718
4.8025 2.52022 264.582
4.74945 2.52798 264.362
4.70811 2.53386 264.167
4.6239 2.5448 264.216
4.50523 2.55334 264.149
4.38226 2.55998 264.053

5.38328 2.46842 266.085
5.51543 2.47923 265.907
5.65515 2.49609 265.616
5.72033 2.51267 265.269
5.76328 2.5222 265.065
5.77964 2.53417 264.794
5.74761 2.54895 264.419
5.70752 2.55853 264.143
5.60901 2.57653 264.047
5.44636 2.59278 263.814
5.26114 2.60576 263.578

5.99512 2.45433 266.876
6.22086 2.46964 266.616
6.47442 2.49328 266.19
6.61757 2.51635 265.71
6.70107 2.5298 265.412
6.75679 2.54811 265.006
6.74576 2.56992 264.476
6.70693 2.5832 264.119
6.59412 2.60826 263.878
6.38749 2.63221 263.478
6.14001 2.65153 263.103

1.08352 3.56648 260.58
0.558585 3.54565 260.978
-0.100941 3.51489 261.637
-0.582888 3.48595 262.216
-0.823891 3.46798 262.674
-1.08373 3.43537 263.351
-1.26326 3.40066 264.069
-1.31153 3.38367 264.371
-1.30977 3.35272 265.283
-1.16384 3.31497 266.219
-0.912154 3.28346 266.959

1.69536 3.55238 261.371
1.26401 3.53606 261.687
0.718333 3.51208 262.211
0.314356 3.48963 262.657
0.113897 3.47558 263.021
-0.106585 3.44932 263.563
-0.265111 3.42163 264.126
-0.312115 3.40834 264.348
-0.32466 3.38445 265.114
-0.222711 3.35441 265.883
-0.0332809 3.32924 266.484

2.30721 3.53829 262.162
1.96944 3.52648 262.396
1.53761 3.50928 262.784
1.2116 3.49331 263.099
1.05168 3.48318 263.368
0.870558 3.46327 263.776
0.733042 3.4426 264.183
0.687297 3.43301 264.324
0.660449 3.41619 264.945
0.718423 3.39385 265.547
0.845592 3.37502 266.009

2.91905 3.52419 262.953
2.67487 3.51689 263.104
2.35688 3.50647 263.358
2.10884 3.49699 263.54
1.98947 3.49078 263.716
1.8477 3.47722 263.988
1.7312 3.46357 264.24
1.68671 3.45768 264.3
1.64556 3.44792 264.776
1.65956 3.43328 265.211
1.72446 3.42079 265.534

3.5309 3.51009 263.743
3.3803 3.5073 263.813
3.17615 3.50366 263.931
3.00609 3.50067 263.982
2.92726 3.49838 264.063
2.82484 3.49116 264.2
2.72935 3.48454 264.297
2.68612 3.48235 264.276
2.63067 3.47965 264.608
2.60069 3.47272 264.876
2.60334 3.46657 265.059

4.14275 3.496 264.534
4.08573 3.49771 264.522
3.99543 3.50086 264.504
3.90333 3.50436 264.423
3.86505 3.50597 264.41
3.80199 3.50511 264.412
3.7275 3.50551 264.354
3.68553 3.50702 264.252
3.61577 3.51138 264.439
3.54182 3.51215 264.54
3.48221 3.51235 264.585

4.75459 3.4819 265.325
4.79116 3.48812 265.231
4.8147 3.49805 265.078
4.80057 3.50804 264.865
4.80284 3.51357 264.757
4.77913 3.51906 264.624
4.72566 3.52648 264.411
4.68494 3.53169 264.229
4.60088 3.54311 264.27
4.48296 3.55159 264.204
4.36108 3.55813 264.11

5.36644 3.46781 266.116
5.49659 3.47853 265.939
5.63398 3.49525 265.651
5.69782 3.51172 265.306
5.74062 3.52117 265.104
5.75627 3.53301 264.836
5.72381 3.54745 264.468
5.68436 3.55636 264.205
5.58599 3.57484 264.101
5.42409 3.59102 263.869
5.23996 3.6039 263.635

5.97828 3.45371 266.907
6.20201 3.46895 266.648
6.45325 3.49244 266.225
6.59506 3.5154 265.748
6.67841 3.52877 265.451
6.73342 3.54696 265.048
6.72196 3.56841 264.525
6.68377 3.58103 264.181
6.5711 3.60657 263.932
6.36522 3.63046 263.533
6.11883 3.64968 263.16

1.06668 4.56586 260.611
0.539743 4.54495 261.011
-0.122111 4.51405 261.673
-0.605396 4.485 262.253
-0.846551 4.46695 262.714
-1.1071 4.43422 263.393
-1.28706 4.39916 264.119
-1.33469 4.3815 264.433
-1.33278 4.35104 265.337
-1.18612 4.31322 266.273
-0.933333 4.28161 267.016

1.67852 4.55176 261.402
1.24517 4.53537 261.719
0.697163 4.51124 262.246
0.291848 4.48868 262.695
0.0912371 4.47455 263.061
-0.129956 4.44816 263.605
-0.288908 4.42013 264.176
-0.335277 4.40617 264.409
-0.347676 4.38277 265.168
-0.244982 4.35266 265.938
-0.0544601 4.32739 266.541

2.29037 4.53767 262.193
1.9506 4.52578 262.428
1.51644 4.50843 262.819
1.18909 4.49236 263.136
1.02902 4.48215 263.408
0.847187 4.46211 263.818
0.709245 4.4411 264.233
0.664135 4.43084 264.385
0.637433 4.4145 264.999
0.696151 4.39209 265.602
0.824413 4.37316 266.066

2.90222 4.52357 262.983
2.65603 4.51619 263.137
2.33571 4.50563 263.393
2.08634 4.49604 263.578
1.96681 4.48975 263.755
1.82433 4.47606 264.03
1.7074 4.46207 264.29
1.66355 4.45551 264.362
1.62254 4.44623 264.83
1.63728 4.43153 265.266
1.70329 4.41894 265.591

3.51406 4.50948 263.774
3.36146 4.5066 263.845
3.15498 4.50282 263.966
2.98358 4.49972 264.019
2.9046 4.49734 264.102
2.80147 4.49001 264.242
2.70555 4.48303 264.347
2.66296 4.48018 264.338
2.60765 4.47796 264.661
2.57842 4.47096 264.931
2.58216 4.46472 265.116

4.12591 4.49538 264.565
4.06689 4.49701 264.554
3.97426 4.50002 264.54
3.88082 4.5034 264.461
3.84239 4.50494 264.449
3.77862 4.50396 264.454
3.70371 4.504 264.404
3.66237 4.50485 264.314
3.59276 4.50969 264.492
3.51955 4.5104 264.595
3.46103 4.5105 264.642

4.73775 4.48128 265.356
4.77232 4.48742 265.263
4.79353 4.49721 265.113
4.77807 4.50708 264.902
4.78018 4.51254 264.796
4.75576 4.51791 264.666
4.70186 4.52497 264.461
4.66178 4.52952 264.29
4.57787 4.54142 264.323
4.46069 4.54984 264.259
4.3399 4.55627 264.167

5.3496 4.46719 266.147
5.47774 4.47783 265.972
5.61281 4.4944 265.686
5.67531 4.51076 265.344
5.71796 4.52014 265.143
5.7329 4.53186 264.878
5.70001 4.54594 264.518
5.66119 4.55419 264.266
5.56298 4.57315 264.154
5.40182 4.58927 263.923
5.21878 4.60205 263.692

5.96145 4.45309 266.938
6.18317 4.46825 266.68
6.43208 4.4916 266.26
6.57255 4.51444 265.785
6.65575 4.52774 265.491
6.71005 4.5458 265.09
6.69817 4.56691 264.575
6.6606 4.57886 264.242
6.54808 4.60489 263.985
6.34295 4.62871 263.588
6.09765 4.64783 263.217

