-3.75966 -9.67877 162.552
-3.67255 -9.67772 162.399
-3.56884 -9.68106 162.219
-3.46326 -9.68185 162.069
-3.35603 -9.6834 161.937
-3.23811 -9.68478 161.787
-3.1178 -9.6864 161.659
-2.99169 -9.68986 161.542
-2.85866 -9.69106 161.404

-2.76197 -9.66908 162.484
-2.67305 -9.66833 162.369
-2.56897 -9.67207 162.232
-2.46468 -9.67311 162.121
-2.36014 -9.67485 162.027
-2.24669 -9.67636 161.918
-2.13222 -9.67817 161.828
-2.01345 -9.68165 161.749
-1.88957 -9.68297 161.65

-1.76429 -9.65938 162.417
-1.67355 -9.65895 162.339
-1.5691 -9.66308 162.245
-1.46611 -9.66437 162.174
-1.36426 -9.6663 162.117
-1.25527 -9.66795 162.048
-1.14664 -9.66994 161.997
-1.03521 -9.67343 161.956
-0.92048 -9.67487 161.897

-0.766602 -9.64968 162.35
-0.674052 -9.64956 162.309
-0.569221 -9.65409 162.258
-0.467537 -9.65563 162.227
-0.368368 -9.65775 162.208
-0.263847 -9.65953 162.179
-0.161063 -9.66171 162.166
-0.0569614 -9.66522 162.164
0.0486114 -9.66678 162.143

0.231083 -9.63998 162.282
0.325447 -9.64017 162.279
0.430653 -9.64511 162.271
0.531037 -9.64689 162.279
0.62752 -9.6492 162.298
0.727575 -9.65112 162.309
0.824517 -9.65348 162.335
0.921282 -9.657 162.371
1.0177 -9.65868 162.39

1.22877 -9.63028 162.215
1.32495 -9.63079 162.248
1.43053 -9.63612 162.284
1.52961 -9.63815 162.332
1.62341 -9.64065 162.388
1.719 -9.64271 162.44
1.8101 -9.64525 162.504
1.89953 -9.64878 162.578
1.9868 -9.65059 162.637

2.22645 -9.62058 162.148
2.32445 -9.6214 162.218
2.4304 -9.62713 162.297
2.52818 -9.62941 162.385
2.6193 -9.6321 162.478
2.71042 -9.63429 162.57
2.79568 -9.63702 162.673
2.87777 -9.64057 162.785
2.95589 -9.64249 162.883

3.22414 -9.61088 162.08
3.32395 -9.61201 162.188
3.43028 -9.61814 162.31
3.52676 -9.62067 162.437
3.61518 -9.62355 162.568
3.70184 -9.62588 162.7
3.78126 -9.62879 162.842
3.85601 -9.63235 162.993
3.92498 -9.6344 163.13

4.22182 -9.60119 162.013
4.32345 -9.60263 162.158
4.43015 -9.60915 162.324
4.52533 -9.61193 162.49
4.61107 -9.615 162.659
4.69326 -9.61746 162.831
4.76684 -9.62056 163.011
4.83426 -9.62414 163.2
4.89407 -9.6263 163.376

-3.76776 -8.67909 162.576
-3.68126 -8.67801 162.422
-3.57809 -8.6813 162.239
-3.47303 -8.68209 162.088
-3.36624 -8.68361 161.955
-3.24879 -8.68497 161.804
-3.12877 -8.68658 161.674
-3.003 -8.69002 161.555
-2.87017 -8.6912 161.416

-2.77007 -8.6694 162.508
-2.68176 -8.66862 162.392
-2.57822 -8.67231 162.252
-2.47446 -8.67335 162.141
-2.37035 -8.67506 162.045
-2.25737 -8.67656 161.935
-2.14319 -8.67835 161.843
-2.02476 -8.68181 161.763
-1.90108 -8.68311 161.663

-1.77239 -8.6597 162.441
-1.68226 -8.65924 162.361
-1.57834 -8.66332 162.265
-1.47588 -8.66461 162.193
-1.37446 -8.66651 162.135
-1.26595 -8.66814 162.065
-1.15761 -8.67012 162.012
-1.04651 -8.67359 161.97
-0.931985 -8.67501 161.909

-0.774705 -8.65 162.374
-0.682762 -8.64985 162.331
-0.578467 -8.65433 162.278
-0.47731 -8.65587 162.246
-0.378577 -8.65796 162.226
-0.274523 -8.65973 162.195
-0.172028 -8.66189 162.181
-0.0682687 -8.66537 162.177
0.0371063 -8.66692 162.156

0.22298 -8.6403 162.306
0.316738 -8.64046 162.301
0.421407 -8.64534 162.291
0.521263 -8.64713 162.299
0.617311 -8.64941 162.316
0.716899 -8.65132 162.326
0.813552 -8.65366 162.35
0.909975 -8.65716 162.385
1.0062 -8.65882 162.402

1.22067 -8.6306 162.239
1.31624 -8.63108 162.271
1.42128 -8.63635 162.304
1.51984 -8.63838 162.351
1.6132 -8.64086 162.406
1.70832 -8.6429 162.456
1.79913 -8.64543 162.519
1.88822 -8.64894 162.592
1.97529 -8.65073 162.649

2.21835 -8.6209 162.172
2.31574 -8.62169 162.241
2.42116 -8.62736 162.317
2.51841 -8.62964 162.404
2.60909 -8.63231 162.496
2.69974 -8.63449 162.587
2.78471 -8.6372 162.688
2.86646 -8.64073 162.799
2.94438 -8.64263 162.895

3.21603 -8.6112 162.104
3.31524 -8.6123 162.21
3.42103 -8.61837 162.33
3.51698 -8.6209 162.457
3.60497 -8.62376 162.586
3.69117 -8.62607 162.717
3.77029 -8.62897 162.857
3.84471 -8.63251 163.007
3.91347 -8.63454 163.142

4.21372 -8.6015 162.037
4.31474 -8.60292 162.18
4.4209 -8.60938 162.343
4.51556 -8.61216 162.509
4.60086 -8.61521 162.677
4.68259 -8.61766 162.848
4.75587 -8.62074 163.026
4.82295 -8.6243 163.214
4.88257 -8.62644 163.389

-3.77586 -7.67941 162.599
-3.68997 -7.6783 162.444
-3.58734 -7.68154 162.258
-3.4828 -7.68232 162.107
-3.37645 -7.68382 161.973
-3.25947 -7.68517 161.821
-3.13973 -7.68676 161.689
-3.01431 -7.69018 161.569
-2.88167 -7.69135 161.428

-2.77818 -7.66971 162.532
-2.69047 -7.66891 162.414
-2.58746 -7.67255 162.271
-2.48423 -7.67358 162.16
-2.38056 -7.67527 162.063
-2.26804 -7.67675 161.951
-2.15415 -7.67853 161.858
-2.03606 -7.68196 161.776
-1.91258 -7.68325 161.675

-1.78049 -7.66002 162.465
-1.69097 -7.65953 162.384
-1.58759 -7.66356 162.284
-1.48566 -7.66484 162.213
-1.38467 -7.66672 162.153
-1.27662 -7.66834 162.082
-1.16857 -7.6703 162.027
-1.05782 -7.67375 161.984
-0.943491 -7.67516 161.922

-0.782808 -7.65032 162.397
-0.691471 -7.65014 162.354
-0.587713 -7.65457 162.297
-0.487084 -7.6561 162.265
-0.388786 -7.65817 162.244
-0.2852 -7.65993 162.212
-0.182993 -7.66207 162.196
-0.0795761 -7.66553 162.191
0.0256012 -7.66706 162.168

0.214877 -7.64062 162.33
0.308028 -7.64075 162.323
0.412161 -7.64558 162.311
0.511489 -7.64736 162.318
0.607101 -7.64962 162.334
0.706222 -7.65151 162.342
0.802587 -7.65383 162.365
0.898668 -7.65732 162.398
0.994693 -7.65897 162.415

1.21256 -7.63092 162.263
1.30753 -7.63137 162.293
1.41204 -7.63659 162.324
1.51006 -7.63862 162.371
1.60299 -7.64108 162.424
1.69764 -7.6431 162.473
1.78817 -7.6456 162.535
1.87691 -7.6491 162.606
1.96378 -7.65087 162.661

2.21025 -7.62122 162.196
2.30703 -7.62198 162.263
2.41191 -7.6276 162.337
2.50864 -7.62988 162.423
2.59888 -7.63253 162.514
2.68907 -7.63468 162.603
2.77375 -7.63737 162.704
2.85516 -7.64089 162.813
2.93288 -7.64278 162.908

3.20793 -7.61152 162.128
3.30653 -7.61259 162.233
3.41178 -7.61861 162.35
3.50721 -7.62114 162.476
3.59476 -7.62398 162.604
3.68049 -7.62627 162.734
3.75933 -7.62914 162.873
3.8334 -7.63267 163.02
3.90197 -7.63468 163.154

4.20562 -7.60182 162.061
4.30603 -7.60321 162.203
4.41166 -7.60962 162.363
4.50578 -7.6124 162.529
4.59065 -7.61543 162.695
4.67191 -7.61786 162.864
4.74491 -7.62091 163.042
4.81164 -7.62445 163.228
4.87106 -7.62659 163.401

-3.78397 -6.67973 162.623
-3.69868 -6.67859 162.467
-3.59658 -6.68177 162.278
-3.49258 -6.68256 162.127
-3.38666 -6.68404 161.991
-3.27014 -6.68536 161.837
-3.1507 -6.68693 161.705
-3.02561 -6.69034 161.583
-2.89318 -6.69149 161.441

-2.78628 -6.67003 162.556
-2.69918 -6.6692 162.437
-2.59671 -6.67278 162.291
-2.494 -6.67382 162.179
-2.39077 -6.67549 162.081
-2.27872 -6.67695 161.968
-2.16512 -6.6787 161.874
-2.04737 -6.68212 161.79
-1.92409 -6.68339 161.687

-1.7886 -6.66034 162.489
-1.69968 -6.65982 162.406
-1.59683 -6.66379 162.304
-1.49543 -6.66508 162.232
-1.39488 -6.66694 162.171
-1.2873 -6.66854 162.098
-1.17954 -6.67047 162.043
-1.06913 -6.67391 161.998
-0.954996 -6.6753 161.934

-0.790911 -6.65064 162.421
-0.700181 -6.65043 162.376
-0.596959 -6.6548 162.317
-0.496858 -6.65634 162.285
-0.398996 -6.65839 162.262
-0.295877 -6.66012 162.229
-0.193958 -6.66224 162.212
-0.0908835 -6.66569 162.205
0.0140961 -6.6672 162.181

0.206774 -6.64094 162.354
0.299319 -6.64104 162.346
0.402915 -6.64581 162.33
0.501716 -6.6476 162.337
0.596892 -6.64984 162.352
0.695545 -6.65171 162.359
0.791622 -6.65401 162.381
0.88736 -6.65748 162.412
0.983188 -6.65911 162.427

1.20446 -6.63124 162.287
1.29882 -6.63166 162.316
1.40279 -6.63682 162.343
1.50029 -6.63886 162.39
1.59278 -6.64129 162.442
1.68697 -6.64329 162.49
1.7772 -6.64578 162.55
1.8656 -6.64926 162.619
1.95228 -6.65101 162.674

2.20214 -6.62154 162.219
2.29832 -6.62227 162.286
2.40266 -6.62784 162.356
2.49886 -6.63012 162.443
2.58867 -6.63274 162.532
2.67839 -6.63488 162.62
2.76278 -6.63755 162.719
2.84385 -6.64104 162.827
2.92137 -6.64292 162.92

3.19983 -6.61184 162.152
3.29782 -6.61288 162.255
3.40254 -6.61885 162.369
3.49744 -6.62138 162.495
3.58455 -6.62419 162.622
3.66981 -6.62646 162.75
3.74836 -6.62932 162.888
3.82209 -6.63283 163.034
3.89046 -6.63482 163.167

4.19751 -6.60214 162.085
4.29732 -6.6035 162.225
4.40241 -6.60986 162.383
4.49601 -6.61263 162.548
4.58044 -6.61564 162.713
4.66123 -6.61805 162.881
4.73394 -6.62109 163.057
4.80034 -6.62461 163.241
4.85956 -6.62673 163.413

-3.79207 -5.68005 162.647
-3.70739 -5.67888 162.489
-3.60583 -5.68201 162.298
-3.50235 -5.68279 162.146
-3.39687 -5.68425 162.009
-3.28082 -5.68556 161.854
-3.16166 -5.68711 161.72
-3.03692 -5.6905 161.597
-2.90468 -5.69163 161.453

-2.79438 -5.67035 162.58
-2.70789 -5.66949 162.459
-2.60595 -5.67302 162.311
-2.50378 -5.67405 162.199
-2.40098 -5.6757 162.099
-2.2894 -5.67715 161.984
-2.17608 -5.67888 161.889
-2.05868 -5.68228 161.804
-1.93559 -5.68354 161.7

-1.7967 -5.66065 162.513
-1.70839 -5.66011 162.429
-1.60608 -5.66403 162.324
-1.5052 -5.66531 162.252
-1.40509 -5.66715 162.189
-1.29798 -5.66873 162.115
-1.1905 -5.67065 162.058
-1.08043 -5.67407 162.011
-0.966501 -5.67544 161.946

-0.799015 -5.65096 162.445
-0.70889 -5.65072 162.399
-0.606205 -5.65504 162.337
-0.506631 -5.65657 162.304
-0.409205 -5.6586 162.28
-0.306553 -5.66032 162.245
-0.204923 -5.66242 162.227
-0.102191 -5.66585 162.219
0.00259106 -5.66735 162.193

0.19867 -5.64126 162.378
0.29061 -5.64133 162.368
0.393669 -5.64605 162.35
0.491942 -5.64783 162.357
0.586682 -5.65005 162.37
0.684869 -5.6519 162.376
0.780657 -5.65419 162.396
0.876053 -5.65763 162.426
0.971683 -5.65925 162.44

1.19636 -5.63156 162.311
1.29011 -5.63195 162.338
1.39354 -5.63706 162.363
1.49052 -5.63909 162.41
1.58257 -5.6415 162.46
1.67629 -5.64349 162.506
1.76624 -5.64596 162.565
1.8543 -5.64942 162.633
1.94077 -5.65116 162.686

2.19404 -5.62186 162.243
2.28961 -5.62256 162.308
2.39342 -5.62807 162.376
2.48909 -5.63035 162.462
2.57846 -5.63295 162.55
2.66771 -5.63507 162.637
2.75182 -5.63773 162.734
2.83254 -5.6412 162.84
2.90987 -5.64306 162.933

3.19173 -5.61216 162.176
3.28911 -5.61317 162.278
3.39329 -5.61908 162.389
3.48766 -5.62161 162.515
3.57434 -5.6244 162.64
3.65914 -5.62666 162.767
3.7374 -5.6295 162.903
3.81078 -5.63299 163.048
3.87896 -5.63497 163.179

4.18941 -5.60246 162.109
4.28861 -5.60379 162.248
4.39317 -5.61009 162.402
4.48624 -5.61287 162.568
4.57023 -5.61585 162.73
4.65056 -5.61825 162.897
4.72298 -5.62127 163.072
4.78903 -5.62477 163.255
4.84805 -5.62687 163.426

-3.80017 -4.68037 162.671
-3.7161 -4.67917 162.512
-3.61507 -4.68225 162.317
-3.51213 -4.68303 162.166
-3.40708 -4.68446 162.027
-3.2915 -4.68576 161.871
-3.17263 -4.68729 161.735
-3.04823 -4.69065 161.61
-2.91619 -4.69177 161.466

-2.80249 -4.67067 162.604
-2.7166 -4.66978 162.481
-2.6152 -4.67326 162.33
-2.51355 -4.67429 162.218
-2.41119 -4.67591 162.117
-2.30007 -4.67734 162.001
-2.18705 -4.67906 161.904
-2.06999 -4.68244 161.818
-1.9471 -4.68368 161.712

-1.8048 -4.66097 162.537
-1.7171 -4.6604 162.451
-1.61532 -4.66427 162.343
-1.51498 -4.66555 162.271
-1.4153 -4.66736 162.207
-1.30865 -4.66893 162.132
-1.20147 -4.67083 162.073
-1.09174 -4.67422 162.025
-0.978006 -4.67559 161.959

-0.807118 -4.65128 162.469
-0.7176 -4.65101 162.421
-0.615451 -4.65528 162.357
-0.516405 -4.65681 162.324
-0.419415 -4.65881 162.297
-0.31723 -4.66051 162.262
-0.215887 -4.66259 162.242
-0.113498 -4.66601 162.232
-0.00891403 -4.66749 162.205

0.190567 -4.64158 162.402
0.2819 -4.64162 162.391
0.384423 -4.64629 162.37
0.482169 -4.64807 162.376
0.576473 -4.65027 162.388
0.674192 -4.6521 162.392
0.769692 -4.65436 162.411
0.864746 -4.65779 162.44
0.960178 -4.6594 162.452

1.18825 -4.63188 162.335
1.2814 -4.63224 162.361
1.3843 -4.6373 162.383
1.48074 -4.63933 162.429
1.57236 -4.64172 162.478
1.66561 -4.64368 162.523
1.75527 -4.64613 162.58
1.84299 -4.64958 162.647
1.92927 -4.6513 162.698

2.18594 -4.62218 162.267
2.2809 -4.62285 162.33
2.38417 -4.62831 162.396
2.47932 -4.63059 162.482
2.56825 -4.63317 162.568
2.65704 -4.63527 162.653
2.74085 -4.6379 162.749
2.82123 -4.64136 162.854
2.89836 -4.64321 162.945

3.18362 -4.61248 162.2
3.2804 -4.61347 162.3
3.38405 -4.61932 162.409
3.47789 -4.62185 162.534
3.56414 -4.62462 162.658
3.64846 -4.62686 162.784
3.72643 -4.62967 162.918
3.79948 -4.63314 163.061
3.86745 -4.63511 163.192

4.18131 -4.60278 162.133
4.2799 -4.60408 162.27
4.38392 -4.61033 162.422
4.47646 -4.61311 162.587
4.56002 -4.61607 162.748
4.63988 -4.61844 162.914
4.71201 -4.62144 163.087
4.77772 -4.62493 163.269
4.83654 -4.62702 163.438

-3.80828 -3.68069 162.695
-3.72481 -3.67946 162.534
-3.62432 -3.68248 162.337
-3.5219 -3.68327 162.185
-3.41729 -3.68468 162.045
-3.30217 -3.68595 161.887
-3.18359 -3.68746 161.75
-3.05954 -3.69081 161.624
-2.92769 -3.69192 161.478

-2.81059 -3.67099 162.628
-2.72531 -3.67007 162.504
-2.62444 -3.67349 162.35
-2.52333 -3.67453 162.238
-2.4214 -3.67613 162.135
-2.31075 -3.67754 162.018
-2.19801 -3.67923 161.919
-2.08129 -3.6826 161.831
-1.9586 -3.68382 161.725

-1.81291 -3.66129 162.561
-1.72581 -3.66069 162.474
-1.62457 -3.6645 162.363
-1.52475 -3.66579 162.29
-1.42551 -3.66758 162.225
-1.31933 -3.66912 162.148
-1.21243 -3.671 162.088
-1.10305 -3.67438 162.039
-0.989511 -3.67573 161.971

-0.815221 -3.65159 162.493
-0.726309 -3.6513 162.444
-0.624697 -3.65551 162.376
-0.526178 -3.65704 162.343
-0.429624 -3.65903 162.315
-0.327907 -3.66071 162.279
-0.226852 -3.66277 162.257
-0.124806 -3.66617 162.246
-0.0204191 -3.66763 162.218

0.182464 -3.6419 162.426
0.273191 -3.64192 162.413
0.375177 -3.64652 162.389
0.472395 -3.6483 162.396
0.566263 -3.65048 162.406
0.663515 -3.65229 162.409
0.758728 -3.65454 162.427
0.853438 -3.65795 162.453
0.948673 -3.65954 162.464

1.18015 -3.6322 162.359
1.27269 -3.63253 162.383
1.37505 -3.63753 162.402
1.47097 -3.63956 162.448
1.56215 -3.64193 162.496
1.65494 -3.64388 162.54
1.74431 -3.64631 162.596
1.83168 -3.64973 162.661
1.91776 -3.65144 162.711

2.17783 -3.6225 162.291
2.27219 -3.62314 162.353
2.37493 -3.62854 162.415
2.46954 -3.63082 162.501
2.55804 -3.63338 162.586
2.64636 -3.63547 162.67
2.72989 -3.63808 162.765
2.80993 -3.64152 162.868
2.88686 -3.64335 162.957

3.17552 -3.6128 162.224
3.27169 -3.61376 162.323
3.3748 -3.61955 162.428
3.46812 -3.62208 162.554
3.55393 -3.62483 162.676
3.63778 -3.62705 162.8
3.71547 -3.62985 162.934
3.78817 -3.6333 163.075
3.85595 -3.63525 163.204

4.1732 -3.6031 162.157
4.27119 -3.60437 162.293
4.37467 -3.61057 162.442
4.46669 -3.61334 162.606
4.54981 -3.61628 162.766
4.6292 -3.61864 162.931
4.70105 -3.62162 163.103
4.76641 -3.62509 163.282
4.82504 -3.62716 163.451

-3.81638 -2.68101 162.719
-3.73352 -2.67975 162.557
-3.63356 -2.68272 162.357
-3.53167 -2.6835 162.204
-3.4275 -2.68489 162.063
-3.31285 -2.68615 161.904
-3.19456 -2.68764 161.766
-3.07084 -2.69097 161.638
-2.9392 -2.69206 161.49

-2.81869 -2.67131 162.652
-2.73402 -2.67037 162.526
-2.63369 -2.67373 162.37
-2.5331 -2.67476 162.257
-2.43161 -2.67634 162.153
-2.32143 -2.67773 162.034
-2.20898 -2.67941 161.935
-2.0926 -2.68276 161.845
-1.97011 -2.68397 161.737

-1.82101 -2.66161 162.584
-1.73452 -2.66098 162.496
-1.63382 -2.66474 162.383
-1.53453 -2.66602 162.31
-1.43572 -2.66779 162.243
-1.33001 -2.66932 162.165
-1.2234 -2.67118 162.104
-1.11436 -2.67454 162.052
-1.00102 -2.67587 161.984

-0.823324 -2.65191 162.517
-0.735019 -2.65159 162.466
-0.633943 -2.65575 162.396
-0.535952 -2.65728 162.362
-0.439834 -2.65924 162.333
-0.338583 -2.6609 162.295
-0.237817 -2.66295 162.273
-0.136113 -2.66632 162.26
-0.0319242 -2.66778 162.23

0.17436 -2.64222 162.45
0.264481 -2.64221 162.436
0.365931 -2.64676 162.409
0.462622 -2.64854 162.415
0.556054 -2.65069 162.424
0.652839 -2.65249 162.426
0.747763 -2.65472 162.442
0.842131 -2.65811 162.467
0.937168 -2.65968 162.477

1.17205 -2.63252 162.383
1.26398 -2.63282 162.406
1.36581 -2.63777 162.422
1.4612 -2.6398 162.468
1.55194 -2.64214 162.514
1.64426 -2.64408 162.556
1.73334 -2.64649 162.611
1.82037 -2.64989 162.674
1.90626 -2.65159 162.723

2.16973 -2.62282 162.315
2.26348 -2.62343 162.375
2.36568 -2.62878 162.435
2.45977 -2.63106 162.52
2.54783 -2.63359 162.604
2.63568 -2.63566 162.687
2.71892 -2.63826 162.78
2.79862 -2.64168 162.882
2.87535 -2.64349 162.97

3.16742 -2.61312 162.248
3.26298 -2.61405 162.345
3.36555 -2.61979 162.448
3.45834 -2.62232 162.573
3.54372 -2.62504 162.694
3.62711 -2.62725 162.817
3.7045 -2.63003 162.949
3.77686 -2.63346 163.089
3.84444 -2.6354 163.216

4.1651 -2.60342 162.181
4.26248 -2.60466 162.315
4.36543 -2.6108 162.461
4.45692 -2.61358 162.626
4.5396 -2.6165 162.784
4.61853 -2.61883 162.947
4.69008 -2.6218 163.118
4.75511 -2.62525 163.296
4.81353 -2.6273 163.463

-3.82448 -1.68133 162.743
-3.74223 -1.68004 162.579
-3.64281 -1.68295 162.376
-3.54145 -1.68374 162.224
-3.43771 -1.6851 162.081
-3.32353 -1.68634 161.921
-3.20552 -1.68782 161.781
-3.08215 -1.69113 161.652
-2.9507 -1.6922 161.503

-2.8268 -1.67163 162.676
-2.74273 -1.67066 162.549
-2.64294 -1.67397 162.389
-2.54287 -1.675 162.276
-2.44182 -1.67655 162.171
-2.3321 -1.67793 162.051
-2.21994 -1.67958 161.95
-2.10391 -1.68291 161.859
-1.98161 -1.68411 161.749

-1.82911 -1.66193 162.608
-1.74323 -1.66127 162.519
-1.64306 -1.66498 162.402
-1.5443 -1.66626 162.329
-1.44593 -1.668 162.261
-1.34068 -1.66951 162.182
-1.23436 -1.67135 162.119
-1.12566 -1.6747 162.066
-1.01252 -1.67601 161.996

-0.831428 -1.65223 162.541
-0.743728 -1.65188 162.488
-0.643189 -1.65599 162.416
-0.545725 -1.65752 162.382
-0.450043 -1.65945 162.351
-0.34926 -1.6611 162.312
-0.248782 -1.66312 162.288
-0.14742 -1.66648 162.273
-0.0434293 -1.66792 162.243

0.166257 -1.64253 162.474
0.255772 -1.6425 162.458
0.356685 -1.647 162.429
0.452848 -1.64878 162.434
0.545844 -1.65091 162.442
0.642162 -1.65269 162.442
0.736798 -1.65489 162.457
0.830823 -1.65827 162.481
0.925663 -1.65982 162.489

1.16394 -1.63284 162.406
1.25527 -1.63311 162.428
1.35656 -1.63801 162.442
1.45142 -1.64003 162.487
1.54173 -1.64236 162.532
1.63358 -1.64427 162.573
1.72238 -1.64666 162.626
1.80907 -1.65005 162.688
1.89475 -1.65173 162.736

2.16163 -1.62314 162.339
2.25477 -1.62372 162.398
2.35643 -1.62902 162.455
2.45 -1.63129 162.54
2.53762 -1.63381 162.622
2.62501 -1.63586 162.703
2.70796 -1.63843 162.795
2.78731 -1.64184 162.895
2.86385 -1.64363 162.982

3.15931 -1.61344 162.272
3.25427 -1.61434 162.368
3.35631 -1.62003 162.468
3.44857 -1.62255 162.592
3.53351 -1.62526 162.712
3.61643 -1.62744 162.834
3.69354 -1.6302 162.964
3.76556 -1.63362 163.103
3.83294 -1.63554 163.229

4.157 -1.60374 162.205
4.25377 -1.60495 162.338
4.35618 -1.61104 162.481
4.44714 -1.61381 162.645
4.52939 -1.61671 162.802
4.60785 -1.61903 162.964
4.67912 -1.62197 163.133
4.7438 -1.6254 163.31
4.80203 -1.62744 163.475

