-10.2967 -47.6362 1489.56
-14.7887 -47.6312 1491.98
-18.7998 -47.6204 1495.49
-22.1083 -47.5179 1497.97
-23.8921 -47.579 1503.32
-25.6813 -47.5228 1507.41
-26.6375 -47.4671 1511.66
-27.0687 -47.4025 1517.05
-26.7102 -47.3345 1521.85
-25.987 -47.2838 1525.92

-9.47665 -47.6388 1490.13
-13.8806 -47.6356 1492.4
-17.8315 -47.6269 1495.74
-21.1087 -47.5258 1497.99
-22.8948 -47.5892 1503.25
-24.705 -47.5357 1507.19
-25.699 -47.4822 1511.32
-26.2023 -47.4204 1516.55
-25.9293 -47.3549 1521.23
-25.2841 -47.3061 1525.21

-8.65657 -47.6414 1490.71
-12.9726 -47.6401 1492.82
-16.8631 -47.6333 1495.99
-20.109 -47.5336 1498.02
-21.8975 -47.5994 1503.18
-23.7287 -47.5486 1506.98
-24.7604 -47.4973 1510.97
-25.3359 -47.4384 1516.05
-25.1484 -47.3753 1520.6
-24.5813 -47.3284 1524.5

-7.83649 -47.644 1491.28
-12.0645 -47.6446 1493.24
-15.8947 -47.6398 1496.24
-19.1094 -47.5415 1498.04
-20.9002 -47.6096 1503.11
-22.7523 -47.5614 1506.76
-23.8219 -47.5124 1510.63
-24.4695 -47.4564 1515.55
-24.3675 -47.3956 1519.98
-23.8784 -47.3508 1523.78

-7.01642 -47.6466 1491.85
-11.1565 -47.6491 1493.66
-14.9264 -47.6463 1496.49
-18.1098 -47.5494 1498.07
-19.9029 -47.6199 1503.03
-21.776 -47.5743 1506.55
-22.8833 -47.5275 1510.28
-23.6031 -47.4743 1515.05
-23.5866 -47.416 1519.35
-23.1756 -47.3731 1523.07

-6.19634 -47.6491 1492.42
-10.2484 -47.6535 1494.07
-13.958 -47.6527 1496.74
-17.1102 -47.5573 1498.1
-18.9056 -47.6301 1502.96
-20.7997 -47.5872 1506.33
-21.9448 -47.5426 1509.94
-22.7367 -47.4923 1514.55
-22.8057 -47.4364 1518.73
-22.4727 -47.3954 1522.36

-5.37626 -47.6517 1492.99
-9.34035 -47.658 1494.49
-12.9896 -47.6592 1496.99
-16.1105 -47.5652 1498.12
-17.9084 -47.6403 1502.89
-19.8234 -47.6001 1506.11
-21.0062 -47.5577 1509.59
-21.8703 -47.5103 1514.05
-22.0249 -47.4568 1518.11
-21.7699 -47.4177 1521.65

-4.55618 -47.6543 1493.57
-8.4323 -47.6625 1494.91
-12.0213 -47.6656 1497.24
-15.1109 -47.5731 1498.15
-16.9111 -47.6505 1502.82
-18.8471 -47.6129 1505.9
-20.0677 -47.5728 1509.25
-21.0039 -47.5282 1513.55
-21.244 -47.4771 1517.48
-21.067 -47.44 1520.94

-3.7361 -47.6569 1494.14
-7.52425 -47.667 1495.33
-11.0529 -47.6721 1497.49
-14.1113 -47.5809 1498.17
-15.9138 -47.6607 1502.74
-17.8708 -47.6258 1505.68
-19.1291 -47.5879 1508.9
-20.1375 -47.5462 1513.06
-20.4631 -47.4975 1516.86
-20.3642 -47.4624 1520.23

-10.2906 -46.6363 1489.56
-14.7812 -46.6312 1491.97
-18.7912 -46.6205 1495.48
-22.099 -46.5195 1497.91
-23.8826 -46.5791 1503.31
-25.6719 -46.523 1507.39
-26.6286 -46.4673 1511.64
-27.0606 -46.4027 1517.03
-26.7033 -46.3348 1521.83
-25.9811 -46.2842 1525.89

-9.47052 -46.6389 1490.13
-13.8731 -46.6357 1492.39
-17.8228 -46.6269 1495.73
-21.0994 -46.5274 1497.94
-22.8853 -46.5893 1503.24
-24.6956 -46.5359 1507.18
-25.69 -46.4824 1511.3
-26.1942 -46.4207 1516.53
-25.9225 -46.3552 1521.2
-25.2783 -46.3065 1525.18

-8.65044 -46.6414 1490.7
-12.9651 -46.6402 1492.81
-16.8545 -46.6334 1495.98
-20.0997 -46.5352 1497.96
-21.888 -46.5995 1503.17
-23.7193 -46.5488 1506.96
-24.7515 -46.4975 1510.95
-25.3278 -46.4387 1516.03
-25.1416 -46.3756 1520.58
-24.5754 -46.3288 1524.47

-7.83036 -46.644 1491.27
-12.057 -46.6446 1493.23
-15.8861 -46.6399 1496.23
-19.1001 -46.5431 1497.99
-20.8907 -46.6097 1503.1
-22.743 -46.5616 1506.74
-23.8129 -46.5126 1510.61
-24.4614 -46.4566 1515.53
-24.3607 -46.396 1519.95
-23.8726 -46.3511 1523.76

-7.01028 -46.6466 1491.85
-11.149 -46.6491 1493.65
-14.9177 -46.6463 1496.48
-18.1005 -46.551 1498.01
-19.8934 -46.62 1503.02
-21.7667 -46.5745 1506.53
-22.8744 -46.5277 1510.26
-23.595 -46.4746 1515.03
-23.5798 -46.4163 1519.33
-23.1697 -46.3734 1523.05

-6.19021 -46.6492 1492.42
-10.2409 -46.6536 1494.07
-13.9494 -46.6528 1496.73
-17.1008 -46.5589 1498.04
-18.8962 -46.6302 1502.95
-20.7903 -46.5874 1506.31
-21.9358 -46.5428 1509.92
-22.7286 -46.4926 1514.53
-22.7989 -46.4367 1518.71
-22.4669 -46.3957 1522.34

-5.37013 -46.6517 1492.99
-9.33288 -46.6581 1494.49
-12.981 -46.6592 1496.98
-16.1012 -46.5668 1498.07
-17.8989 -46.6404 1502.88
-19.814 -46.6003 1506.1
-20.9973 -46.5579 1509.57
-21.8622 -46.5106 1514.03
-22.018 -46.4571 1518.08
-21.764 -46.4181 1521.63

-4.55005 -46.6543 1493.56
-8.42482 -46.6625 1494.91
-12.0126 -46.6657 1497.23
-15.1016 -46.5746 1498.09
-16.9016 -46.6506 1502.81
-18.8377 -46.6131 1505.88
-20.0587 -46.5731 1509.23
-20.9958 -46.5285 1513.53
-21.2371 -46.4774 1517.46
-21.0612 -46.4404 1520.91

-3.72997 -46.6569 1494.13
-7.51677 -46.667 1495.33
-11.0443 -46.6722 1497.48
-14.102 -46.5825 1498.12
-15.9043 -46.6608 1502.73
-17.8614 -46.626 1505.66
-19.1202 -46.5882 1508.89
-20.1294 -46.5465 1513.03
-20.4563 -46.4978 1516.83
-20.3583 -46.4627 1520.2

-10.2845 -45.6363 1489.55
-14.7737 -45.6313 1491.97
-18.7825 -45.6205 1495.48
-22.0897 -45.5211 1497.85
-23.8731 -45.5792 1503.3
-25.6626 -45.5232 1507.38
-26.6196 -45.4675 1511.62
-27.0525 -45.403 1517
-26.6965 -45.3351 1521.8
-25.9753 -45.2845 1525.87

-9.46439 -45.6389 1490.12
-13.8657 -45.6357 1492.39
-17.8142 -45.627 1495.72
-21.09 -45.5289 1497.88
-22.8758 -45.5894 1503.23
-24.6862 -45.5361 1507.16
-25.6811 -45.4826 1511.28
-26.1861 -45.421 1516.5
-25.9156 -45.3555 1521.18
-25.2724 -45.3068 1525.16

-8.64431 -45.6415 1490.7
-12.9576 -45.6402 1492.81
-16.8458 -45.6335 1495.97
-20.0904 -45.5368 1497.91
-21.8785 -45.5996 1503.16
-23.7099 -45.549 1506.94
-24.7425 -45.4977 1510.93
-25.3197 -45.4389 1516.01
-25.1347 -45.3759 1520.55
-24.5696 -45.3291 1524.44

-7.82423 -45.644 1491.27
-12.0496 -45.6447 1493.23
-15.8774 -45.6399 1496.22
-19.0908 -45.5447 1497.93
-20.8813 -45.6098 1503.09
-22.7336 -45.5618 1506.73
-23.804 -45.5128 1510.59
-24.4533 -45.4569 1515.51
-24.3539 -45.3963 1519.93
-23.8667 -45.3515 1523.73

-7.00415 -45.6466 1491.84
-11.1415 -45.6491 1493.64
-14.9091 -45.6464 1496.47
-18.0911 -45.5526 1497.96
-19.884 -45.6201 1503.01
-21.7573 -45.5747 1506.51
-22.8654 -45.528 1510.25
-23.5869 -45.4749 1515.01
-23.573 -45.4166 1519.31
-23.1639 -45.3738 1523.02

-6.18408 -45.6492 1492.41
-10.2335 -45.6536 1494.06
-13.9407 -45.6529 1496.72
-17.0915 -45.5605 1497.98
-18.8867 -45.6303 1502.94
-20.781 -45.5876 1506.3
-21.9269 -45.5431 1509.9
-22.7205 -45.4929 1514.51
-22.7921 -45.437 1518.68
-22.461 -45.3961 1522.31

-5.364 -45.6518 1492.99
-9.3254 -45.6581 1494.48
-12.9723 -45.6593 1496.97
-16.0919 -45.5683 1498.01
-17.8894 -45.6405 1502.87
-19.8047 -45.6004 1506.08
-20.9883 -45.5582 1509.56
-21.8541 -45.5108 1514.01
-22.0112 -45.4574 1518.06
-21.7582 -45.4184 1521.6

-4.54392 -45.6543 1493.56
-8.41735 -45.6626 1494.9
-12.004 -45.6658 1497.22
-15.0923 -45.5762 1498.04
-16.8921 -45.6507 1502.79
-18.8283 -45.6133 1505.86
-20.0498 -45.5733 1509.21
-20.9877 -45.5288 1513.51
-21.2303 -45.4778 1517.43
-21.0553 -45.4407 1520.89

-3.72384 -45.6569 1494.13
-7.50929 -45.667 1495.32
-11.0356 -45.6722 1497.47
-14.0926 -45.5841 1498.06
-15.8948 -45.6609 1502.72
-17.852 -45.6262 1505.65
-19.1112 -45.5884 1508.87
-20.1213 -45.5468 1513.01
-20.4494 -45.4981 1516.81
-20.3525 -45.463 1520.18

-10.2783 -44.6363 1489.55
-14.7663 -44.6313 1491.96
-18.7739 -44.6206 1495.47
-22.0803 -44.5226 1497.8
-23.8636 -44.5793 1503.29
-25.6532 -44.5234 1507.36
-26.6107 -44.4678 1511.6
-27.0444 -44.4033 1516.98
-26.6897 -44.3355 1521.78
-25.9694 -44.2848 1525.84

-9.45826 -44.6389 1490.12
-13.8582 -44.6358 1492.38
-17.8055 -44.6271 1495.72
-21.0807 -44.5305 1497.82
-22.8663 -44.5895 1503.22
-24.6769 -44.5363 1507.14
-25.6721 -44.4829 1511.26
-26.178 -44.4212 1516.48
-25.9088 -44.3558 1521.15
-25.2666 -44.3072 1525.13

-8.63818 -44.6415 1490.69
-12.9501 -44.6402 1492.8
-16.8371 -44.6335 1495.97
-20.0811 -44.5384 1497.85
-21.8691 -44.5997 1503.15
-23.7006 -44.5492 1506.93
-24.7336 -44.498 1510.92
-25.3116 -44.4392 1515.98
-25.1279 -44.3762 1520.53
-24.5637 -44.3295 1524.42

-7.8181 -44.6441 1491.26
-12.0421 -44.6447 1493.22
-15.8688 -44.64 1496.22
-19.0815 -44.5463 1497.88
-20.8718 -44.6099 1503.08
-22.7242 -44.562 1506.71
-23.795 -44.5131 1510.57
-24.4452 -44.4572 1515.48
-24.347 -44.3966 1519.91
-23.8609 -44.3518 1523.71

-6.99802 -44.6466 1491.84
-11.134 -44.6492 1493.64
-14.9004 -44.6465 1496.47
-18.0818 -44.5542 1497.9
-19.8745 -44.6202 1503
-21.7479 -44.5749 1506.49
-22.8565 -44.5282 1510.23
-23.5788 -44.4752 1514.99
-23.5662 -44.417 1519.28
-23.158 -44.3741 1523

-6.17795 -44.6492 1492.41
-10.226 -44.6537 1494.06
-13.932 -44.6529 1496.71
-17.0822 -44.562 1497.93
-18.8772 -44.6304 1502.93
-20.7716 -44.5878 1506.28
-21.9179 -44.5433 1509.88
-22.7124 -44.4931 1514.49
-22.7853 -44.4373 1518.66
-22.4552 -44.3964 1522.29

-5.35787 -44.6518 1492.98
-9.31793 -44.6581 1494.48
-12.9637 -44.6594 1496.96
-16.0826 -44.5699 1497.96
-17.8799 -44.6406 1502.86
-19.7953 -44.6006 1506.06
-20.9794 -44.5584 1509.54
-21.846 -44.5111 1513.99
-22.0044 -44.4577 1518.03
-21.7523 -44.4188 1521.57

-4.53779 -44.6544 1493.55
-8.40987 -44.6626 1494.9
-11.9953 -44.6659 1497.21
-15.0829 -44.5778 1497.98
-16.8826 -44.6508 1502.78
-18.819 -44.6135 1505.85
-20.0408 -44.5735 1509.19
-20.9796 -44.5291 1513.49
-21.2235 -44.4781 1517.41
-21.0495 -44.4411 1520.86

-3.71771 -44.657 1494.13
-7.50182 -44.6671 1495.31
-11.0269 -44.6723 1497.46
-14.0833 -44.5857 1498.01
-15.8853 -44.661 1502.71
-17.8426 -44.6264 1505.63
-19.1023 -44.5886 1508.85
-20.1131 -44.547 1512.99
-20.4426 -44.4985 1516.78
-20.3466 -44.4634 1520.15

-10.2722 -43.6364 1489.54
-14.7588 -43.6313 1491.96
-18.7652 -43.6207 1495.46
-22.071 -43.5242 1497.74
-23.8541 -43.5794 1503.28
-25.6438 -43.5236 1507.34
-26.6017 -43.468 1511.59
-27.0363 -43.4035 1516.96
-26.6829 -43.3358 1521.75
-25.9636 -43.2852 1525.81

-9.45213 -43.6389 1490.12
-13.8507 -43.6358 1492.38
-17.7968 -43.6271 1495.71
-21.0714 -43.5321 1497.77
-22.8569 -43.5896 1503.21
-24.6675 -43.5365 1507.12
-25.6632 -43.4831 1511.24
-26.1699 -43.4215 1516.46
-25.902 -43.3561 1521.13
-25.2607 -43.3075 1525.1

-8.63205 -43.6415 1490.69
-12.9427 -43.6403 1492.8
-16.8285 -43.6336 1495.96
-20.0718 -43.54 1497.8
-21.8596 -43.5998 1503.14
-23.6912 -43.5493 1506.91
-24.7246 -43.4982 1510.9
-25.3035 -43.4395 1515.96
-25.1211 -43.3765 1520.51
-24.5579 -43.3298 1524.39

-7.81197 -43.6441 1491.26
-12.0346 -43.6448 1493.21
-15.8601 -43.6401 1496.21
-19.0721 -43.5479 1497.82
-20.8623 -43.61 1503.07
-22.7149 -43.5622 1506.69
-23.7861 -43.5133 1510.55
-24.4371 -43.4575 1515.46
-24.3402 -43.3969 1519.88
-23.855 -43.3521 1523.68

-6.99189 -43.6467 1491.83
-11.1266 -43.6492 1493.63
-14.8917 -43.6465 1496.46
-18.0725 -43.5557 1497.85
-19.865 -43.6203 1502.99
-21.7386 -43.5751 1506.48
-22.8475 -43.5284 1510.21
-23.5707 -43.4754 1514.96
-23.5593 -43.4173 1519.26
-23.1522 -43.3745 1522.97

-6.17181 -43.6493 1492.41
-10.2185 -43.6537 1494.05
-13.9234 -43.653 1496.71
-17.0729 -43.5636 1497.87
-18.8677 -43.6305 1502.92
-20.7622 -43.588 1506.26
-21.909 -43.5435 1509.86
-22.7043 -43.4934 1514.46
-22.7784 -43.4376 1518.63
-22.4493 -43.3968 1522.26

-5.35174 -43.6518 1492.98
-9.31045 -43.6582 1494.47
-12.955 -43.6595 1496.96
-16.0732 -43.5715 1497.9
-17.8704 -43.6407 1502.85
-19.7859 -43.6008 1506.05
-20.9704 -43.5586 1509.52
-21.8379 -43.5114 1513.97
-21.9976 -43.458 1518.01
-21.7465 -43.4191 1521.55

-4.53166 -43.6544 1493.55
-8.40239 -43.6627 1494.89
-11.9866 -43.6659 1497.21
-15.0736 -43.5794 1497.93
-16.8731 -43.6509 1502.77
-18.8096 -43.6137 1505.83
-20.0319 -43.5737 1509.17
-20.9714 -43.5293 1513.47
-21.2167 -43.4784 1517.38
-21.0436 -43.4414 1520.84

-3.71158 -43.657 1494.12
-7.49434 -43.6671 1495.31
-11.0183 -43.6724 1497.46
-14.074 -43.5873 1497.95
-15.8758 -43.6611 1502.7
-17.8333 -43.6266 1505.61
-19.0933 -43.5888 1508.83
-20.105 -43.5473 1512.97
-20.4358 -43.4988 1516.76
-20.3408 -43.4637 1520.13

-10.2661 -42.6364 1489.54
-14.7513 -42.6314 1491.95
-18.7565 -42.6207 1495.45
-22.0617 -42.5258 1497.69
-23.8447 -42.5795 1503.27
-25.6344 -42.5238 1507.32
-26.5928 -42.4682 1511.57
-27.0282 -42.4038 1516.94
-26.676 -42.3361 1521.73
-25.9577 -42.2855 1525.79

-9.446 -42.639 1490.11
-13.8432 -42.6359 1492.37
-17.7882 -42.6272 1495.7
-21.0621 -42.5337 1497.71
-22.8474 -42.5897 1503.2
-24.6581 -42.5367 1507.11
-25.6542 -42.4833 1511.22
-26.1618 -42.4218 1516.44
-25.8952 -42.3565 1521.11
-25.2549 -42.3079 1525.08

-8.62592 -42.6415 1490.68
-12.9352 -42.6403 1492.79
-16.8198 -42.6337 1495.95
-20.0624 -42.5416 1497.74
-21.8501 -42.5999 1503.13
-23.6818 -42.5495 1506.89
-24.7157 -42.4984 1510.88
-25.2954 -42.4398 1515.94
-25.1143 -42.3768 1520.48
-24.552 -42.3302 1524.37

-7.80584 -42.6441 1491.26
-12.0271 -42.6448 1493.21
-15.8514 -42.6401 1496.2
-19.0628 -42.5494 1497.77
-20.8528 -42.6101 1503.06
-22.7055 -42.5624 1506.68
-23.7771 -42.5135 1510.53
-24.429 -42.4577 1515.44
-24.3334 -42.3972 1519.86
-23.8492 -42.3525 1523.66

-6.98576 -42.6467 1491.83
-11.1191 -42.6493 1493.63
-14.8831 -42.6466 1496.45
-18.0632 -42.5573 1497.79
-19.8555 -42.6203 1502.98
-21.7292 -42.5753 1506.46
-22.8386 -42.5286 1510.19
-23.5626 -42.4757 1514.94
-23.5525 -42.4176 1519.23
-23.1463 -42.3748 1522.95

-6.16568 -42.6493 1492.4
-10.211 -42.6538 1494.05
-13.9147 -42.6531 1496.7
-17.0636 -42.5652 1497.82
-18.8582 -42.6306 1502.91
-20.7529 -42.5882 1506.24
-21.9 -42.5438 1509.84
-22.6961 -42.4937 1514.44
-22.7716 -42.438 1518.61
-22.4435 -42.3971 1522.23

-5.34561 -42.6519 1492.97
-9.30297 -42.6582 1494.47
-12.9463 -42.6595 1496.95
-16.0639 -42.5731 1497.84
-17.8609 -42.6408 1502.84
-19.7765 -42.601 1506.03
-20.9615 -42.5589 1509.5
-21.8297 -42.5116 1513.94
-21.9907 -42.4583 1517.98
-21.7406 -42.4194 1521.52

-4.52553 -42.6544 1493.55
-8.39492 -42.6627 1494.88
-11.978 -42.666 1497.2
-15.0643 -42.581 1497.87
-16.8636 -42.651 1502.76
-18.8002 -42.6139 1505.81
-20.0229 -42.574 1509.15
-20.9633 -42.5296 1513.44
-21.2098 -42.4787 1517.36
-21.0378 -42.4418 1520.81

-3.70545 -42.657 1494.12
-7.48686 -42.6672 1495.3
-11.0096 -42.6725 1497.45
-14.0647 -42.5889 1497.9
-15.8663 -42.6612 1502.69
-17.8239 -42.6268 1505.6
-19.0844 -42.5891 1508.81
-20.0969 -42.5476 1512.95
-20.429 -42.4991 1516.74
-20.3349 -42.4641 1520.1

-10.2599 -41.6364 1489.54
-14.7438 -41.6314 1491.95
-18.7479 -41.6208 1495.44
-22.0524 -41.5274 1497.63
-23.8352 -41.5796 1503.26
-25.6251 -41.524 1507.31
-26.5838 -41.4684 1511.55
-27.0201 -41.4041 1516.92
-26.6692 -41.3364 1521.71
-25.9519 -41.2859 1525.76

-9.43986 -41.639 1490.11
-13.8358 -41.6359 1492.37
-17.7795 -41.6273 1495.69
-21.0527 -41.5353 1497.66
-22.8379 -41.5898 1503.19
-24.6488 -41.5369 1507.09
-25.6453 -41.4835 1511.2
-26.1537 -41.4221 1516.42
-25.8883 -41.3568 1521.08
-25.249 -41.3082 1525.05

-8.61979 -41.6416 1490.68
-12.9277 -41.6404 1492.78
-16.8111 -41.6337 1495.94
-20.0531 -41.5432 1497.68
-21.8406 -41.6 1503.12
-23.6724 -41.5497 1506.87
-24.7067 -41.4987 1510.86
-25.2873 -41.44 1515.92
-25.1074 -41.3771 1520.46
-24.5462 -41.3305 1524.34

-7.79971 -41.6441 1491.25
-12.0197 -41.6448 1493.2
-15.8428 -41.6402 1496.19
-19.0535 -41.551 1497.71
-20.8433 -41.6102 1503.05
-22.6961 -41.5626 1506.66
-23.7682 -41.5138 1510.51
-24.4208 -41.458 1515.42
-24.3266 -41.3975 1519.83
-23.8433 -41.3528 1523.63

-6.97963 -41.6467 1491.82
-11.1116 -41.6493 1493.62
-14.8744 -41.6467 1496.44
-18.0539 -41.5589 1497.74
-19.846 -41.6204 1502.97
-21.7198 -41.5755 1506.44
-22.8296 -41.5289 1510.17
-23.5544 -41.476 1514.92
-23.5457 -41.4179 1519.21
-23.1405 -41.3752 1522.92

-6.15955 -41.6493 1492.4
-10.2036 -41.6538 1494.04
-13.906 -41.6531 1496.69
-17.0542 -41.5668 1497.76
-18.8487 -41.6307 1502.9
-20.7435 -41.5883 1506.23
-21.8911 -41.544 1509.82
-22.688 -41.4939 1514.42
-22.7648 -41.4383 1518.58
-22.4376 -41.3975 1522.21

-5.33948 -41.6519 1492.97
-9.2955 -41.6583 1494.46
-12.9377 -41.6596 1496.94
-16.0546 -41.5747 1497.79
-17.8514 -41.6409 1502.83
-19.7672 -41.6012 1506.01
-20.9525 -41.5591 1509.48
-21.8216 -41.5119 1513.92
-21.9839 -41.4586 1517.96
-21.7348 -41.4198 1521.5

-4.5194 -41.6545 1493.54
-8.38744 -41.6627 1494.88
-11.9693 -41.6661 1497.19
-15.055 -41.5826 1497.82
-16.8541 -41.6511 1502.75
-18.7909 -41.6141 1505.79
-20.014 -41.5742 1509.13
-20.9552 -41.5299 1513.42
-21.203 -41.479 1517.34
-21.0319 -41.4421 1520.79

-3.69932 -41.657 1494.11
-7.47939 -41.6672 1495.3
-11.0009 -41.6725 1497.44
-14.0553 -41.5904 1497.84
-15.8568 -41.6613 1502.68
-17.8145 -41.627 1505.58
-19.0754 -41.5893 1508.79
-20.0888 -41.5479 1512.92
-20.4221 -41.4994 1516.71
-20.3291 -41.4644 1520.08

-10.2538 -40.6364 1489.53
-14.7363 -40.6315 1491.94
-18.7392 -40.6209 1495.44
-22.043 -40.529 1497.58
-23.8257 -40.5797 1503.25
-25.6157 -40.5242 1507.29
-26.5749 -40.4687 1511.53
-27.012 -40.4044 1516.89
-26.6624 -40.3367 1521.68
-25.946 -40.2862 1525.74

-9.43373 -40.639 1490.1
-13.8283 -40.6359 1492.36
-17.7708 -40.6273 1495.69
-21.0434 -40.5369 1497.6
-22.8284 -40.5899 1503.18
-24.6394 -40.5371 1507.07
-25.6363 -40.4838 1511.18
-26.1455 -40.4223 1516.39
-25.8815 -40.3571 1521.06
-25.2432 -40.3085 1525.03

-8.61366 -40.6416 1490.68
-12.9202 -40.6404 1492.78
-16.8025 -40.6338 1495.94
-20.0438 -40.5447 1497.63
-21.8311 -40.6001 1503.11
-23.6631 -40.5499 1506.86
-24.6978 -40.4989 1510.84
-25.2791 -40.4403 1515.9
-25.1006 -40.3775 1520.43
-24.5403 -40.3309 1524.32

-7.79358 -40.6442 1491.25
-12.0122 -40.6449 1493.2
-15.8341 -40.6403 1496.19
-19.0442 -40.5526 1497.66
-20.8338 -40.6103 1503.03
-22.6868 -40.5628 1506.64
-23.7592 -40.514 1510.49
-24.4127 -40.4583 1515.4
-24.3197 -40.3978 1519.81
-23.8375 -40.3532 1523.61

-6.9735 -40.6468 1491.82
-11.1041 -40.6494 1493.62
-14.8657 -40.6467 1496.43
-18.0445 -40.5605 1497.68
-19.8365 -40.6205 1502.96
-21.7104 -40.5757 1506.43
-22.8207 -40.5291 1510.15
-23.5463 -40.4762 1514.9
-23.5389 -40.4182 1519.19
-23.1346 -40.3755 1522.89

-6.15342 -40.6493 1492.39
-10.1961 -40.6538 1494.04
-13.8974 -40.6532 1496.68
-17.0449 -40.5684 1497.71
-18.8392 -40.6308 1502.89
-20.7341 -40.5885 1506.21
-21.8821 -40.5442 1509.8
-22.6799 -40.4942 1514.4
-22.758 -40.4386 1518.56
-22.4318 -40.3978 1522.18

-5.33334 -40.6519 1492.96
-9.28802 -40.6583 1494.45
-12.929 -40.6597 1496.93
-16.0453 -40.5763 1497.73
-17.8419 -40.641 1502.82
-19.7578 -40.6014 1505.99
-20.9436 -40.5593 1509.46
-21.8135 -40.5122 1513.9
-21.9771 -40.459 1517.94
-21.7289 -40.4201 1521.47

-4.51327 -40.6545 1493.54
-8.37996 -40.6628 1494.87
-11.9606 -40.6661 1497.18
-15.0457 -40.5841 1497.76
-16.8446 -40.6512 1502.74
-18.7815 -40.6143 1505.78
-20.005 -40.5744 1509.11
-20.9471 -40.5302 1513.4
-21.1962 -40.4793 1517.31
-21.0261 -40.4425 1520.76

-3.69319 -40.6571 1494.11
-7.47191 -40.6673 1495.29
-10.9923 -40.6726 1497.43
-14.046 -40.592 1497.79
-15.8473 -40.6614 1502.67
-17.8052 -40.6272 1505.56
-19.0665 -40.5895 1508.77
-20.0807 -40.5481 1512.9
-20.4153 -40.4997 1516.69
-20.3232 -40.4648 1520.05

-10.2477 -39.6365 1489.53
-14.7289 -39.6315 1491.94
-18.7306 -39.6209 1495.43
-22.0337 -39.5306 1497.52
-23.8162 -39.5798 1503.24
-25.6063 -39.5244 1507.27
-26.5659 -39.4689 1511.51
-27.0038 -39.4046 1516.87
-26.6556 -39.337 1521.66
-25.9402 -39.2866 1525.71

-9.4276 -39.6391 1490.1
-13.8208 -39.636 1492.35
-17.7622 -39.6274 1495.68
-21.0341 -39.5384 1497.55
-22.8189 -39.59 1503.17
-24.63 -39.5372 1507.06
-25.6274 -39.484 1511.16
-26.1374 -39.4226 1516.37
-25.8747 -39.3574 1521.03
-25.2373 -39.3089 1525

-8.60752 -39.6416 1490.67
-12.9128 -39.6405 1492.77
-16.7938 -39.6339 1495.93
-20.0345 -39.5463 1497.57
-21.8216 -39.6002 1503.1
-23.6537 -39.5501 1506.84
-24.6888 -39.4991 1510.82
-25.271 -39.4406 1515.87
-25.0938 -39.3778 1520.41
-24.5345 -39.3312 1524.29

-7.78745 -39.6442 1491.24
-12.0047 -39.6449 1493.19
-15.8255 -39.6403 1496.18
-19.0348 -39.5542 1497.6
-20.8243 -39.6104 1503.02
-22.6774 -39.563 1506.62
-23.7503 -39.5142 1510.47
-24.4046 -39.4585 1515.37
-24.3129 -39.3981 1519.79
-23.8316 -39.3535 1523.58

-6.96737 -39.6468 1491.82
-11.0967 -39.6494 1493.61
-14.8571 -39.6468 1496.43
-18.0352 -39.5621 1497.63
-19.827 -39.6206 1502.95
-21.7011 -39.5759 1506.41
-22.8117 -39.5293 1510.13
-23.5382 -39.4765 1514.88
-23.532 -39.4185 1519.16
-23.1288 -39.3758 1522.87

-6.14729 -39.6494 1492.39
-10.1886 -39.6539 1494.03
-13.8887 -39.6533 1496.68
-17.0356 -39.57 1497.65
-18.8297 -39.6309 1502.88
-20.7248 -39.5887 1506.19
-21.8732 -39.5444 1509.78
-22.6718 -39.4945 1514.38
-22.7511 -39.4389 1518.54
-22.4259 -39.3982 1522.16

-5.32721 -39.6519 1492.96
-9.28054 -39.6584 1494.45
-12.9204 -39.6597 1496.93
-16.036 -39.5778 1497.68
-17.8324 -39.6411 1502.81
-19.7484 -39.6016 1505.98
-20.9346 -39.5595 1509.44
-21.8054 -39.5125 1513.88
-21.9703 -39.4593 1517.91
-21.7231 -39.4205 1521.45

-4.50714 -39.6545 1493.53
-8.37249 -39.6628 1494.87
-11.952 -39.6662 1497.18
-15.0363 -39.5857 1497.7
-16.8351 -39.6513 1502.73
-18.7721 -39.6145 1505.76
-19.9961 -39.5747 1509.09
-20.939 -39.5304 1513.38
-21.1894 -39.4796 1517.29
-21.0202 -39.4428 1520.74

-3.68706 -39.6571 1494.1
-7.46443 -39.6673 1495.29
-10.9836 -39.6727 1497.42
-14.0367 -39.5936 1497.73
-15.8378 -39.6615 1502.66
-17.7958 -39.6273 1505.54
-19.0575 -39.5898 1508.75
-20.0726 -39.5484 1512.88
-20.4085 -39.5 1516.66
-20.3174 -39.4651 1520.02

