3.16106 1.94068 262.251
2.91066 1.93064 262.83
2.75521 1.92211 263.368
2.70409 1.91696 263.85
2.72766 1.91337 264.336
2.88195 1.90846 265.064
3.03079 1.90707 265.484

4.11279 1.95955 262.557
3.90062 1.95187 262.97
3.75435 1.9454 263.334
3.68664 1.94203 263.665
3.6777 1.93978 264.025
3.75019 1.93664 264.569
3.83686 1.9361 264.893

5.06452 1.97841 262.863
4.89057 1.9731 263.11
4.75349 1.96869 263.3
4.66919 1.9671 263.481
4.62774 1.9662 263.714
4.61844 1.96481 264.074
4.64293 1.96514 264.302

6.01624 1.99728 263.17
5.88053 1.99433 263.25
5.75263 1.99197 263.265
5.65173 1.99218 263.297
5.57779 1.99261 263.403
5.48668 1.99299 263.578
5.449 1.99417 263.711

6.96797 2.01615 263.476
6.87049 2.01556 263.389
6.75177 2.01526 263.231
6.63428 2.01725 263.113
6.52783 2.01903 263.092
6.35492 2.02117 263.083
6.25506 2.0232 263.12

7.9197 2.03502 263.782
7.86045 2.03679 263.529
7.75091 2.03855 263.197
7.61683 2.04232 262.928
7.47788 2.04545 262.781
7.22316 2.04935 262.588
7.06113 2.05224 262.529

8.87143 2.05389 264.089
8.85041 2.05802 263.669
8.75005 2.06184 263.162
8.59938 2.06739 262.744
8.42792 2.07186 262.47
8.0914 2.07753 262.092
7.8672 2.08127 261.938

9.82316 2.07275 264.395
9.84037 2.07925 263.809
9.74919 2.08513 263.128
9.58193 2.09247 262.56
9.37796 2.09828 262.159
8.95965 2.1057 261.597
8.67327 2.1103 261.346

10.7749 2.09162 264.701
10.8303 2.10048 263.948
10.7483 2.10842 263.094
10.5645 2.11754 262.375
10.328 2.12469 261.848
9.82789 2.13388 261.102
9.47934 2.13934 260.755

3.11912 2.93742 262.319
2.87891 2.92743 262.904
2.73471 2.91874 263.448
2.69429 2.91343 263.933
2.72714 2.90991 264.419
2.89542 2.90514 265.145
3.05165 2.90385 265.562

4.07085 2.95629 262.626
3.86887 2.94866 263.044
3.73385 2.94202 263.413
3.67684 2.9385 263.749
3.67718 2.93633 264.108
3.76367 2.93332 264.649
3.85772 2.93289 264.97

5.02257 2.97515 262.932
4.85883 2.96989 263.183
4.73299 2.96531 263.379
4.65939 2.96358 263.564
4.62722 2.96274 263.797
4.63191 2.96149 264.154
4.66379 2.96192 264.379

5.9743 2.99402 263.238
5.84879 2.99112 263.323
5.73213 2.9886 263.345
5.64194 2.98865 263.38
5.57727 2.98916 263.486
5.50015 2.98967 263.659
5.46986 2.99095 263.788

6.92603 3.01289 263.545
6.83875 3.01236 263.463
6.73127 3.01189 263.311
6.62449 3.01372 263.196
6.52731 3.01557 263.175
6.36839 3.01785 263.163
6.27592 3.01999 263.197

7.87776 3.03176 263.851
7.82871 3.03359 263.603
7.73041 3.03518 263.276
7.60703 3.0388 263.012
7.47736 3.04199 262.864
7.23664 3.04603 262.668
7.08199 3.04902 262.606

8.82949 3.05063 264.158
8.81867 3.05482 263.742
8.72955 3.05847 263.242
8.58958 3.06387 262.827
8.4274 3.06841 262.553
8.10488 3.07421 262.173
7.88806 3.07805 262.015

9.78122 3.0695 264.464
9.80863 3.07605 263.882
9.72869 3.08175 263.208
9.57213 3.08894 262.643
9.37744 3.09482 262.242
8.97312 3.10238 261.677
8.69413 3.10708 261.424

10.733 3.08836 264.77
10.7986 3.09728 264.022
10.7278 3.10504 263.173
10.5547 3.11401 262.459
10.3275 3.12124 261.931
9.84136 3.13056 261.182
9.50019 3.13612 260.833

3.07718 3.93416 262.388
2.84717 3.92423 262.977
2.7142 3.91536 263.527
2.6845 3.90991 264.016
2.72662 3.90646 264.502
2.9089 3.90182 265.225
3.07251 3.90063 265.639

4.0289 3.95303 262.695
3.83713 3.94546 263.117
3.71334 3.93865 263.493
3.66705 3.93498 263.832
3.67666 3.93287 264.191
3.77714 3.92999 264.73
3.87858 3.92967 265.048

4.98063 3.9719 263.001
4.82709 3.96669 263.257
4.71248 3.96194 263.459
4.64959 3.96005 263.648
4.6267 3.95929 263.88
4.64538 3.95817 264.234
4.68465 3.9587 264.457

5.93236 3.99076 263.307
5.81705 3.98792 263.397
5.71163 3.98523 263.424
5.63214 3.98512 263.464
5.57675 3.9857 263.569
5.51362 3.98635 263.739
5.49071 3.98773 263.866

6.88409 4.00963 263.614
6.80701 4.00915 263.536
6.71077 4.00852 263.39
6.61469 4.0102 263.279
6.52679 4.01212 263.258
6.38187 4.01453 263.244
6.29678 4.01677 263.275

7.83582 4.0285 263.92
7.79697 4.03038 263.676
7.70991 4.0318 263.356
7.59724 4.03527 263.095
7.47684 4.03854 262.947
7.25011 4.04271 262.748
7.10285 4.0458 262.683

8.78755 4.04737 264.226
8.78693 4.05161 263.816
8.70905 4.05509 263.321
8.57979 4.06034 262.911
8.42688 4.06495 262.636
8.11835 4.07088 262.253
7.90892 4.07483 262.092

9.73928 4.06624 264.533
9.77689 4.07284 263.956
9.70819 4.07838 263.287
9.56234 4.08541 262.726
9.37692 4.09137 262.325
8.98659 4.09906 261.758
8.71498 4.10387 261.501

10.691 4.08511 264.839
10.7668 4.09407 264.095
10.7073 4.10167 263.253
10.5449 4.11049 262.542
10.327 4.11778 262.014
9.85484 4.12724 261.262
9.52105 4.1329 260.91

3.03523 4.9309 262.457
2.81543 4.92102 263.051
2.6937 4.91199 263.607
2.6747 4.90638 264.1
2.7261 4.903 264.585
2.92237 4.89849 265.305
3.09337 4.89742 265.716

3.98696 4.94977 262.764
3.80539 4.94226 263.19
3.69284 4.93528 263.572
3.65725 4.93145 263.915
3.67614 4.92942 264.274
3.79061 4.92667 264.81
3.89944 4.92645 265.125

4.93869 4.96864 263.07
4.79535 4.96349 263.33
4.69198 4.95856 263.538
4.6398 4.95652 263.731
4.62618 4.95583 263.963
4.65885 4.95485 264.315
4.7055 4.95548 264.534

5.89042 4.98751 263.376
5.78531 4.98472 263.47
5.69112 4.98185 263.504
5.62235 4.9816 263.547
5.57623 4.98225 263.652
5.5271 4.98303 263.819
5.51157 4.98452 263.943

6.84215 5.00637 263.683
6.77527 5.00595 263.61
6.69026 5.00514 263.469
6.6049 5.00667 263.363
6.52627 5.00866 263.341
6.39534 5.01121 263.324
6.31764 5.01355 263.352

7.79388 5.02524 263.989
7.76523 5.02718 263.749
7.6894 5.02843 263.435
7.58744 5.03174 263.178
7.47632 5.03508 263.03
7.26358 5.03938 262.829
7.12371 5.04258 262.761

8.74561 5.04411 264.295
8.75519 5.04841 263.889
8.68854 5.05172 263.401
8.56999 5.05681 262.994
8.42636 5.0615 262.719
8.13182 5.06756 262.333
7.92978 5.07162 262.17

9.69734 5.06298 264.602
9.74514 5.06964 264.029
9.68769 5.07501 263.367
9.55254 5.08189 262.81
9.3764 5.08791 262.408
9.00007 5.09574 261.838
8.73584 5.10065 261.579

10.6491 5.08185 264.908
10.7351 5.09087 264.169
10.6868 5.0983 263.332
10.5351 5.10696 262.625
10.3264 5.11433 262.097
9.86831 5.12392 261.343
9.54191 5.12968 260.988

2.99329 5.92764 262.526
2.78369 5.91782 263.124
2.6732 5.90861 263.686
2.66491 5.90285 264.183
2.72558 5.89954 264.668
2.93584 5.89517 265.386
3.11423 5.8942 265.794

3.94502 5.94651 262.832
3.77365 5.93905 263.264
3.67234 5.9319 263.652
3.64745 5.92792 263.999
3.67562 5.92596 264.357
3.80409 5.92335 264.89
3.9203 5.92323 265.203

4.89675 5.96538 263.139
4.76361 5.96028 263.404
4.67148 5.95519 263.618
4.63 5.953 263.814
4.62566 5.95238 264.046
4.67233 5.95153 264.395
4.72636 5.95226 264.612

5.84848 5.98425 263.445
5.75357 5.98151 263.543
5.67062 5.97848 263.583
5.61255 5.97807 263.63
5.57571 5.97879 263.735
5.54057 5.97971 263.9
5.53243 5.9813 264.02

6.80021 6.00311 263.752
6.74353 6.00274 263.683
6.66976 6.00177 263.549
6.5951 6.00314 263.446
6.52575 6.00521 263.424
6.40881 6.00788 263.404
6.3385 6.01033 263.429

7.75194 6.02198 264.058
7.73348 6.02397 263.823
7.6689 6.02506 263.515
7.57765 6.02822 263.262
7.4758 6.03162 263.113
7.27705 6.03606 262.909
7.14457 6.03936 262.838

8.70367 6.04085 264.364
8.72344 6.04521 263.963
8.66804 6.04834 263.48
8.5602 6.05329 263.077
8.42584 6.05804 262.802
8.1453 6.06424 262.414
7.95063 6.0684 262.247

9.6554 6.05972 264.671
9.7134 6.06644 264.102
9.66718 6.07163 263.446
9.54274 6.07836 262.893
9.37588 6.08446 262.491
9.01354 6.09242 261.918
8.7567 6.09743 261.656

10.6071 6.07859 264.977
10.7034 6.08767 264.242
10.6663 6.09492 263.412
10.5253 6.10343 262.709
10.3259 6.11087 262.18
9.88178 6.1206 261.423
9.56277 6.12646 261.065

2.95135 6.92438 262.595
2.75195 6.91462 263.198
2.6527 6.90524 263.766
2.65511 6.89933 264.266
2.72506 6.89609 264.751
2.94932 6.89185 265.466
3.13509 6.89098 265.871

3.90308 6.94325 262.901
3.74191 6.93585 263.337
3.65184 6.92853 263.731
3.63766 6.9244 264.082
3.6751 6.9225 264.44
3.81756 6.92003 264.971
3.94115 6.92001 265.28

4.85481 6.96212 263.208
4.73187 6.95708 263.477
4.65098 6.95182 263.697
4.62021 6.94947 263.898
4.62514 6.94892 264.129
4.6858 6.94821 264.475
4.74722 6.94905 264.689

5.80654 6.98099 263.514
5.72183 6.97831 263.617
5.65012 6.9751 263.663
5.60276 6.97454 263.714
5.57519 6.97534 263.818
5.55404 6.97639 263.98
5.55329 6.97808 264.098

6.75827 6.99986 263.82
6.71178 6.99954 263.757
6.64926 6.99839 263.628
6.5853 6.99962 263.529
6.52523 7.00175 263.508
6.42229 7.00456 263.485
6.35936 7.00711 263.507

7.71 7.01872 264.127
7.70174 7.02077 263.896
7.6484 7.02168 263.594
7.56785 7.02469 263.345
7.47528 7.02817 263.197
7.29053 7.03274 262.989
7.16542 7.03615 262.916

8.66173 7.03759 264.433
8.6917 7.042 264.036
8.64754 7.04497 263.56
8.5504 7.04976 263.161
8.42532 7.05459 262.885
8.15877 7.06092 262.494
7.97149 7.06518 262.325

9.61346 7.05646 264.74
9.68166 7.06323 264.176
9.64668 7.06826 263.526
9.53295 7.07483 262.976
9.37536 7.081 262.574
9.02701 7.0891 261.999
8.77756 7.09421 261.733

10.5652 7.07533 265.046
10.6716 7.08446 264.316
10.6458 7.09155 263.491
10.5155 7.09991 262.792
10.3254 7.10742 262.264
9.89526 7.11728 261.503
9.58363 7.12325 261.142

2.90941 7.92112 262.664
2.72021 7.91141 263.271
2.6322 7.90187 263.845
2.64531 7.8958 264.35
2.72454 7.89263 264.835
2.96279 7.88853 265.546
3.15594 7.88776 265.949

3.86114 7.93999 262.97
3.71017 7.93264 263.411
3.63134 7.92515 263.811
3.62786 7.92087 264.165
3.67458 7.91905 264.524
3.83103 7.91671 265.051
3.96201 7.91679 265.357

4.81287 7.95886 263.277
4.70012 7.95387 263.55
4.63048 7.94844 263.776
4.61041 7.94594 263.981
4.62462 7.94547 264.213
4.69928 7.94489 264.556
4.76808 7.94583 264.766

5.7646 7.97773 263.583
5.69008 7.9751 263.69
5.62962 7.97173 263.742
5.59296 7.97102 263.797
5.57467 7.97188 263.902
5.56752 7.97306 264.06
5.57415 7.97486 264.175

6.71633 7.9966 263.889
6.68004 7.99634 263.83
6.62876 7.99502 263.708
6.57551 7.99609 263.613
6.52471 7.9983 263.591
6.43576 8.00124 263.565
6.38022 8.00389 263.584

7.66806 8.01547 264.196
7.67 8.01757 263.97
7.6279 8.01831 263.674
7.55806 8.02116 263.428
7.47476 8.02471 263.28
7.304 8.02942 263.07
7.18628 8.03293 262.993

8.61979 8.03433 264.502
8.65996 8.0388 264.109
8.62704 8.0416 263.639
8.5406 8.04624 263.244
8.4248 8.05113 262.969
8.17224 8.0576 262.574
7.99235 8.06196 262.402

9.57152 8.0532 264.808
9.64992 8.06003 264.249
9.62618 8.06489 263.605
9.52315 8.07131 263.06
9.37484 8.07755 262.658
9.04049 8.08578 262.079
8.79842 8.09099 261.811

10.5232 8.07207 265.115
10.6399 8.08126 264.389
10.6253 8.08817 263.571
10.5057 8.09638 262.875
10.3249 8.10396 262.347
9.90873 8.11395 261.584
9.60449 8.12003 261.22

2.86747 8.91787 262.733
2.68846 8.90821 263.344
2.61169 8.89849 263.925
2.63552 8.89227 264.433
2.72402 8.88918 264.918
2.97626 8.88521 265.627
3.1768 8.88454 266.026

3.8192 8.93673 263.039
3.67842 8.92944 263.484
3.61083 8.92178 263.89
3.61807 8.91735 264.249
3.67406 8.91559 264.607
3.84451 8.91339 265.131
3.98287 8.91358 265.435

4.77093 8.9556 263.346
4.66838 8.95067 263.624
4.60997 8.94507 263.856
4.60062 8.94242 264.064
4.6241 8.94201 264.296
4.71275 8.94156 264.636
4.78894 8.94261 264.844

5.72266 8.97447 263.652
5.65834 8.9719 263.764
5.60911 8.96836 263.822
5.58316 8.96749 263.88
5.57415 8.96843 263.985
5.58099 8.96974 264.141
5.59501 8.97164 264.253

6.67439 8.99334 263.958
6.6483 8.99313 263.903
6.60825 8.99165 263.787
6.56571 8.99256 263.696
6.52419 8.99484 263.674
6.44923 8.99792 263.645
6.40107 9.00068 263.662

7.62612 9.01221 264.265
7.63826 9.01436 264.043
7.6074 9.01493 263.753
7.54826 9.01764 263.512
7.47424 9.02126 263.363
7.31747 9.0261 263.15
7.20714 9.02971 263.07

8.57785 9.03107 264.571
8.62822 9.03559 264.183
8.60654 9.03822 263.719
8.53081 9.04271 263.327
8.42428 9.04767 263.052
8.18572 9.05428 262.655
8.01321 9.05874 262.479

9.52958 9.04994 264.877
9.61818 9.05682 264.323
9.60568 9.06151 263.684
9.51336 9.06778 263.143
9.37432 9.07409 262.741
9.05396 9.08245 262.159
8.81928 9.08778 261.888

10.4813 9.06881 265.184
10.6081 9.07805 264.462
10.6048 9.0848 263.65
10.4959 9.09285 262.959
10.3244 9.10051 262.43
9.9222 9.11063 261.664
9.62534 9.11681 261.297

2.82553 9.91461 262.802
2.65672 9.905 263.418
2.59119 9.89512 264.004
2.62572 9.88875 264.516
2.7235 9.88572 265.001
2.98974 9.88189 265.707
3.19766 9.88132 266.103

3.77726 9.93347 263.108
3.64668 9.92624 263.557
3.59033 9.91841 263.97
3.60827 9.91382 264.332
3.67354 9.91214 264.69
3.85798 9.91007 265.212
4.00373 9.91036 265.512

4.72899 9.95234 263.414
4.63664 9.94747 263.697
4.58947 9.9417 263.935
4.59082 9.93889 264.148
4.62358 9.93855 264.379
4.72622 9.93824 264.716
4.8098 9.93939 264.921

5.68072 9.97121 263.721
5.6266 9.9687 263.837
5.58861 9.96498 263.901
5.57337 9.96396 263.964
5.57363 9.96497 264.068
5.59446 9.96642 264.221
5.61586 9.96842 264.33

6.63245 9.99008 264.027
6.61656 9.98993 263.977
6.58775 9.98827 263.867
6.55592 9.98904 263.779
6.52367 9.99139 263.757
6.46271 9.9946 263.726
6.42193 9.99746 263.739

7.58418 10.0089 264.334
7.60652 10.0112 264.117
7.58689 10.0116 263.833
7.53846 10.0141 263.595
7.47372 10.0178 263.446
7.33095 10.0228 263.23
7.228 10.0265 263.148

8.5359 10.0278 264.64
8.59648 10.0324 264.256
8.58603 10.0348 263.798
8.52101 10.0392 263.411
8.42376 10.0442 263.135
8.19919 10.051 262.735
8.03407 10.0555 262.557

9.48763 10.0467 264.946
9.58644 10.0536 264.396
9.58517 10.0581 263.764
9.50356 10.0643 263.226
9.3738 10.0706 262.824
9.06743 10.0791 262.24
8.84013 10.0846 261.966

10.4394 10.0656 265.253
10.5764 10.0749 264.536
10.5843 10.0814 263.73
10.4861 10.0893 263.042
10.3238 10.0971 262.513
9.93567 10.1073 261.744
9.6462 10.1136 261.375

