4.40446 -16.2402 342.498
4.00245 -16.2312 341.937
3.55743 -16.2305 341.628
3.18029 -16.2194 341.185
2.62369 -16.2005 340.526
2.16116 -16.2014 340.452
1.6909 -16.2002 340.398
1.29911 -16.2022 340.559

5.34085 -16.2467 342.849
4.98184 -16.2367 342.139
4.55704 -16.2345 341.656
4.1732 -16.2225 341.066
3.58708 -16.2038 340.258
3.07014 -16.2043 340.035
2.52359 -16.2026 339.845
2.03464 -16.2046 339.881

6.27724 -16.2531 343.2
5.96123 -16.2421 342.341
5.55665 -16.2385 341.683
5.1661 -16.2255 340.947
4.55047 -16.2071 339.99
3.97911 -16.2072 339.618
3.35628 -16.205 339.291
2.77017 -16.207 339.204

7.21363 -16.2596 343.55
6.94062 -16.2476 342.543
6.55626 -16.2425 341.711
6.15901 -16.2286 340.828
5.51386 -16.2104 339.722
4.88809 -16.21 339.202
4.18897 -16.2074 338.737
3.5057 -16.2094 338.526

8.15003 -16.266 343.901
7.92 -16.253 342.745
7.55587 -16.2465 341.739
7.15192 -16.2316 340.71
6.47725 -16.2137 339.454
5.79707 -16.2129 338.785
5.02166 -16.2098 338.183
4.24122 -16.2119 337.849

9.08642 -16.2724 344.252
8.89939 -16.2585 342.947
8.55548 -16.2505 341.766
8.14482 -16.2346 340.591
7.44063 -16.217 339.186
6.70604 -16.2158 338.368
5.85435 -16.2122 337.63
4.97675 -16.2143 337.171

10.0228 -16.2789 344.603
9.87878 -16.2639 343.149
9.55509 -16.2545 341.794
9.13773 -16.2377 340.472
8.40402 -16.2204 338.918
7.61502 -16.2186 337.951
6.68704 -16.2147 337.076
5.71228 -16.2167 336.494

10.9592 -16.2853 344.954
10.8582 -16.2694 343.351
10.5547 -16.2585 341.822
10.1306 -16.2407 340.353
9.36741 -16.2237 338.65
8.524 -16.2215 337.534
7.51973 -16.2171 336.522
6.44781 -16.2191 335.816

11.8956 -16.2918 345.305
11.8376 -16.2748 343.553
11.5543 -16.2625 341.849
11.1235 -16.2438 340.234
10.3308 -16.227 338.381
9.43297 -16.2244 337.117
8.35242 -16.2195 335.969
7.18334 -16.2215 335.139

4.38185 -15.2436 342.576
3.99187 -15.2344 342.016
3.55939 -15.2332 341.701
3.19278 -15.2226 341.264
2.64991 -15.2042 340.608
2.1986 -15.2049 340.527
1.73863 -15.2036 340.466
1.3548 -15.2054 340.616

5.31824 -15.25 342.927
4.97126 -15.2398 342.218
4.559 -15.2372 341.729
4.18569 -15.2257 341.145
3.6133 -15.2075 340.34
3.10757 -15.2078 340.11
2.57132 -15.206 339.912
2.09032 -15.2078 339.938

6.25463 -15.2565 343.278
5.95064 -15.2453 342.419
5.55861 -15.2412 341.757
5.17859 -15.2287 341.026
4.57669 -15.2108 340.072
4.01655 -15.2107 339.693
3.40401 -15.2084 339.358
2.82585 -15.2102 339.261

7.19102 -15.2629 343.629
6.93003 -15.2507 342.621
6.55822 -15.2452 341.784
6.1715 -15.2318 340.907
5.54008 -15.2141 339.804
4.92553 -15.2135 339.276
4.2367 -15.2108 338.805
3.56138 -15.2126 338.583

8.12741 -15.2694 343.98
7.90942 -15.2561 342.823
7.55783 -15.2492 341.812
7.16441 -15.2348 340.788
6.50347 -15.2174 339.536
5.8345 -15.2164 338.859
5.06939 -15.2132 338.251
4.29691 -15.215 337.906

9.0638 -15.2758 344.331
8.88881 -15.2616 343.025
8.55744 -15.2532 341.839
8.15732 -15.2378 340.67
7.46686 -15.2207 339.268
6.74348 -15.2193 338.443
5.90208 -15.2157 337.697
5.03244 -15.2174 337.228

10.0002 -15.2823 344.682
9.8682 -15.267 343.227
9.55704 -15.2572 341.867
9.15022 -15.2409 340.551
8.43024 -15.2241 339
7.65245 -15.2221 338.026
6.73477 -15.2181 337.143
5.76797 -15.2199 336.551

10.9366 -15.2887 345.033
10.8476 -15.2725 343.429
10.5567 -15.2611 341.895
10.1431 -15.2439 340.432
9.39363 -15.2274 338.731
8.56143 -15.225 337.609
7.56746 -15.2205 336.59
6.5035 -15.2223 335.873

11.873 -15.2951 345.384
11.827 -15.2779 343.631
11.5563 -15.2651 341.922
11.136 -15.247 340.313
10.357 -15.2307 338.463
9.47041 -15.2279 337.192
8.40015 -15.2229 336.036
7.23902 -15.2247 335.196

4.35923 -14.2469 342.655
3.98128 -14.2375 342.094
3.56134 -14.2359 341.774
3.20527 -14.2258 341.343
2.67613 -14.2079 340.69
2.23603 -14.2084 340.602
1.78637 -14.207 340.533
1.41048 -14.2085 340.673

5.29562 -14.2534 343.006
4.96067 -14.2429 342.296
4.56095 -14.2399 341.802
4.19818 -14.2289 341.224
3.63952 -14.2112 340.422
3.14501 -14.2113 340.185
2.61906 -14.2094 339.979
2.14601 -14.211 339.995

6.23201 -14.2598 343.357
5.94006 -14.2484 342.498
5.56056 -14.2439 341.83
5.19108 -14.2319 341.105
4.60291 -14.2145 340.154
4.05398 -14.2142 339.768
3.45175 -14.2118 339.426
2.88154 -14.2134 339.318

7.1684 -14.2663 343.708
6.91945 -14.2538 342.7
6.56017 -14.2479 341.857
6.18399 -14.2349 340.986
5.5663 -14.2178 339.886
4.96296 -14.217 339.351
4.28444 -14.2142 338.872
3.61707 -14.2158 338.64

8.10479 -14.2727 344.059
7.89884 -14.2593 342.902
7.55978 -14.2519 341.885
7.1769 -14.238 340.867
6.52969 -14.2211 339.618
5.87194 -14.2199 338.934
5.11713 -14.2167 338.318
4.3526 -14.2182 337.963

9.04119 -14.2792 344.41
8.87823 -14.2647 343.103
8.55939 -14.2558 341.913
8.16981 -14.241 340.748
7.49308 -14.2244 339.35
6.78091 -14.2228 338.517
5.94981 -14.2191 337.765
5.08812 -14.2206 337.285

9.97758 -14.2856 344.76
9.85761 -14.2702 343.305
9.559 -14.2598 341.94
9.16271 -14.2441 340.63
8.45646 -14.2278 339.081
7.68989 -14.2256 338.101
6.78251 -14.2215 337.211
5.82365 -14.223 336.608

10.914 -14.2921 345.111
10.837 -14.2756 343.507
10.5586 -14.2638 341.968
10.1556 -14.2471 340.511
9.41985 -14.2311 338.813
8.59887 -14.2285 337.684
7.61519 -14.2239 336.657
6.55918 -14.2254 335.93

11.8504 -14.2985 345.462
11.8164 -14.281 343.709
11.5582 -14.2678 341.996
11.1485 -14.2502 340.392
10.3832 -14.2344 338.545
9.50784 -14.2314 337.267
8.44788 -14.2263 336.103
7.29471 -14.2279 335.253

4.33662 -13.2503 342.734
3.9707 -13.2406 342.172
3.5633 -13.2386 341.847
3.21776 -13.229 341.422
2.70235 -13.2116 340.772
2.27347 -13.2119 340.676
1.8341 -13.2104 340.601
1.46617 -13.2117 340.73

5.27301 -13.2567 343.085
4.95009 -13.2461 342.374
4.56291 -13.2426 341.875
4.21067 -13.2321 341.303
3.66574 -13.2149 340.504
3.18244 -13.2148 340.26
2.66679 -13.2128 340.047
2.2017 -13.2141 340.052

6.2094 -13.2632 343.436
5.92948 -13.2515 342.576
5.56252 -13.2465 341.903
5.20358 -13.2351 341.184
4.62913 -13.2182 340.236
4.09142 -13.2177 339.843
3.49948 -13.2152 339.493
2.93722 -13.2165 339.375

7.14579 -13.2696 343.786
6.90886 -13.2569 342.778
6.56213 -13.2505 341.93
6.19648 -13.2381 341.065
5.59252 -13.2215 339.968
5.0004 -13.2205 339.426
4.33217 -13.2177 338.939
3.67275 -13.219 338.697

8.08218 -13.2761 344.137
7.88825 -13.2624 342.98
7.56174 -13.2545 341.958
7.18939 -13.2412 340.946
6.55591 -13.2248 339.699
5.90937 -13.2234 339.009
5.16486 -13.2201 338.386
4.40828 -13.2214 338.02

9.01857 -13.2825 344.488
8.86764 -13.2678 343.182
8.56135 -13.2585 341.986
8.1823 -13.2442 340.827
7.5193 -13.2281 339.431
6.81835 -13.2263 338.592
5.99755 -13.2225 337.832
5.14381 -13.2238 337.342

9.95496 -13.289 344.839
9.84703 -13.2733 343.384
9.56096 -13.2625 342.013
9.17521 -13.2473 340.708
8.48269 -13.2315 339.163
7.72732 -13.2291 338.175
6.83024 -13.2249 337.278
5.87934 -13.2262 336.665

10.8914 -13.2954 345.19
10.8264 -13.2787 343.586
10.5606 -13.2665 342.041
10.1681 -13.2503 340.59
9.44607 -13.2348 338.895
8.6363 -13.232 337.759
7.66293 -13.2273 336.725
6.61487 -13.2286 335.987

11.8277 -13.3019 345.541
11.8058 -13.2842 343.787
11.5602 -13.2705 342.069
11.161 -13.2533 340.471
10.4095 -13.2381 338.627
9.54528 -13.2349 337.342
8.49562 -13.2297 336.171
7.3504 -13.231 335.31

4.314 -12.2536 342.812
3.96012 -12.2437 342.25
3.56526 -12.2412 341.921
3.23025 -12.2322 341.5
2.72858 -12.2153 340.854
2.3109 -12.2154 340.751
1.88183 -12.2138 340.668
1.52185 -12.2149 340.786

5.25039 -12.2601 343.163
4.9395 -12.2492 342.452
4.56487 -12.2452 341.948
4.22316 -12.2352 341.382
3.69196 -12.2186 340.586
3.21988 -12.2183 340.334
2.71452 -12.2162 340.114
2.25738 -12.2173 340.109

6.18678 -12.2665 343.514
5.91889 -12.2546 342.654
5.56448 -12.2492 341.976
5.21607 -12.2383 341.263
4.65535 -12.2219 340.318
4.12885 -12.2212 339.918
3.54721 -12.2187 339.561
2.99291 -12.2197 339.432

7.12317 -12.273 343.865
6.89828 -12.2601 342.856
6.56409 -12.2532 342.003
6.20897 -12.2413 341.144
5.61874 -12.2252 340.049
5.03783 -12.224 339.501
4.3799 -12.2211 339.007
3.72844 -12.2221 338.754

8.05956 -12.2794 344.216
7.87767 -12.2655 343.058
7.5637 -12.2572 342.031
7.20188 -12.2444 341.025
6.58213 -12.2285 339.781
5.94681 -12.2269 339.084
5.21259 -12.2235 338.453
4.46397 -12.2245 338.077

8.99595 -12.2859 344.567
8.85706 -12.271 343.26
8.56331 -12.2612 342.059
8.19479 -12.2474 340.906
7.54552 -12.2319 339.513
6.85578 -12.2298 338.667
6.04528 -12.2259 337.899
5.1995 -12.227 337.399

9.93235 -12.2923 344.918
9.83645 -12.2764 343.462
9.56292 -12.2652 342.086
9.1877 -12.2505 340.787
8.50891 -12.2352 339.245
7.76476 -12.2326 338.25
6.87797 -12.2283 337.346
5.93502 -12.2294 336.722

10.8687 -12.2988 345.269
10.8158 -12.2818 343.664
10.5625 -12.2692 342.114
10.1806 -12.2535 340.668
9.47229 -12.2385 338.977
8.67374 -12.2355 337.833
7.71066 -12.2307 336.792
6.67055 -12.2318 336.044

11.8051 -12.3052 345.62
11.7952 -12.2873 343.866
11.5621 -12.2732 342.142
11.1735 -12.2565 340.55
10.4357 -12.2418 338.709
9.58271 -12.2384 337.417
8.54335 -12.2332 336.238
7.40608 -12.2342 335.367

4.29139 -11.257 342.891
3.94953 -11.2468 342.329
3.56722 -11.2439 341.994
3.24274 -11.2354 341.579
2.7548 -11.219 340.936
2.34834 -11.2189 340.826
1.92956 -11.2172 340.736
1.57754 -11.2181 340.843

5.22778 -11.2634 343.242
4.92892 -11.2523 342.53
4.56683 -11.2479 342.021
4.23565 -11.2384 341.46
3.71819 -11.2223 340.668
3.25731 -11.2218 340.409
2.76225 -11.2197 340.182
2.31307 -11.2205 340.166

6.16417 -11.2699 343.593
5.90831 -11.2577 342.732
5.56644 -11.2519 342.049
5.22856 -11.2415 341.342
4.68157 -11.2256 340.399
4.16629 -11.2247 339.992
3.59494 -11.2221 339.628
3.0486 -11.2229 339.488

7.10056 -11.2763 343.944
6.8877 -11.2632 342.934
6.56605 -11.2559 342.077
6.22147 -11.2445 341.223
5.64496 -11.2289 340.131
5.07527 -11.2275 339.575
4.42763 -11.2245 339.074
3.78412 -11.2253 338.811

8.03695 -11.2828 344.295
7.86709 -11.2686 343.136
7.56566 -11.2599 342.104
7.21437 -11.2476 341.104
6.60835 -11.2322 339.863
5.98424 -11.2304 339.159
5.26032 -11.2269 338.521
4.51965 -11.2277 338.133

8.97334 -11.2892 344.646
8.84647 -11.2741 343.338
8.56527 -11.2639 342.132
8.20728 -11.2506 340.985
7.57174 -11.2356 339.595
6.89322 -11.2333 338.742
6.09301 -11.2293 337.967
5.25518 -11.2301 337.456

9.90973 -11.2957 344.996
9.82586 -11.2795 343.54
9.56488 -11.2679 342.16
9.20019 -11.2536 340.866
8.53513 -11.2389 339.327
7.8022 -11.2361 338.325
6.9257 -11.2317 337.413
5.99071 -11.2326 336.778

10.8461 -11.3021 345.347
10.8053 -11.285 343.742
10.5645 -11.2718 342.187
10.1931 -11.2567 340.747
9.49852 -11.2422 339.059
8.71117 -11.239 337.908
7.75839 -11.2342 336.859
6.72624 -11.235 336.101

11.7825 -11.3086 345.698
11.7846 -11.2904 343.944
11.5641 -11.2758 342.215
11.186 -11.2597 340.628
10.4619 -11.2455 338.791
9.62015 -11.2419 337.491
8.59108 -11.2366 336.306
7.46177 -11.2374 335.423

4.26877 -10.2603 342.97
3.93895 -10.25 342.407
3.56918 -10.2466 342.067
3.25524 -10.2386 341.658
2.78102 -10.2227 341.018
2.38577 -10.2224 340.901
1.9773 -10.2207 340.803
1.63322 -10.2212 340.9

5.20516 -10.2668 343.321
4.91834 -10.2554 342.609
4.56879 -10.2506 342.094
4.24814 -10.2416 341.539
3.74441 -10.226 340.749
3.29475 -10.2253 340.484
2.80999 -10.2231 340.249
2.36875 -10.2237 340.223

6.14155 -10.2732 343.671
5.89772 -10.2609 342.811
5.5684 -10.2546 342.122
5.24105 -10.2447 341.42
4.70779 -10.2293 340.481
4.20372 -10.2282 340.067
3.64268 -10.2255 339.695
3.10428 -10.2261 339.545

7.07794 -10.2797 344.022
6.87711 -10.2663 343.013
6.56801 -10.2586 342.15
6.23396 -10.2477 341.302
5.67118 -10.2326 340.213
5.1127 -10.2311 339.65
4.47537 -10.2279 339.142
3.83981 -10.2285 338.868

8.01433 -10.2861 344.373
7.8565 -10.2717 343.214
7.56762 -10.2626 342.177
7.22686 -10.2508 341.183
6.63457 -10.2359 339.945
6.02168 -10.2339 339.233
5.30806 -10.2303 338.588
4.57534 -10.2309 338.19

8.95072 -10.2926 344.724
8.83589 -10.2772 343.416
8.56723 -10.2665 342.205
8.21977 -10.2538 341.064
7.59796 -10.2393 339.677
6.93065 -10.2368 338.817
6.14075 -10.2327 338.034
5.31087 -10.2333 337.513

9.88711 -10.299 345.075
9.81528 -10.2826 343.618
9.56684 -10.2705 342.233
9.21268 -10.2568 340.945
8.56135 -10.2426 339.409
7.83963 -10.2397 338.4
6.97344 -10.2352 337.481
6.0464 -10.2357 336.835

10.8235 -10.3055 345.426
10.7947 -10.2881 343.82
10.5664 -10.2745 342.26
10.2056 -10.2599 340.826
9.52474 -10.2459 339.141
8.74861 -10.2425 337.983
7.80613 -10.2376 336.927
6.78192 -10.2381 336.158

11.7599 -10.3119 345.777
11.7741 -10.2935 344.022
11.5661 -10.2785 342.288
11.1985 -10.2629 340.707
10.4881 -10.2492 338.873
9.65758 -10.2454 337.566
8.63881 -10.24 336.373
7.51745 -10.2406 335.48

4.24616 -9.2637 343.048
3.92836 -9.25309 342.485
3.57114 -9.24928 342.14
3.26773 -9.24178 341.737
2.80724 -9.22639 341.099
2.42321 -9.22595 340.976
2.02503 -9.22408 340.87
1.68891 -9.22441 340.957

5.18255 -9.27014 343.399
4.90775 -9.25853 342.687
4.57074 -9.25327 342.167
4.26063 -9.24482 341.618
3.77063 -9.2297 340.831
3.33218 -9.22882 340.559
2.85772 -9.2265 340.317
2.42444 -9.22683 340.28

6.11894 -9.27659 343.75
5.88714 -9.26398 342.889
5.57035 -9.25726 342.195
5.25354 -9.24786 341.499
4.73402 -9.23302 340.563
4.24116 -9.23169 340.142
3.69041 -9.22892 339.763
3.15997 -9.22924 339.602

7.05533 -9.28304 344.101
6.86653 -9.26942 343.091
6.56996 -9.26125 342.223
6.24645 -9.2509 341.38
5.6974 -9.23633 340.295
5.15014 -9.23455 339.725
4.5231 -9.23133 339.209
3.8955 -9.23166 338.925

7.99172 -9.28949 344.452
7.84592 -9.27487 343.293
7.56957 -9.26524 342.25
7.23936 -9.25394 341.262
6.66079 -9.23965 340.027
6.05911 -9.23742 339.308
5.35579 -9.23375 338.655
4.63102 -9.23407 338.247

8.92811 -9.29594 344.803
8.82531 -9.28032 343.495
8.56918 -9.26923 342.278
8.23226 -9.25699 341.143
7.62418 -9.24297 339.759
6.96809 -9.24029 338.891
6.18848 -9.23617 338.102
5.36655 -9.23649 337.57

9.8645 -9.30239 345.154
9.8047 -9.28576 343.696
9.56879 -9.27321 342.306
9.22517 -9.26003 341.024
8.58757 -9.24628 339.491
7.87707 -9.24315 338.475
7.02117 -9.23859 337.548
6.10208 -9.2389 336.892

10.8009 -9.30883 345.505
10.7841 -9.29121 343.898
10.5684 -9.2772 342.333
10.2181 -9.26307 340.905
9.55096 -9.2496 339.223
8.78604 -9.24602 338.058
7.85386 -9.241 336.994
6.83761 -9.24132 336.215

11.7373 -9.31528 345.856
11.7635 -9.29665 344.1
11.568 -9.28119 342.361
11.211 -9.26611 340.786
10.5143 -9.25292 338.955
9.69502 -9.24889 337.641
8.68655 -9.24342 336.44
7.57314 -9.24373 335.537

4.22354 -8.26705 343.127
3.91778 -8.25621 342.563
3.57309 -8.25196 342.213
3.28022 -8.24497 341.816
2.83346 -8.23009 341.181
2.46064 -8.22945 341.05
2.07276 -8.2275 340.938
1.7446 -8.22759 341.014

5.15993 -8.2735 343.478
4.89717 -8.26165 342.765
4.5727 -8.25595 342.241
4.27313 -8.24801 341.697
3.79685 -8.23341 340.913
3.36962 -8.23232 340.633
2.90545 -8.22992 340.384
2.48012 -8.23 340.337

6.09632 -8.27995 343.829
5.87656 -8.2671 342.967
5.57231 -8.25994 342.268
5.26603 -8.25105 341.578
4.76024 -8.23672 340.645
4.27859 -8.23519 340.217
3.73814 -8.23234 339.83
3.21565 -8.23242 339.659

7.03271 -8.2864 344.18
6.85595 -8.27254 343.169
6.57192 -8.26392 342.296
6.25894 -8.25409 341.459
5.72363 -8.24004 340.377
5.18757 -8.23806 339.8
4.57083 -8.23475 339.277
3.95118 -8.23483 338.982

7.9691 -8.29284 344.531
7.83533 -8.27799 343.371
7.57153 -8.26791 342.324
7.25185 -8.25714 341.34
6.68701 -8.24336 340.109
6.09655 -8.24092 339.383
5.40352 -8.23717 338.723
4.68671 -8.23725 338.304

8.90549 -8.29929 344.882
8.81472 -8.28343 343.573
8.57114 -8.2719 342.351
8.24475 -8.26018 341.222
7.6504 -8.24667 339.841
7.00552 -8.24379 338.966
6.23621 -8.23959 338.169
5.42224 -8.23966 337.627

9.84188 -8.30574 345.232
9.79411 -8.28888 343.775
9.57075 -8.27589 342.379
9.23766 -8.26322 341.103
8.61379 -8.24999 339.573
7.9145 -8.24666 338.549
7.0689 -8.242 337.615
6.15777 -8.24208 336.949

10.7783 -8.31219 345.583
10.7735 -8.29433 343.977
10.5704 -8.27988 342.406
10.2306 -8.26626 340.984
9.57718 -8.25331 339.305
8.82348 -8.24952 338.132
7.90159 -8.24442 337.062
6.8933 -8.24449 336.272

11.7147 -8.31864 345.934
11.7529 -8.29977 344.179
11.57 -8.28387 342.434
11.2235 -8.2693 340.865
10.5406 -8.25662 339.037
9.73245 -8.25239 337.716
8.73428 -8.24684 336.508
7.62883 -8.24691 335.594

