5.09073 -21.3676 298.28
4.57527 -21.3567 297.996
4.11154 -21.3456 297.759
3.56122 -21.3268 297.446
3.0725 -21.3513 297.829
2.60563 -21.3544 297.941
2.17224 -21.3583 298.132
1.78391 -21.3686 298.479
1.4892 -21.3795 298.867
1.18507 -21.389 299.316
0.980257 -21.3985 299.831

5.96944 -21.3249 298.756
5.52122 -21.3129 298.318
5.09236 -21.3022 297.949
4.55977 -21.2826 297.477
4.05951 -21.3047 297.675
3.55594 -21.307 297.633
3.06269 -21.3102 297.68
2.59325 -21.3199 297.893
2.19666 -21.3301 298.162
1.77273 -21.3392 298.509
1.43451 -21.3487 298.942

6.84814 -21.2823 299.231
6.46717 -21.2692 298.639
6.07318 -21.2587 298.139
5.55831 -21.2384 297.508
5.04653 -21.2581 297.522
4.50625 -21.2595 297.326
3.95313 -21.262 297.227
3.40259 -21.2712 297.308
2.90412 -21.2806 297.457
2.36038 -21.2893 297.701
1.88877 -21.2989 298.052

7.72684 -21.2396 299.707
7.41312 -21.2254 298.961
7.054 -21.2152 298.329
6.55686 -21.1942 297.539
6.03355 -21.2115 297.368
5.45656 -21.212 297.018
4.84358 -21.2139 296.775
4.21193 -21.2225 296.723
3.61158 -21.2312 296.752
2.94804 -21.2394 296.894
2.34303 -21.2492 297.163

8.60555 -21.1969 300.182
8.35907 -21.1816 299.282
8.03482 -21.1718 298.519
7.55541 -21.15 297.569
7.02056 -21.1649 297.214
6.40687 -21.1646 296.71
5.73403 -21.1657 296.322
5.02128 -21.1738 296.137
4.31904 -21.1818 296.047
3.53569 -21.1896 296.086
2.79728 -21.1994 296.273

9.48425 -21.1543 300.658
9.30502 -21.1379 299.603
9.01565 -21.1283 298.709
8.55395 -21.1059 297.6
8.00758 -21.1183 297.061
7.35718 -21.1171 296.403
6.62448 -21.1175 295.87
5.83062 -21.1251 295.552
5.0265 -21.1323 295.342
4.12334 -21.1397 295.279
3.25154 -21.1497 295.384

10.363 -21.1116 301.133
10.251 -21.0941 299.925
9.99647 -21.0848 298.899
9.5525 -21.0617 297.631
8.9946 -21.0717 296.907
8.30749 -21.0697 296.095
7.51493 -21.0694 295.417
6.63996 -21.0764 294.967
5.73396 -21.0829 294.637
4.711 -21.0898 294.471
3.7058 -21.0999 294.494

11.2417 -21.069 301.609
11.1969 -21.0503 300.246
10.9773 -21.0414 299.089
10.551 -21.0175 297.662
9.98161 -21.0251 296.753
9.25781 -21.0222 295.787
8.40538 -21.0212 294.964
7.44931 -21.0277 294.381
6.44142 -21.0335 293.932
5.29865 -21.04 293.663
4.16005 -21.0501 293.605

12.1204 -21.0263 302.084
12.1429 -21.0066 300.567
11.9581 -20.9979 299.279
11.5496 -20.9733 297.693
10.9686 -20.9786 296.599
10.2081 -20.9748 295.48
9.29582 -20.9731 294.512
8.25865 -20.979 293.796
7.14888 -20.9841 293.227
5.8863 -20.9901 292.856
4.61431 -21.0004 292.715

5.02074 -20.3708 298.32
4.51177 -20.36 298.048
4.0555 -20.3491 297.82
3.5145 -20.3317 297.533
3.03509 -20.3539 297.891
2.57884 -20.3573 298.012
2.15661 -20.3613 298.208
1.77974 -20.3716 298.556
1.49564 -20.3824 298.944
1.20315 -20.392 299.391
1.0088 -20.4014 299.901

5.89945 -20.3282 298.796
5.45772 -20.3163 298.369
5.03632 -20.3056 298.01
4.51305 -20.2875 297.564
4.0221 -20.3073 297.738
3.52915 -20.3099 297.704
3.04706 -20.3131 297.755
2.58908 -20.3229 297.97
2.2031 -20.333 298.239
1.7908 -20.3421 298.584
1.46306 -20.3516 299.012

6.77815 -20.2855 299.271
6.40367 -20.2725 298.69
6.01715 -20.2622 298.2
5.5116 -20.2433 297.595
5.00912 -20.2607 297.584
4.47946 -20.2624 297.397
3.93751 -20.265 297.302
3.39842 -20.2742 297.385
2.91056 -20.2836 297.534
2.37845 -20.2923 297.776
1.91732 -20.3018 298.123

7.65685 -20.2429 299.747
7.34962 -20.2287 299.012
6.99797 -20.2187 298.39
6.51014 -20.1991 297.625
5.99614 -20.2141 297.43
5.42977 -20.2149 297.089
4.82796 -20.2168 296.85
4.20777 -20.2255 296.8
3.61802 -20.2342 296.829
2.96611 -20.2424 296.968
2.37157 -20.2521 297.233

8.53555 -20.2002 300.222
8.29557 -20.185 299.333
7.97879 -20.1752 298.58
7.50869 -20.1549 297.656
6.98315 -20.1675 297.276
6.38008 -20.1675 296.781
5.7184 -20.1687 296.397
5.01711 -20.1768 296.214
4.32547 -20.1847 296.124
3.55376 -20.1925 296.161
2.82583 -20.2023 296.344

9.41426 -20.1575 300.698
9.24152 -20.1412 299.654
8.95961 -20.1318 298.77
8.50724 -20.1107 297.687
7.97017 -20.121 297.123
7.33039 -20.12 296.474
6.60885 -20.1205 295.945
5.82645 -20.1281 295.629
5.03293 -20.1353 295.419
4.14141 -20.1427 295.353
3.28009 -20.1525 295.454

10.293 -20.1149 301.173
10.1875 -20.0974 299.976
9.94043 -20.0883 298.96
9.50578 -20.0665 297.718
8.95718 -20.0744 296.969
8.2807 -20.0726 296.166
7.4993 -20.0724 295.492
6.63579 -20.0794 295.044
5.74039 -20.0859 294.714
4.72907 -20.0928 294.546
3.73434 -20.1028 294.565

11.1717 -20.0722 301.649
11.1334 -20.0537 300.297
10.9213 -20.0448 299.15
10.5043 -20.0224 297.749
9.9442 -20.0278 296.815
9.23102 -20.0251 295.858
8.38975 -20.0242 295.04
7.44514 -20.0307 294.459
6.44785 -20.0364 294.009
5.31672 -20.0429 293.738
4.1886 -20.053 293.675

12.0504 -20.0296 302.124
12.0794 -20.0099 300.618
11.9021 -20.0014 299.34
11.5029 -19.9782 297.78
10.9312 -19.9812 296.662
10.1813 -19.9776 295.551
9.2802 -19.976 294.587
8.25448 -19.9819 293.873
7.15531 -19.987 293.304
5.90438 -19.993 292.931
4.64286 -20.0033 292.786

4.95075 -19.3741 298.36
4.44827 -19.3634 298.099
3.99947 -19.3526 297.882
3.46778 -19.3365 297.62
2.99768 -19.3565 297.953
2.55205 -19.3602 298.083
2.14098 -19.3643 298.283
1.77557 -19.3746 298.633
1.50207 -19.3854 299.02
1.22122 -19.395 299.466
1.03735 -19.4042 299.972

5.82945 -19.3314 298.836
5.39422 -19.3196 298.42
4.98029 -19.3091 298.072
4.46633 -19.2923 297.651
3.98469 -19.3099 297.8
3.50236 -19.3127 297.775
3.03143 -19.3161 297.83
2.58491 -19.3259 298.048
2.20953 -19.336 298.315
1.80887 -19.3451 298.658
1.49161 -19.3545 299.082

6.70816 -19.2888 299.311
6.34016 -19.2758 298.742
5.96111 -19.2656 298.262
5.46488 -19.2482 297.681
4.97171 -19.2633 297.646
4.45267 -19.2653 297.468
3.92188 -19.2679 297.378
3.39425 -19.2772 297.462
2.91699 -19.2865 297.61
2.39652 -19.2952 297.851
1.94586 -19.3047 298.193

7.58686 -19.2461 299.787
7.28611 -19.2321 299.063
6.94193 -19.2222 298.452
6.46342 -19.204 297.712
5.95872 -19.2168 297.492
5.40298 -19.2178 297.16
4.81233 -19.2198 296.925
4.2036 -19.2285 296.877
3.62445 -19.2371 296.905
2.98418 -19.2453 297.043
2.40012 -19.255 297.303

8.46556 -19.2034 300.262
8.23206 -19.1883 299.384
7.92275 -19.1787 298.642
7.46197 -19.1598 297.743
6.94574 -19.1702 297.338
6.35329 -19.1704 296.852
5.70278 -19.1716 296.473
5.01294 -19.1798 296.292
4.33191 -19.1877 296.2
3.57183 -19.1955 296.236
2.85438 -19.2052 296.414

9.34427 -19.1608 300.738
9.17801 -19.1445 299.706
8.90357 -19.1352 298.832
8.46052 -19.1156 297.774
7.93276 -19.1236 297.185
7.3036 -19.1229 296.545
6.59323 -19.1235 296.02
5.82228 -19.1311 295.706
5.03937 -19.1382 295.495
4.15948 -19.1456 295.428
3.30863 -19.1554 295.524

10.223 -19.1181 301.213
10.124 -19.1008 300.027
9.8844 -19.0918 299.022
9.45906 -19.0714 297.805
8.91977 -19.077 297.031
8.25391 -19.0754 296.237
7.48367 -19.0753 295.568
6.63163 -19.0824 295.121
5.74683 -19.0888 294.79
4.74714 -19.0957 294.62
3.76289 -19.1057 294.635

11.1017 -19.0755 301.689
11.0699 -19.057 300.348
10.8652 -19.0483 299.212
10.4576 -19.0272 297.836
9.90679 -19.0304 296.877
9.20423 -19.028 295.929
8.37412 -19.0272 295.115
7.44097 -19.0336 294.536
6.45428 -19.0394 294.085
5.33479 -19.0459 293.813
4.21715 -19.0559 293.745

11.9804 -19.0328 302.164
12.0159 -19.0132 300.67
11.846 -19.0048 299.402
11.4562 -18.983 297.867
10.8938 -18.9838 296.724
10.1545 -18.9805 295.622
9.26457 -18.979 294.663
8.25031 -18.9849 293.95
7.16174 -18.9899 293.38
5.92245 -18.996 293.005
4.6714 -19.0061 292.856

4.88076 -18.3773 298.4
4.38476 -18.3667 298.15
3.94343 -18.356 297.943
3.42107 -18.3414 297.707
2.96027 -18.3592 298.015
2.52526 -18.3631 298.154
2.12536 -18.3672 298.358
1.7714 -18.3776 298.71
1.50851 -18.3883 299.097
1.23929 -18.3979 299.541
1.0659 -18.4071 300.042

5.75946 -18.3347 298.876
5.33071 -18.3229 298.471
4.92425 -18.3125 298.133
4.41961 -18.2972 297.737
3.94728 -18.3126 297.862
3.47557 -18.3156 297.846
3.01581 -18.3191 297.906
2.58074 -18.3289 298.125
2.21597 -18.3389 298.391
1.82694 -18.348 298.733
1.52015 -18.3574 299.153

6.63817 -18.292 299.351
6.27666 -18.2792 298.793
5.90507 -18.2691 298.323
5.41816 -18.253 297.768
4.9343 -18.266 297.708
4.42588 -18.2682 297.539
3.90625 -18.2709 297.453
3.39009 -18.2802 297.54
2.92342 -18.2895 297.686
2.41459 -18.2982 297.925
1.97441 -18.3076 298.263

7.51687 -18.2494 299.827
7.22261 -18.2354 299.114
6.8859 -18.2256 298.513
6.41671 -18.2088 297.799
5.92131 -18.2194 297.554
5.37619 -18.2207 297.231
4.7967 -18.2228 297.001
4.19943 -18.2315 296.954
3.63088 -18.24 296.981
3.00225 -18.2483 297.118
2.42867 -18.2578 297.374

8.39557 -18.2067 300.302
8.16856 -18.1916 299.435
7.86672 -18.1821 298.703
7.41525 -18.1647 297.83
6.90833 -18.1728 297.401
6.3265 -18.1733 296.923
5.68715 -18.1746 296.548
5.00877 -18.1828 296.369
4.33834 -18.1906 296.276
3.5899 -18.1984 296.31
2.88292 -18.2081 296.484

9.27427 -18.164 300.778
9.11451 -18.1479 299.757
8.84754 -18.1387 298.893
8.4138 -18.1205 297.861
7.89535 -18.1262 297.247
7.27681 -18.1258 296.616
6.5776 -18.1264 296.096
5.81811 -18.1341 295.784
5.0458 -18.1412 295.571
4.17756 -18.1486 295.503
3.33718 -18.1583 295.595

10.153 -18.1214 301.253
10.0605 -18.1041 300.078
9.82836 -18.0952 299.083
9.41235 -18.0763 297.892
8.88236 -18.0796 297.093
8.22713 -18.0783 296.308
7.46805 -18.0783 295.643
6.62746 -18.0853 295.198
5.75326 -18.0917 294.866
4.76521 -18.0987 294.695
3.79144 -18.1086 294.705

11.0317 -18.0787 301.728
11.0064 -18.0603 300.4
10.8092 -18.0517 299.273
10.4109 -18.0321 297.923
9.86938 -18.033 296.939
9.17744 -18.0309 296
8.35849 -18.0301 295.191
7.4368 -18.0366 294.613
6.46072 -18.0423 294.161
5.35286 -18.0488 293.888
4.24569 -18.0588 293.816

11.9104 -18.0361 302.204
11.9524 -18.0166 300.721
11.79 -18.0083 299.463
11.4094 -17.9879 297.953
10.8564 -17.9864 296.786
10.1277 -17.9834 295.693
9.24894 -17.982 294.738
8.24614 -17.9879 294.028
7.16818 -17.9929 293.456
5.94052 -17.999 293.08
4.69995 -18.009 292.926

4.81077 -17.3806 298.44
4.32126 -17.37 298.201
3.88739 -17.3595 298.004
3.37435 -17.3463 297.793
2.92285 -17.3618 298.077
2.49847 -17.366 298.225
2.10973 -17.3702 298.434
1.76723 -17.3806 298.787
1.51494 -17.3913 299.173
1.25736 -17.4009 299.615
1.09444 -17.41 300.113

5.68947 -17.3379 298.916
5.26721 -17.3263 298.523
4.86822 -17.316 298.194
4.3729 -17.3021 297.824
3.90987 -17.3152 297.924
3.44878 -17.3185 297.917
3.00018 -17.322 297.981
2.57657 -17.3319 298.202
2.2224 -17.3418 298.468
1.84501 -17.351 298.808
1.5487 -17.3603 299.223

6.56817 -17.2953 299.391
6.21316 -17.2825 298.844
5.84904 -17.2725 298.384
5.37144 -17.2579 297.855
4.89689 -17.2686 297.77
4.39909 -17.2711 297.61
3.89063 -17.2739 297.529
3.38592 -17.2832 297.617
2.92986 -17.2924 297.763
2.43266 -17.3011 298
2.00296 -17.3105 298.334

7.44688 -17.2526 299.867
7.15911 -17.2387 299.165
6.82986 -17.2291 298.574
6.36999 -17.2137 297.886
5.8839 -17.222 297.616
5.3494 -17.2236 297.302
4.78108 -17.2257 297.076
4.19526 -17.2345 297.031
3.63732 -17.243 297.058
3.02032 -17.2513 297.193
2.45721 -17.2607 297.444

8.32558 -17.2099 300.342
8.10506 -17.195 299.487
7.81068 -17.1856 298.764
7.36854 -17.1695 297.917
6.87092 -17.1754 297.463
6.29971 -17.1761 296.994
5.67152 -17.1776 296.623
5.0046 -17.1858 296.446
4.34478 -17.1935 296.353
3.60797 -17.2014 296.385
2.91147 -17.211 296.555

9.20428 -17.1673 300.817
9.05101 -17.1512 299.808
8.7915 -17.1421 298.954
8.36708 -17.1253 297.948
7.85794 -17.1288 297.309
7.25002 -17.1287 296.687
6.56197 -17.1294 296.171
5.81395 -17.137 295.861
5.05224 -17.1441 295.648
4.19563 -17.1515 295.577
3.36573 -17.1612 295.665

10.083 -17.1246 301.293
9.99695 -17.1074 300.129
9.77232 -17.0987 299.144
9.36563 -17.0812 297.979
8.84495 -17.0823 297.155
8.20034 -17.0812 296.379
7.45242 -17.0813 295.718
6.62329 -17.0883 295.275
5.75969 -17.0947 294.943
4.78328 -17.1017 294.77
3.81998 -17.1114 294.776

10.9617 -17.082 301.768
10.9429 -17.0637 300.451
10.7531 -17.0552 299.334
10.3642 -17.037 298.009
9.83197 -17.0357 297.001
9.15065 -17.0338 296.071
8.34287 -17.0331 295.266
7.43263 -17.0396 294.69
6.46715 -17.0452 294.238
5.37093 -17.0518 293.962
4.27424 -17.0617 293.886

11.8404 -17.0393 302.244
11.8889 -17.0199 300.772
11.734 -17.0117 299.524
11.3627 -16.9928 298.04
10.819 -16.9891 296.848
10.101 -16.9863 295.764
9.23332 -16.9849 294.813
8.24197 -16.9909 294.105
7.17461 -16.9958 293.533
5.95859 -17.0019 293.155
4.7285 -17.0119 292.997

4.74078 -16.3838 298.48
4.25775 -16.3734 298.252
3.83136 -16.3629 298.066
3.32763 -16.3511 297.88
2.88544 -16.3644 298.14
2.47168 -16.3689 298.296
2.0941 -16.3731 298.509
1.76306 -16.3836 298.865
1.52137 -16.3942 299.249
1.27543 -16.4038 299.69
1.12299 -16.4129 300.183

5.61948 -16.3412 298.956
5.2037 -16.3296 298.574
4.81218 -16.3194 298.256
4.32618 -16.307 297.911
3.87246 -16.3178 297.986
3.42199 -16.3214 297.989
2.98455 -16.325 298.056
2.5724 -16.3349 298.279
2.22883 -16.3448 298.544
1.86308 -16.354 298.882
1.57725 -16.3631 299.293

6.49818 -16.2985 299.431
6.14965 -16.2858 298.895
5.793 -16.276 298.446
5.32472 -16.2628 297.942
4.85948 -16.2712 297.832
4.3723 -16.2739 297.681
3.875 -16.2768 297.604
3.38175 -16.2862 297.694
2.93629 -16.2953 297.839
2.45074 -16.3041 298.075
2.0315 -16.3134 298.404

7.37689 -16.2559 299.906
7.0956 -16.2421 299.217
6.77382 -16.2325 298.636
6.32327 -16.2186 297.973
5.84649 -16.2246 297.678
5.32261 -16.2265 297.373
4.76545 -16.2287 297.151
4.19109 -16.2375 297.109
3.64375 -16.2459 297.134
3.03839 -16.2542 297.267
2.48576 -16.2636 297.514

8.25559 -16.2132 300.382
8.04155 -16.1983 299.538
7.75464 -16.1891 298.826
7.32182 -16.1744 298.004
6.83351 -16.1781 297.525
6.27292 -16.179 297.066
5.6559 -16.1805 296.699
5.00043 -16.1887 296.523
4.35121 -16.1965 296.429
3.62604 -16.2044 296.46
2.94002 -16.2139 296.625

9.13429 -16.1705 300.857
8.9875 -16.1545 299.859
8.73547 -16.1456 299.016
8.32036 -16.1302 298.035
7.82053 -16.1315 297.371
7.22323 -16.1316 296.758
6.54634 -16.1324 296.246
5.80978 -16.14 295.938
5.05867 -16.1471 295.724
4.2137 -16.1545 295.652
3.39427 -16.1641 295.736

10.013 -16.1279 301.333
9.93345 -16.1108 300.181
9.71629 -16.1021 299.206
9.31891 -16.086 298.065
8.80754 -16.0849 297.217
8.17355 -16.0841 296.45
7.43679 -16.0842 295.794
6.61912 -16.0913 295.353
5.76613 -16.0976 295.019
4.80135 -16.1046 294.845
3.84853 -16.1143 294.846

10.8917 -16.0852 301.808
10.8794 -16.067 300.502
10.6971 -16.0587 299.396
10.3175 -16.0418 298.096
9.79456 -16.0383 297.064
9.12386 -16.0366 296.143
8.32724 -16.0361 295.341
7.42846 -16.0426 294.767
6.47359 -16.0482 294.314
5.389 -16.0548 294.037
4.30279 -16.0646 293.957

11.7704 -16.0426 302.284
11.8253 -16.0232 300.823
11.6779 -16.0152 299.586
11.316 -15.9977 298.127
10.7816 -15.9917 296.91
10.0742 -15.9892 295.835
9.21769 -15.9879 294.889
8.23781 -15.9939 294.182
7.18105 -15.9988 293.609
5.97666 -16.0049 293.229
4.75704 -16.0148 293.067

4.67078 -15.3871 298.52
4.19425 -15.3767 298.304
3.77532 -15.3664 298.127
3.28091 -15.356 297.967
2.84803 -15.367 298.202
2.44489 -15.3717 298.367
2.07848 -15.3761 298.584
1.75889 -15.3866 298.942
1.52781 -15.3971 299.326
1.2935 -15.4068 299.765
1.15154 -15.4158 300.253

5.54949 -15.3444 298.995
5.1402 -15.3329 298.625
4.75614 -15.3229 298.317
4.27946 -15.3118 297.998
3.83505 -15.3205 298.048
3.3952 -15.3243 298.06
2.96893 -15.328 298.132
2.56824 -15.3379 298.356
2.23527 -15.3477 298.621
1.88115 -15.3569 298.957
1.60579 -15.366 299.364

6.42819 -15.3018 299.471
6.08615 -15.2892 298.946
5.73697 -15.2794 298.507
5.27801 -15.2676 298.029
4.82207 -15.2739 297.894
4.34551 -15.2768 297.752
3.85937 -15.2798 297.679
3.37758 -15.2892 297.771
2.94273 -15.2983 297.916
2.46881 -15.3071 298.15
2.06005 -15.3163 298.474

7.30689 -15.2591 299.946
7.0321 -15.2454 299.268
6.71779 -15.236 298.697
6.27655 -15.2235 298.06
5.80908 -15.2273 297.74
5.29582 -15.2294 297.444
4.74982 -15.2316 297.227
4.18692 -15.2404 297.186
3.65019 -15.2489 297.211
3.05646 -15.2572 297.342
2.51431 -15.2665 297.585

8.1856 -15.2164 300.422
7.97805 -15.2016 299.589
7.69861 -15.1925 298.887
7.2751 -15.1793 298.09
6.7961 -15.1807 297.587
6.24613 -15.1819 297.137
5.64027 -15.1835 296.774
4.99626 -15.1917 296.6
4.35764 -15.1994 296.506
3.64411 -15.2073 296.534
2.96856 -15.2167 296.695

9.0643 -15.1738 300.897
8.924 -15.1579 299.91
8.67943 -15.149 299.077
8.27365 -15.1351 298.121
7.78312 -15.1341 297.433
7.19644 -15.1345 296.829
6.53072 -15.1353 296.322
5.80561 -15.143 296.015
5.0651 -15.15 295.8
4.23177 -15.1574 295.727
3.42282 -15.167 295.806

9.943 -15.1311 301.373
9.86995 -15.1141 300.232
9.66025 -15.1056 299.267
9.27219 -15.0909 298.152
8.77013 -15.0875 297.279
8.14676 -15.087 296.521
7.42117 -15.0872 295.869
6.61495 -15.0943 295.43
5.77256 -15.1006 295.095
4.81942 -15.1076 294.919
3.87708 -15.1172 294.916

10.8217 -15.0885 301.848
10.8159 -15.0703 300.553
10.6411 -15.0621 299.457
10.2707 -15.0467 298.183
9.75715 -15.0409 297.126
9.09707 -15.0395 296.214
8.31161 -15.039 295.417
7.42429 -15.0456 294.845
6.48002 -15.0511 294.39
5.40707 -15.0577 294.112
4.33133 -15.0675 294.027

11.7004 -15.0458 302.324
11.7618 -15.0266 300.874
11.6219 -15.0186 299.647
11.2693 -15.0025 298.214
10.7442 -14.9943 296.972
10.0474 -14.9921 295.906
9.20206 -14.9909 294.964
8.23364 -14.9969 294.259
7.18748 -15.0017 293.685
5.99473 -15.0078 293.304
4.78559 -15.0177 293.137

4.60079 -14.3903 298.56
4.13074 -14.38 298.355
3.71929 -14.3698 298.188
3.2342 -14.3609 298.054
2.81062 -14.3697 298.264
2.4181 -14.3746 298.438
2.06285 -14.3791 298.66
1.75472 -14.3896 299.019
1.53424 -14.4001 299.402
1.31157 -14.4097 299.839
1.18008 -14.4187 300.324

5.4795 -14.3477 299.035
5.07669 -14.3363 298.676
4.70011 -14.3264 298.378
4.23274 -14.3167 298.085
3.79764 -14.3231 298.11
3.36841 -14.3272 298.131
2.9533 -14.3309 298.207
2.56407 -14.3409 298.434
2.2417 -14.3507 298.697
1.89922 -14.3599 299.032
1.63434 -14.3689 299.434

6.3582 -14.305 299.511
6.02264 -14.2925 298.998
5.68093 -14.2829 298.568
5.23129 -14.2725 298.116
4.78466 -14.2765 297.956
4.31872 -14.2797 297.823
3.84375 -14.2828 297.755
3.37341 -14.2922 297.848
2.94916 -14.3012 297.992
2.48688 -14.31 298.224
2.0886 -14.3192 298.545

7.2369 -14.2624 299.986
6.96859 -14.2487 299.319
6.66175 -14.2394 298.758
6.22984 -14.2283 298.146
5.77167 -14.2299 297.803
5.26903 -14.2323 297.515
4.73419 -14.2346 297.302
4.18275 -14.2434 297.263
3.65662 -14.2518 297.287
3.07453 -14.2601 297.417
2.54285 -14.2694 297.655

8.11561 -14.2197 300.462
7.91454 -14.205 299.64
7.64257 -14.196 298.948
7.22838 -14.1842 298.177
6.75869 -14.1833 297.649
6.21934 -14.1848 297.208
5.62464 -14.1865 296.849
4.9921 -14.1947 296.678
4.36408 -14.2024 296.582
3.66218 -14.2103 296.609
2.99711 -14.2196 296.766

8.99431 -14.177 300.937
8.86049 -14.1612 299.962
8.62339 -14.1525 299.138
8.22693 -14.14 298.208
7.74571 -14.1367 297.495
7.16965 -14.1373 296.9
6.51509 -14.1383 296.397
5.80144 -14.146 296.092
5.07154 -14.1529 295.877
4.24984 -14.1604 295.802
3.45137 -14.1699 295.876

9.87301 -14.1344 301.413
9.80644 -14.1174 300.283
9.60422 -14.109 299.328
9.22548 -14.0958 298.239
8.73272 -14.0901 297.341
8.11997 -14.0899 296.592
7.40554 -14.0901 295.944
6.61078 -14.0973 295.507
5.779 -14.1035 295.172
4.83749 -14.1105 294.994
3.90562 -14.1201 294.987

10.7517 -14.0917 301.888
10.7524 -14.0737 300.604
10.585 -14.0656 299.518
10.224 -14.0516 298.27
9.71974 -14.0436 297.188
9.07028 -14.0424 296.285
8.29599 -14.042 295.492
7.42012 -14.0486 294.922
6.48645 -14.0541 294.467
5.42515 -14.0607 294.186
4.35988 -14.0703 294.097

11.6304 -14.0491 302.364
11.6983 -14.0299 300.926
11.5659 -14.0221 299.708
11.2226 -14.0074 298.301
10.7068 -13.997 297.034
10.0206 -13.995 295.977
9.18644 -13.9938 295.039
8.22947 -13.9999 294.336
7.19391 -14.0046 293.762
6.0128 -14.0108 293.379
4.81414 -14.0206 293.208

4.5308 -13.3936 298.6
4.06724 -13.3833 298.406
3.66325 -13.3733 298.249
3.18748 -13.3658 298.141
2.77321 -13.3723 298.326
2.39131 -13.3775 298.509
2.04722 -13.382 298.735
1.75056 -13.3926 299.096
1.54068 -13.403 299.478
1.32964 -13.4127 299.914
1.20863 -13.4216 300.394

5.40951 -13.3509 299.075
5.01319 -13.3396 298.727
4.64407 -13.3298 298.439
4.18602 -13.3216 298.172
3.76023 -13.3257 298.172
3.34162 -13.3301 298.202
2.93767 -13.3339 298.282
2.5599 -13.3439 298.511
2.24814 -13.3536 298.773
1.91729 -13.3628 299.107
1.66289 -13.3718 299.505

6.28821 -13.3083 299.551
5.95914 -13.2958 299.049
5.62489 -13.2863 298.629
5.18457 -13.2774 298.202
4.74725 -13.2791 298.018
4.29193 -13.2826 297.894
3.82812 -13.2857 297.83
3.36924 -13.2951 297.926
2.95559 -13.3042 298.068
2.50495 -13.313 298.299
2.11714 -13.322 298.615

7.16691 -13.2656 300.026
6.90509 -13.2521 299.37
6.60572 -13.2429 298.819
6.18312 -13.2332 298.233
5.73426 -13.2325 297.865
5.24224 -13.2351 297.586
4.71857 -13.2376 297.377
4.17858 -13.2464 297.34
3.66305 -13.2547 297.363
3.0926 -13.2631 297.491
2.5714 -13.2723 297.726

8.04561 -13.223 300.502
7.85104 -13.2083 299.691
7.58654 -13.1994 299.009
7.18166 -13.189 298.264
6.72128 -13.1859 297.711
6.19255 -13.1877 297.279
5.60902 -13.1894 296.925
4.98793 -13.1977 296.755
4.37051 -13.2053 296.658
3.68025 -13.2132 296.684
3.02566 -13.2225 296.836

8.92432 -13.1803 300.977
8.79699 -13.1645 300.013
8.56736 -13.1559 299.199
8.18021 -13.1448 298.295
7.70829 -13.1394 297.557
7.14286 -13.1402 296.971
6.49946 -13.1413 296.472
5.79727 -13.149 296.17
5.07797 -13.1559 295.953
4.26791 -13.1634 295.876
3.47991 -13.1728 295.947

9.80302 -13.1376 301.453
9.74294 -13.1208 300.334
9.54818 -13.1125 299.389
9.17876 -13.1007 298.326
8.69531 -13.0928 297.403
8.09318 -13.0928 296.663
7.38991 -13.0931 296.02
6.60661 -13.1003 295.584
5.78543 -13.1064 295.248
4.85556 -13.1135 295.069
3.93417 -13.123 295.057

10.6817 -13.095 301.928
10.6889 -13.077 300.656
10.529 -13.069 299.579
10.1773 -13.0565 298.357
9.68233 -13.0462 297.25
9.04349 -13.0453 296.356
8.28036 -13.045 295.567
7.41596 -13.0516 294.999
6.49289 -13.057 294.543
5.44322 -13.0636 294.261
4.38843 -13.0732 294.168

11.5604 -13.0523 302.404
11.6348 -13.0332 300.977
11.5098 -13.0256 299.769
11.1759 -13.0123 298.388
10.6693 -12.9996 297.096
9.9938 -12.9979 296.048
9.17081 -12.9968 295.115
8.2253 -13.0029 294.414
7.20035 -13.0076 293.838
6.03087 -13.0138 293.454
4.84268 -13.0235 293.278

