-14.1124 -30.1648 249.251
-14.0305 -30.1194 248.638
-13.9604 -30.1025 248.339
-13.6886 -30.0527 247.601
-13.4413 -30.0141 247.147
-12.8694 -29.9624 246.421
-11.123 -29.8653 245.285
-10.9959 -29.8473 245.246
-10.2993 -29.8309 245.111
-9.85233 -29.8116 245.131

-13.3918 -30.1712 248.558
-13.2188 -30.1335 248.054
-13.1098 -30.1206 247.814
-12.7577 -30.0815 247.236
-12.4741 -30.0504 246.896
-11.8714 -30.0122 246.381
-10.2263 -29.9443 245.721
-10.1129 -29.9278 245.709
-9.50579 -29.9194 245.713
-9.12698 -29.9046 245.813

-12.6712 -30.1777 247.865
-12.4072 -30.1476 247.47
-12.2592 -30.1388 247.288
-11.8268 -30.1103 246.872
-11.5068 -30.0867 246.645
-10.8735 -30.062 246.341
-9.32968 -30.0232 246.156
-9.22981 -30.0083 246.171
-8.71233 -30.0079 246.316
-8.40163 -29.9976 246.495

-11.9506 -30.1842 247.171
-11.5956 -30.1617 246.886
-11.4086 -30.157 246.763
-10.8959 -30.1391 246.508
-10.5396 -30.123 246.393
-9.8755 -30.1118 246.301
-8.43302 -30.1022 246.592
-8.34675 -30.0888 246.633
-7.91886 -30.0965 246.918
-7.67628 -30.0906 247.177

-11.23 -30.1907 246.478
-10.784 -30.1758 246.302
-10.5581 -30.1751 246.237
-9.96497 -30.1679 246.144
-9.57233 -30.1592 246.142
-8.87754 -30.1616 246.261
-7.53636 -30.1811 247.028
-7.46369 -30.1693 247.096
-7.12539 -30.185 247.52
-6.95094 -30.1835 247.859

-10.5094 -30.1972 245.785
-9.97235 -30.1899 245.718
-9.70747 -30.1933 245.711
-9.03407 -30.1968 245.78
-8.60508 -30.1955 245.891
-7.87958 -30.2114 246.221
-6.6397 -30.26 247.463
-6.58063 -30.2498 247.558
-6.33192 -30.2735 248.122
-6.22559 -30.2765 248.542

-9.78884 -30.2037 245.091
-9.16072 -30.2039 245.134
-8.85688 -30.2115 245.186
-8.10318 -30.2256 245.416
-7.63784 -30.2318 245.64
-6.88162 -30.2612 246.181
-5.74304 -30.339 247.899
-5.69757 -30.3302 248.02
-5.53845 -30.362 248.724
-5.50024 -30.3695 249.224

-9.06824 -30.2101 244.398
-8.3491 -30.218 244.55
-8.0063 -30.2296 244.66
-7.17228 -30.2544 245.051
-6.6706 -30.2681 245.388
-5.88366 -30.3109 246.141
-4.84638 -30.4179 248.335
-4.81451 -30.4107 248.482
-4.74499 -30.4505 249.326
-4.7749 -30.4625 249.906

-8.34764 -30.2166 243.705
-7.53748 -30.2321 243.966
-7.15572 -30.2478 244.135
-6.24138 -30.2832 244.687
-5.70335 -30.3044 245.137
-4.88569 -30.3607 246.101
-3.94973 -30.4969 248.77
-3.93145 -30.4912 248.945
-3.95152 -30.539 249.928
-4.04955 -30.5554 250.588

-14.0383 -29.1698 249.319
-13.9576 -29.1251 248.715
-13.8886 -29.1084 248.421
-13.6213 -29.0593 247.694
-13.3781 -29.0211 247.247
-12.8155 -28.9698 246.529
-11.0984 -28.874 245.414
-10.9734 -28.856 245.376
-10.288 -28.8396 245.242
-9.84829 -28.8202 245.262

-13.3177 -29.1763 248.626
-13.146 -29.1392 248.131
-13.038 -29.1266 247.895
-12.6904 -29.0881 247.33
-12.4108 -29.0574 246.996
-11.8176 -29.0196 246.489
-10.2017 -28.9529 245.85
-10.0903 -28.9365 245.838
-9.49456 -28.9281 245.844
-9.12295 -28.9132 245.944

-12.5971 -29.1828 247.932
-12.3343 -29.1533 247.547
-12.1875 -29.1448 247.37
-11.7595 -29.1169 246.965
-11.4436 -29.0937 246.745
-10.8196 -29.0694 246.449
-9.30505 -29.0319 246.285
-9.20726 -29.017 246.3
-8.7011 -29.0166 246.446
-8.3976 -29.0062 246.626

-11.8765 -29.1893 247.239
-11.5227 -29.1673 246.963
-11.3369 -29.1629 246.844
-10.8286 -29.1458 246.601
-10.4764 -29.13 246.493
-9.82163 -29.1192 246.41
-8.40839 -29.1108 246.721
-8.3242 -29.0975 246.763
-7.90763 -29.1051 247.049
-7.67225 -29.0992 247.308

-11.1559 -29.1957 246.546
-10.7111 -29.1814 246.379
-10.4863 -29.1811 246.319
-9.89773 -29.1746 246.237
-9.50911 -29.1663 246.242
-8.82367 -29.169 246.37
-7.51173 -29.1898 247.157
-7.44114 -29.178 247.225
-7.11416 -29.1936 247.651
-6.94691 -29.1921 247.99

-10.4354 -29.2022 245.852
-9.89947 -29.1955 245.795
-9.6357 -29.1992 245.793
-8.96683 -29.2034 245.873
-8.54186 -29.2026 245.991
-7.8257 -29.2188 246.33
-6.61508 -29.2687 247.592
-6.55808 -29.2584 247.687
-6.32069 -29.2822 248.253
-6.22156 -29.2851 248.672

-9.71475 -29.2087 245.159
-9.08784 -29.2096 245.211
-8.78512 -29.2174 245.268
-8.03594 -29.2322 245.509
-7.57462 -29.2388 245.74
-6.82774 -29.2685 246.29
-5.71842 -29.3476 248.028
-5.67501 -29.3389 248.15
-5.52723 -29.3707 248.855
-5.49621 -29.3781 249.354

-8.99415 -29.2152 244.466
-8.27622 -29.2237 244.627
-7.93454 -29.2356 244.742
-7.10504 -29.261 245.145
-6.60738 -29.2751 245.488
-5.82978 -29.3183 246.25
-4.82176 -29.4266 248.464
-4.79195 -29.4194 248.612
-4.73376 -29.4592 249.457
-4.77086 -29.4711 250.037

-8.27356 -29.2217 243.773
-7.4646 -29.2378 244.043
-7.08395 -29.2537 244.217
-6.17414 -29.2899 244.781
-5.64014 -29.3114 245.237
-4.83182 -29.3681 246.21
-3.9251 -29.5055 248.899
-3.90889 -29.4999 249.074
-3.94029 -29.5477 250.059
-4.04552 -29.564 250.719

-13.9643 -28.1749 249.387
-13.8847 -28.1307 248.793
-13.8169 -28.1144 248.503
-13.5541 -28.0659 247.787
-13.3149 -28.0282 247.347
-12.7616 -27.9772 246.638
-11.0737 -27.8827 245.543
-10.9508 -27.8647 245.505
-10.2768 -27.8483 245.373
-9.84426 -27.8289 245.393

-13.2437 -28.1813 248.693
-13.0731 -28.1448 248.209
-12.9663 -28.1325 247.977
-12.6232 -28.0947 247.423
-12.3476 -28.0644 247.096
-11.7637 -28.027 246.598
-10.1771 -27.9616 245.979
-10.0678 -27.9452 245.968
-9.48333 -27.9368 245.975
-9.11891 -27.9218 246.075

-12.5231 -28.1878 248
-12.2614 -28.1589 247.625
-12.1157 -28.1507 247.452
-11.6923 -28.1236 247.059
-11.3804 -28.1007 246.845
-10.7657 -28.0768 246.558
-9.28043 -28.0405 246.414
-9.18471 -28.0257 246.43
-8.68987 -28.0253 246.577
-8.39357 -28.0148 246.757

-11.8025 -28.1943 247.307
-11.4498 -28.173 247.041
-11.2651 -28.1689 246.926
-10.7614 -28.1524 246.695
-10.4131 -28.137 246.593
-9.76775 -28.1266 246.518
-8.38377 -28.1195 246.85
-8.30165 -28.1062 246.892
-7.8964 -28.1138 247.18
-7.66822 -28.1078 247.439

-11.0819 -28.2008 246.614
-10.6382 -28.1871 246.457
-10.4145 -28.187 246.401
-9.83049 -28.1812 246.33
-9.44589 -28.1733 246.342
-8.76979 -28.1764 246.478
-7.48711 -28.1984 247.286
-7.41858 -28.1866 247.355
-7.10293 -28.2023 247.782
-6.94287 -28.2007 248.121

-10.3613 -28.2073 245.92
-9.82658 -28.2012 245.873
-9.56394 -28.2052 245.875
-8.8996 -28.21 245.966
-8.47865 -28.2096 246.091
-7.77183 -28.2261 246.438
-6.59045 -28.2774 247.721
-6.53552 -28.2671 247.817
-6.30946 -28.2908 248.384
-6.21753 -28.2937 248.803

-9.64067 -28.2138 245.227
-9.01496 -28.2153 245.289
-8.71336 -28.2233 245.35
-7.9687 -28.2388 245.602
-7.5114 -28.2459 245.84
-6.77387 -28.2759 246.399
-5.69379 -28.3563 248.157
-5.65246 -28.3476 248.279
-5.516 -28.3793 248.986
-5.49218 -28.3867 249.485

-8.92007 -28.2202 244.534
-8.20334 -28.2294 244.705
-7.86277 -28.2415 244.824
-7.0378 -28.2677 245.238
-6.54416 -28.2821 245.588
-5.77591 -28.3257 246.359
-4.79713 -28.4352 248.593
-4.7694 -28.4281 248.742
-4.72253 -28.4679 249.588
-4.76683 -28.4797 250.167

-8.19947 -28.2267 243.84
-7.39172 -28.2434 244.121
-7.01219 -28.2597 244.298
-6.10691 -28.2965 244.874
-5.57692 -28.3184 245.337
-4.77795 -28.3755 246.319
-3.90047 -28.5142 249.028
-3.88634 -28.5086 249.204
-3.92906 -28.5564 250.19
-4.04148 -28.5726 250.849

-13.8902 -27.1799 249.454
-13.8118 -27.1364 248.87
-13.7451 -27.1203 248.584
-13.4868 -27.0726 247.88
-13.2516 -27.0352 247.447
-12.7078 -26.9846 246.747
-11.0491 -26.8913 245.672
-10.9283 -26.8734 245.635
-10.2656 -26.8569 245.504
-9.84023 -26.8375 245.524

-13.1696 -27.1864 248.761
-13.0002 -27.1505 248.286
-12.8945 -27.1385 248.059
-12.5559 -27.1014 247.516
-12.2844 -27.0715 247.196
-11.7098 -27.0344 246.707
-10.1525 -26.9702 246.108
-10.0452 -26.9539 246.097
-9.47211 -26.9454 246.106
-9.11488 -26.9304 246.206

-12.449 -27.1929 248.068
-12.1886 -27.1646 247.702
-12.0439 -27.1566 247.533
-11.625 -27.1302 247.152
-11.3172 -27.1078 246.945
-10.7118 -27.0842 246.667
-9.2558 -27.0492 246.543
-9.16215 -27.0343 246.559
-8.67864 -27.034 246.708
-8.38953 -27.0234 246.888

-11.7284 -27.1994 247.375
-11.3769 -27.1787 247.118
-11.1933 -27.1748 247.008
-10.6941 -27.159 246.788
-10.3499 -27.144 246.693
-9.71388 -27.134 246.627
-8.35914 -27.1281 246.979
-8.27909 -27.1148 247.022
-7.88517 -27.1225 247.31
-7.66419 -27.1164 247.57

-11.0078 -27.2058 246.681
-10.5653 -27.1927 246.534
-10.3428 -27.193 246.482
-9.76325 -27.1878 246.424
-9.38267 -27.1803 246.442
-8.71592 -27.1837 246.587
-7.46248 -27.2071 247.415
-7.39603 -27.1953 247.484
-7.0917 -27.211 247.913
-6.93884 -27.2093 248.252

-10.2872 -27.2123 245.988
-9.7537 -27.2068 245.95
-9.49218 -27.2111 245.957
-8.83236 -27.2167 246.06
-8.41543 -27.2166 246.191
-7.71796 -27.2335 246.547
-6.56582 -27.286 247.85
-6.51297 -27.2758 247.946
-6.29824 -27.2995 248.515
-6.21349 -27.3023 248.934

-9.56658 -27.2188 245.295
-8.94208 -27.2209 245.366
-8.6416 -27.2293 245.431
-7.90146 -27.2455 245.695
-7.44818 -27.2529 245.94
-6.71999 -27.2833 246.507
-5.66917 -27.365 248.286
-5.62991 -27.3563 248.409
-5.50477 -27.388 249.117
-5.48815 -27.3953 249.616

-8.84598 -27.2253 244.601
-8.13046 -27.235 244.782
-7.79101 -27.2474 244.906
-6.97056 -27.2743 245.331
-6.48094 -27.2892 245.688
-5.72203 -27.3331 246.467
-4.77251 -27.4439 248.721
-4.74685 -27.4368 248.871
-4.7113 -27.4765 249.719
-4.7628 -27.4883 250.298

-8.12539 -27.2318 243.908
-7.31884 -27.2491 244.198
-6.94043 -27.2656 244.38
-6.03967 -27.3031 244.967
-5.5137 -27.3254 245.437
-4.72407 -27.3829 246.427
-3.87585 -27.5228 249.157
-3.86379 -27.5172 249.333
-3.91783 -27.565 250.321
-4.03745 -27.5812 250.98

-13.8161 -26.185 249.522
-13.7389 -26.1421 248.947
-13.6733 -26.1262 248.666
-13.4196 -26.0792 247.974
-13.1884 -26.0422 247.547
-12.6539 -25.992 246.856
-11.0245 -25.9 245.801
-10.9057 -25.8821 245.764
-10.2543 -25.8656 245.635
-9.8362 -25.8461 245.655

-13.0955 -26.1914 248.829
-12.9273 -26.1561 248.363
-12.8228 -26.1444 248.141
-12.4887 -26.108 247.609
-12.2212 -26.0785 247.296
-11.6559 -26.0418 246.816
-10.1278 -25.9789 246.237
-10.0227 -25.9625 246.227
-9.46088 -25.9541 246.237
-9.11085 -25.939 246.337

-12.3749 -26.1979 248.136
-12.1157 -26.1702 247.779
-11.9722 -26.1626 247.615
-11.5578 -26.1368 247.245
-11.2539 -26.1148 247.045
-10.658 -26.0916 246.776
-9.23117 -26.0578 246.672
-9.1396 -26.043 246.689
-8.66741 -26.0426 246.839
-8.3855 -26.032 247.019

-11.6543 -26.2044 247.442
-11.3041 -26.1843 247.195
-11.1216 -26.1807 247.09
-10.6269 -26.1657 246.881
-10.2867 -26.1511 246.793
-9.66 -26.1413 246.736
-8.33451 -26.1368 247.108
-8.25654 -26.1235 247.151
-7.87394 -26.1311 247.441
-7.66016 -26.125 247.701

-10.9337 -26.2109 246.749
-10.4924 -26.1984 246.611
-10.271 -26.1989 246.564
-9.69602 -26.1945 246.517
-9.31945 -26.1873 246.542
-8.66204 -26.1911 246.696
-7.43786 -26.2157 247.544
-7.37348 -26.204 247.614
-7.08047 -26.2197 248.044
-6.93481 -26.218 248.383

-10.2131 -26.2174 246.056
-9.68082 -26.2125 246.027
-9.42042 -26.2171 246.039
-8.76512 -26.2233 246.153
-8.35221 -26.2236 246.291
-7.66408 -26.2409 246.656
-6.5412 -26.2947 247.979
-6.49042 -26.2845 248.076
-6.28701 -26.3082 248.646
-6.20946 -26.3109 249.065

-9.4925 -26.2239 245.362
-8.8692 -26.2266 245.443
-8.56983 -26.2352 245.513
-7.83422 -26.2521 245.789
-7.38496 -26.2599 246.04
-6.66612 -26.2907 246.616
-5.64454 -26.3736 248.415
-5.60736 -26.365 248.538
-5.49354 -26.3967 249.248
-5.48411 -26.4039 249.747

-8.7719 -26.2303 244.669
-8.05758 -26.2407 244.859
-7.71925 -26.2534 244.988
-6.90333 -26.2809 245.425
-6.41772 -26.2962 245.788
-5.66816 -26.3405 246.576
-4.74788 -26.4525 248.85
-4.7243 -26.4454 249.001
-4.70007 -26.4852 249.85
-4.75877 -26.4969 250.429

-8.0513 -26.2368 243.976
-7.24596 -26.2548 244.275
-6.86866 -26.2716 244.462
-5.97243 -26.3098 245.06
-5.45048 -26.3325 245.537
-4.6702 -26.3903 246.536
-3.85122 -26.5315 249.286
-3.84124 -26.5259 249.463
-3.9066 -26.5737 250.452
-4.03342 -26.5898 251.111

-13.742 -25.19 249.59
-13.666 -25.1477 249.025
-13.6016 -25.1322 248.748
-13.3524 -25.0858 248.067
-13.1252 -25.0492 247.647
-12.6 -24.9994 246.964
-10.9999 -24.9086 245.93
-10.8832 -24.8907 245.894
-10.2431 -24.8743 245.766
-9.83217 -24.8547 245.785

-13.0214 -25.1965 248.897
-12.8544 -25.1618 248.441
-12.751 -25.1503 248.223
-12.4215 -25.1146 247.703
-12.158 -25.0855 247.396
-11.6021 -25.0492 246.924
-10.1032 -24.9876 246.366
-10.0001 -24.9712 246.356
-9.44965 -24.9628 246.368
-9.10682 -24.9476 246.467

-12.3008 -25.203 248.203
-12.0428 -25.1759 247.857
-11.9004 -25.1685 247.697
-11.4906 -25.1435 247.339
-11.1907 -25.1218 247.145
-10.6041 -25.0989 246.884
-9.20655 -25.0665 246.801
-9.11705 -25.0517 246.818
-8.65618 -25.0513 246.97
-8.38147 -25.0406 247.15

-11.5802 -25.2095 247.51
-11.2312 -25.19 247.273
-11.0498 -25.1867 247.171
-10.5597 -25.1723 246.974
-10.2235 -25.1581 246.893
-9.60613 -25.1487 246.845
-8.30989 -25.1454 247.237
-8.23399 -25.1322 247.281
-7.86271 -25.1398 247.572
-7.65612 -25.1336 247.832

-10.8596 -25.2159 246.817
-10.4196 -25.2041 246.689
-10.1992 -25.2048 246.646
-9.62878 -25.2011 246.61
-9.25623 -25.1944 246.642
-8.60817 -25.1985 246.805
-7.41323 -25.2244 247.673
-7.35093 -25.2127 247.743
-7.06925 -25.2283 248.174
-6.93078 -25.2266 248.514

-10.139 -25.2224 246.123
-9.60794 -25.2182 246.105
-9.34865 -25.223 246.12
-8.69788 -25.2299 246.246
-8.28899 -25.2306 246.391
-7.61021 -25.2483 246.765
-6.51657 -25.3033 248.108
-6.46787 -25.2931 248.205
-6.27578 -25.3168 248.777
-6.20543 -25.3195 249.196

-9.41841 -25.2289 245.43
-8.79632 -25.2322 245.521
-8.49807 -25.2412 245.595
-7.76698 -25.2587 245.882
-7.32174 -25.2669 246.14
-6.61224 -25.2981 246.725
-5.61991 -25.3823 248.544
-5.58481 -25.3736 248.668
-5.48231 -25.4054 249.379
-5.48008 -25.4125 249.878

-8.69781 -25.2354 244.737
-7.9847 -25.2463 244.937
-7.64749 -25.2593 245.069
-6.83609 -25.2876 245.518
-6.3545 -25.3032 245.888
-5.61428 -25.3479 246.685
-4.72326 -25.4612 248.979
-4.70175 -25.4541 249.13
-4.68884 -25.4939 249.981
-4.75473 -25.5055 250.56

-7.97722 -25.2419 244.043
-7.17308 -25.2604 244.352
-6.7969 -25.2775 244.544
-5.90519 -25.3164 245.154
-5.38726 -25.3395 245.637
-4.61632 -25.3977 246.645
-3.8266 -25.5401 249.415
-3.81869 -25.5346 249.592
-3.89538 -25.5824 250.583
-4.02939 -25.5985 251.242

-13.6679 -24.1951 249.658
-13.5932 -24.1534 249.102
-13.5298 -24.1381 248.83
-13.2851 -24.0925 248.16
-13.062 -24.0563 247.747
-12.5461 -24.0068 247.073
-10.9752 -23.9173 246.059
-10.8606 -23.8994 246.023
-10.2319 -23.8829 245.897
-9.82813 -23.8633 245.916

-12.9473 -24.2015 248.964
-12.7815 -24.1675 248.518
-12.6792 -24.1563 248.304
-12.3542 -24.1213 247.796
-12.0947 -24.0925 247.496
-11.5482 -24.0565 247.033
-10.0786 -23.9962 246.495
-9.97756 -23.9799 246.486
-9.43842 -23.9715 246.499
-9.10279 -23.9562 246.598

-12.2267 -24.208 248.271
-11.9699 -24.1816 247.934
-11.8286 -24.1744 247.779
-11.4233 -24.1501 247.432
-11.1275 -24.1288 247.245
-10.5502 -24.1063 246.993
-9.18192 -24.0752 246.93
-9.0945 -24.0604 246.948
-8.64495 -24.06 247.101
-8.37744 -24.0492 247.28

-11.5061 -24.2145 247.578
-11.1583 -24.1956 247.35
-10.9781 -24.1926 247.253
-10.4924 -24.1789 247.068
-10.1603 -24.1651 246.993
-9.55225 -24.1561 246.953
-8.28526 -24.1541 247.366
-8.21144 -24.1409 247.41
-7.85148 -24.1485 247.703
-7.65209 -24.1422 247.962

-10.7855 -24.221 246.884
-10.3467 -24.2097 246.766
-10.1275 -24.2108 246.728
-9.56154 -24.2077 246.704
-9.19301 -24.2014 246.742
-8.55429 -24.2059 246.913
-7.3886 -24.233 247.801
-7.32838 -24.2213 247.873
-7.05802 -24.237 248.305
-6.92674 -24.2352 248.645

-10.0649 -24.2275 246.191
-9.53506 -24.2238 246.182
-9.27689 -24.2289 246.202
-8.63064 -24.2366 246.339
-8.22577 -24.2377 246.491
-7.55633 -24.2557 246.873
-6.49195 -24.312 248.237
-6.44532 -24.3018 248.335
-6.26455 -24.3255 248.908
-6.2014 -24.3281 249.327

-9.34433 -24.234 245.498
-8.72344 -24.2379 245.598
-8.42631 -24.2471 245.677
-7.69975 -24.2654 245.975
-7.25852 -24.2739 246.24
-6.55837 -24.3055 246.834
-5.59529 -24.3909 248.673
-5.56226 -24.3823 248.797
-5.47108 -24.414 249.51
-5.47605 -24.4211 250.009

-8.62373 -24.2404 244.804
-7.91182 -24.252 245.014
-7.57572 -24.2653 245.151
-6.76885 -24.2942 245.611
-6.29128 -24.3102 245.988
-5.56041 -24.3553 246.794
-4.69863 -24.4699 249.108
-4.6792 -24.4628 249.26
-4.67761 -24.5025 250.112
-4.7507 -24.5141 250.691

-7.90313 -24.2469 244.111
-7.1002 -24.2661 244.43
-6.72514 -24.2834 244.626
-5.83795 -24.323 245.247
-5.32404 -24.3465 245.737
-4.56245 -24.4051 246.754
-3.80197 -24.5488 249.544
-3.79614 -24.5433 249.722
-3.88415 -24.5911 250.714
-4.02536 -24.6071 251.373

-13.5938 -23.2001 249.725
-13.5203 -23.159 249.179
-13.458 -23.144 248.912
-13.2179 -23.0991 248.253
-12.9988 -23.0633 247.847
-12.4923 -23.0142 247.182
-10.9506 -22.9259 246.188
-10.8381 -22.9081 246.153
-10.2207 -22.8916 246.028
-9.8241 -22.8719 246.047

-12.8732 -23.2066 249.032
-12.7087 -23.1731 248.595
-12.6075 -23.1622 248.386
-12.287 -23.1279 247.889
-12.0315 -23.0996 247.596
-11.4943 -23.0639 247.142
-10.054 -23.0049 246.624
-9.95501 -22.9886 246.615
-9.42719 -22.9801 246.63
-9.09875 -22.9649 246.729

-12.1526 -23.2131 248.339
-11.897 -23.1872 248.011
-11.7569 -23.1804 247.861
-11.3561 -23.1567 247.525
-11.0643 -23.1358 247.345
-10.4963 -23.1137 247.102
-9.1573 -23.0838 247.059
-9.07195 -23.0691 247.077
-8.63372 -23.0686 247.232
-8.37341 -23.0578 247.411

-11.432 -23.2196 247.645
-11.0854 -23.2013 247.427
-10.9063 -23.1985 247.335
-10.4252 -23.1855 247.161
-10.097 -23.1721 247.093
-9.49838 -23.1635 247.062
-8.26064 -23.1628 247.495
-8.18889 -23.1495 247.54
-7.84026 -23.1572 247.834
-7.64806 -23.1508 248.093

-10.7114 -23.226 246.952
-10.2738 -23.2154 246.843
-10.0557 -23.2167 246.81
-9.4943 -23.2144 246.797
-9.12979 -23.2084 246.842
-8.50042 -23.2133 247.022
-7.36398 -23.2417 247.93
-7.30583 -23.23 248.002
-7.04679 -23.2457 248.436
-6.92271 -23.2438 248.775

-9.99084 -23.2325 246.259
-9.46218 -23.2295 246.259
-9.20513 -23.2349 246.284
-8.56341 -23.2432 246.433
-8.16255 -23.2447 246.591
-7.50246 -23.2631 246.982
-6.46732 -23.3206 248.366
-6.42277 -23.3105 248.464
-6.25332 -23.3342 249.038
-6.19736 -23.3367 249.457

-9.27024 -23.239 245.565
-8.65056 -23.2436 245.675
-8.35454 -23.253 245.758
-7.63251 -23.272 246.068
-7.19531 -23.281 246.34
-6.5045 -23.3129 246.942
-5.57066 -23.3996 248.802
-5.53971 -23.391 248.927
-5.45985 -23.4227 249.641
-5.47202 -23.4297 250.14

-8.54964 -23.2455 244.872
-7.83894 -23.2576 245.091
-7.50396 -23.2712 245.233
-6.70161 -23.3008 245.704
-6.22806 -23.3172 246.088
-5.50653 -23.3627 246.902
-4.674 -23.4785 249.237
-4.65665 -23.4715 249.389
-4.66639 -23.5112 250.243
-4.74667 -23.5227 250.822

-7.82904 -23.252 244.179
-7.02732 -23.2717 244.507
-6.65338 -23.2894 244.707
-5.77072 -23.3296 245.34
-5.26082 -23.3535 245.837
-4.50857 -23.4125 246.862
-3.77734 -23.5575 249.673
-3.77359 -23.552 249.851
-3.87292 -23.5997 250.845
-4.02132 -23.6157 251.504

-13.5197 -22.2052 249.793
-13.4474 -22.1647 249.257
-13.3863 -22.15 248.993
-13.1506 -22.1057 248.347
-12.9355 -22.0703 247.947
-12.4384 -22.0215 247.291
-10.926 -21.9346 246.317
-10.8155 -21.9168 246.282
-10.2094 -21.9003 246.159
-9.82007 -21.8805 246.178

-12.7991 -22.2116 249.1
-12.6358 -22.1788 248.672
-12.5357 -22.1681 248.468
-12.2198 -22.1345 247.982
-11.9683 -22.1066 247.696
-11.4404 -22.0713 247.251
-10.0293 -22.0135 246.752
-9.93246 -21.9973 246.745
-9.41596 -21.9888 246.761
-9.09472 -21.9735 246.86

-12.0785 -22.2181 248.406
-11.8242 -22.1929 248.088
-11.6851 -22.1863 247.942
-11.2889 -22.1634 247.618
-11.0011 -22.1429 247.445
-10.4425 -22.1211 247.211
-9.13267 -22.0925 247.188
-9.0494 -22.0777 247.207
-8.62249 -22.0773 247.363
-8.36937 -22.0664 247.542

-11.3579 -22.2246 247.713
-11.0125 -22.207 247.504
-10.8345 -22.2045 247.417
-10.358 -22.1922 247.254
-10.0338 -22.1791 247.193
-9.44451 -22.1709 247.171
-8.23601 -22.1714 247.624
-8.16634 -22.1582 247.669
-7.82903 -22.1658 247.965
-7.64403 -22.1594 248.224

-10.6374 -22.2311 247.02
-10.2009 -22.221 246.92
-9.98395 -22.2226 246.891
-9.42706 -22.221 246.89
-9.06657 -22.2154 246.942
-8.44654 -22.2207 247.131
-7.33935 -22.2503 248.059
-7.28328 -22.2387 248.132
-7.03556 -22.2543 248.567
-6.91868 -22.2524 248.906

-9.91675 -22.2376 246.326
-9.3893 -22.2351 246.336
-9.13337 -22.2408 246.366
-8.49617 -22.2498 246.526
-8.09933 -22.2517 246.691
-7.44858 -22.2705 247.091
-6.44269 -22.3293 248.495
-6.40022 -22.3192 248.594
-6.24209 -22.3429 249.169
-6.19333 -22.3454 249.588

-9.19616 -22.244 245.633
-8.57768 -22.2492 245.752
-8.28278 -22.259 245.84
-7.56527 -22.2786 246.162
-7.13209 -22.288 246.44
-6.45062 -22.3203 247.051
-5.54604 -22.4082 248.931
-5.51716 -22.3997 249.056
-5.44862 -22.4314 249.771
-5.46799 -22.4383 250.27

-8.47556 -22.2505 244.94
-7.76606 -22.2633 245.168
-7.4322 -22.2771 245.315
-6.63437 -22.3075 245.798
-6.16484 -22.3243 246.188
-5.45266 -22.3701 247.011
-4.64938 -22.4872 249.366
-4.6341 -22.4802 249.519
-4.65516 -22.5199 250.374
-4.74264 -22.5313 250.952

-7.75496 -22.257 244.246
-6.95444 -22.2774 244.584
-6.58161 -22.2953 244.789
-5.70348 -22.3363 245.433
-5.1976 -22.3605 245.937
-4.4547 -22.4199 246.971
-3.75272 -22.5661 249.802
-3.75103 -22.5606 249.981
-3.86169 -22.6084 250.976
-4.01729 -22.6243 251.635

